Time,Theta
0.00833333377,0.0582185052
0.0166666675,0.0578267016
0.0250000022,0.057452254
0.0333333351,0.0572331697
0.0416666679,0.0570305288
0.0500000007,0.0569826216
0.0583333336,0.0559110045
0.0666666701,0.0548539422
0.075000003,0.0539484248
0.0833333358,0.0530544929
0.0916666687,0.0523094013
0.100000001,0.051573433
0.108333334,0.0509840921
0.116666667,0.0504018553
0.125,0.0499645025
0.13333334,0.0495327041
0.141666681,0.0492444821
0.150000021,0.0489607193
0.158333361,0.0488196611
0.166666701,0.0476421304
0.175000042,0.0464667417
0.183333382,0.0454304032
0.191666722,0.0443928763
0.200000063,0.0434913002
0.208333403,0.0425856262
0.216666743,0.0418131724
0.225000083,0.0410340875
0.233333424,0.0403859243
0.241666764,0.0397289619
0.250000089,0.0392009541
0.258333415,0.0386623628
0.26666674,0.038251128
0.275000066,0.0378278606
0.283333391,0.0375307016
0.291666716,0.0372204222
0.300000042,0.0370353274
0.308333367,0.0357954428
0.316666692,0.0345399454
0.325000018,0.0334056914
0.333333343,0.0322522148
0.341666669,0.0312165692
0.349999994,0.0301584043
0.358333319,0.0292149223
0.366666645,0.0282459147
0.37499997,0.0273887236
0.383333296,0.0265032593
0.391666621,0.0257269982
0.399999946,0.0249199606
0.408333272,0.0242197495
0.416666597,0.0234864987
0.424999923,0.0228579249
0.433333248,0.0221942514
0.441666573,0.0216333177
0.449999899,0.0210354421
0.458333224,0.0205385722
0.466666549,0.0200031158
0.474999875,0.0195671078
0.4833332,0.0190910473
0.491666526,0.0187130664
0.499999851,0.0182937458
0.508333206,0.0179713089
0.516666532,0.0176064093
0.524999857,0.0173373595
0.533333182,0.017024897
0.541666508,0.0168074071
0.549999833,0.0165457036
0.558333158,0.0163782518
0.566666484,0.0161659364
0.574999809,0.0160473045
0.583333135,0.0158833023
0.59166646,0.0158125516
0.599999785,0.0146544734
0.608333111,0.0134490402
0.616666436,0.0123333056
0.624999762,0.0111667318
0.633333087,0.010086433
0.641666412,0.00895192102
0.649999738,0.00790036749
0.658333063,0.0067913197
0.666666389,0.00576199032
0.674999714,0.00467195595
0.683333039,0.00365846488
0.691666365,0.00258111279
0.69999969,0.0015771708
0.708333015,0.000506245939
0.716666341,-0.000494378677
0.724999666,-0.00156509224
0.733332992,-0.00256860955
0.741666317,-0.00364532438
0.749999642,-0.00361620961
0.758332968,-0.00352307782
0.766666293,-0.00350467605
0.774999619,-0.00342208892
0.783332944,-0.00341407978
0.791666269,-0.00334174815
0.799999595,-0.00334387319
0.80833292,-0.00328156957
0.816666245,-0.0032936323
0.824999571,-0.00324118976
0.833332896,-0.00326305139
0.841666222,-0.00322036142
0.849999547,-0.00325194397
0.858332872,-0.00321895722
0.866666198,-0.00326023973
0.874999523,-0.00323696434
0.883332849,-0.00328798406
0.891666174,-0.00327448733
0.899999499,-0.00333534065
0.908332825,-0.00333174737
0.91666615,-0.00340258912
0.924999475,-0.00340908347
0.933332801,-0.00349012786
0.941666126,-0.00350695546
0.949999452,-0.00359847979
0.958332777,-0.00362594845
0.966666102,-0.00372829125
0.974999428,-0.0037667721
0.983332753,-0.00388033642
0.991666079,-0.00393026555
0.999999404,-0.00405552238
1.00833273,-0.00411740597
1.01666605,-0.00425489619
1.02499938,-0.00432931073
1.03333271,-0.00447964901
1.04166603,-0.00456724735
1.04999936,-0.00473112427
1.05833268,-0.00483263656
1.06666601,-0.00501082325
1.07499933,-0.00512706442
1.08333266,-0.00532042049
1.09166598,-0.00545229297
1.09999931,-0.00566176698
1.10833263,-0.00581026776
1.11666596,-0.00603690511
1.12499928,-0.00620312989
1.13333261,-0.00644807657
1.14166594,-0.00663322723
1.14999926,-0.00689774239
1.15833259,-0.00710313302
1.16666591,-0.00738859084
1.17499924,-0.00761565706
1.18333256,-0.00792355835
1.19166589,-0.00817386806
1.19999921,-0.00850584637
1.20833254,-0.00878110249
1.21666586,-0.00913893431
1.22499919,-0.00944099389
1.23333251,-0.00982661545
1.24166584,-0.0101574901
1.24999917,-0.0105729969
1.25833249,-0.0109348753
1.26666582,-0.0113825481
1.27499914,-0.0117778033
1.28333247,-0.012260112
1.29166579,-0.0126913143
1.29999912,-0.0132109392
1.30833244,-0.01368088
1.31666577,-0.0142407194
1.32499909,-0.014752415
1.33333242,-0.0153556094
1.34166574,-0.0159123261
1.34999907,-0.0165622756
1.3583324,-0.017167557
1.36666572,-0.0178679451
1.37499905,-0.0185256135
1.38333237,-0.0192804188
1.3916657,-0.0189530961
1.39999902,-0.0185847841
1.40833235,-0.0183137897
1.41666567,-0.018000843
1.424999,-0.0177843347
1.43333232,-0.017525075
1.44166565,-0.0173615329
1.44999897,-0.0171546005
1.4583323,-0.0170428306
1.46666563,-0.016887188
1.47499895,-0.0168263
1.48333228,-0.0167212058
1.4916656,-0.0167106222
1.49999893,-0.01665565
1.50833225,-0.0166950691
1.51666558,-0.0166900847
1.5249989,-0.0167795513
1.53333223,-0.0168247297
1.54166555,-0.0169645492
1.54999888,-0.0170603544
1.5583322,-0.0172511525
1.56666553,-0.0173983611
1.57499886,-0.0176410638
1.58333218,-0.017840758
1.59166551,-0.0181365982
1.59999883,-0.0183901638
1.60833216,-0.0187407024
1.61666548,-0.0190498717
1.62499881,-0.0194569863
1.63333213,-0.0198238008
1.64166546,-0.0202897172
1.64999878,-0.020716574
1.65833211,-0.0212438647
1.66666543,-0.0217335261
1.67499876,-0.0223251395
1.68333209,-0.0218392834
1.69166541,-0.0213167891
1.69999874,-0.0208957102
1.70833206,-0.02043657
1.71666539,-0.0200775228
1.72499871,-0.0196791776
1.73333204,-0.0193797909
1.74166536,-0.0190400556
1.74999869,-0.0187983084
1.75833201,-0.018515341
1.76666534,-0.0183295757
1.77499866,-0.0181018729
1.78333199,-0.017970752
1.79166532,-0.0177971534
1.79999864,-0.0177196693
1.80833197,-0.0175993275
1.81666529,-0.017574802
1.82499862,-0.0175071917
1.83333194,-0.0175352581
1.84166527,-0.0175201762
1.84999859,-0.0176007859
1.85833192,-0.0176383387
1.86666524,-0.0177717581
1.87499857,-0.0178623684
1.88333189,-0.0180491712
1.89166522,-0.0181935821
1.89999855,-0.0184346791
1.90833187,-0.0186339561
1.9166652,-0.0189305693
1.92499852,-0.0191861
1.93333185,-0.0195397921
1.94166517,-0.0198533088
1.9499985,-0.0202659816
1.95833182,-0.0206395611
1.96666515,-0.0211134702
1.97499847,-0.0215495508
1.9833318,-0.0220873132
1.99166512,-0.0215472523
1.99999845,-0.020970121
2.00833178,-0.0204938892
2.01666522,-0.019979002
2.02499866,-0.0195635241
2.03333211,-0.0191079862
2.04166555,-0.018750554
2.049999,-0.0183518343
2.05833244,-0.0180500783
2.06666589,-0.0177059863
2.07499933,-0.0174578931
2.08333278,-0.0171665568
2.09166622,-0.0169704091
2.09999967,-0.0167302843
2.10833311,-0.0165846851
2.11666656,-0.0163945314
2.125,-0.0162983947
2.13333344,-0.0161572695
2.14166689,-0.0161098056
2.15000033,-0.0160170682
2.15833378,-0.0160177741
2.16666722,-0.0159730613
2.17500067,-0.0160217229
2.18333411,-0.0160249621
2.19166756,-0.0161216501
2.200001,-0.0161730628
2.20833445,-0.0163181443
2.21666789,-0.0164182391
2.22500134,-0.0166123696
2.23333478,-0.0167619437
2.24166822,-0.0170060638
2.25000167,-0.0172062162
2.25833511,-0.0175015703
2.26666856,-0.0177536998
2.275002,-0.0181018468
2.28333545,-0.0184076633
2.29166889,-0.0188104678
2.30000234,-0.0181304645
2.30833578,-0.0174082741
2.31666923,-0.0167816654
2.32500267,-0.0161108449
2.33333611,-0.0155336643
2.34166956,-0.0149103887
2.350003,-0.0143789481
2.35833645,-0.0137996804
2.36666989,-0.0133105814
2.37500334,-0.012772046
2.38333678,-0.012322139
2.39167023,-0.0118213128
2.40000367,-0.0114076836
2.40833712,-0.0109417597
2.41667056,-0.0105617149
2.42500401,-0.0101281004
2.43333745,-0.00977914222
2.44167089,-0.00937544182
2.45000434,-0.00905526709
2.45833778,-0.00867925864
2.46667123,-0.0083857337
2.47500467,-0.00803536735
2.48333812,-0.00776651595
2.49167156,-0.00743989367
2.50000501,-0.00719389133
2.50833845,-0.00688925805
2.5166719,-0.00666441815
2.52500534,-0.00638015056
2.53333879,-0.00617491174
2.54167223,-0.00590950856
2.55000567,-0.00572242821
2.55833912,-0.00547450269
2.56667256,-0.00530424761
2.57500601,-0.00507251825
2.58333945,-0.00491785491
2.5916729,-0.00470113708
2.60000634,-0.00456092693
2.60833979,-0.00435812585
2.61667323,-0.00423131697
2.62500668,-0.00404142309
2.63334012,-0.0039270455
2.64167356,-0.00374912424
2.65000701,-0.00364628015
2.65834045,-0.0034794712
2.6666739,-0.00338733406
2.67500734,-0.00323084183
2.68334079,-0.00314864842
2.69167423,-0.00300174137
2.70000768,-0.00292878877
2.70834112,-0.00279079215
2.71667457,-0.00272643263
2.72500801,-0.00259672524
2.73334146,-0.00254036346
2.7416749,-0.00241837394
2.75000834,-0.00236946181
2.75834179,-0.0022546649
2.76667523,-0.00221269927
2.77500868,-0.00210461323
2.78334212,-0.00206913357
2.79167557,-0.00196731836
2.80000901,-0.00193790242
2.80834246,-0.00184195291
2.8166759,-0.00181821454
2.82500935,-0.00172776286
2.83334279,-0.00170935085
2.84167624,-0.00162406149
2.85000968,-0.0016106558
2.85834312,-0.00153022434
2.86667657,-0.00152153568
2.87501001,-0.00144568703
2.88334346,-0.00144145405
2.8916769,-0.0013699407
2.90001035,-0.00136992906
2.90834379,-0.00130252948
2.91667724,-0.00130653032
2.92501068,-0.00124304777
2.93334413,-0.00125087588
2.94167757,-0.00119113701
2.95001101,-0.00120263058
2.95834446,-0.0011464844
2.9666779,-0.00116150337
2.97501135,-0.00110882067
2.98334479,-0.00112724619
2.99167824,-0.00107791834
3.00001168,-0.00109965261
3.00834513,-0.00105359172
3.01667857,-0.00107855559
3.02501202,-0.00103569229
3.03334546,-0.00106382719
3.04167891,-0.0010241128
3.05001235,-0.00105537835
3.05834579,-0.00101878168
3.06667924,-0.00105315691
3.07501268,-0.0010196662
3.08334613,-0.00105714845
3.09167957,-0.00102677045
3.10001302,-0.00106737576
3.10834646,-0.00104013563
3.11667991,-0.00108389882
3.12501335,-0.00105984148
3.1333468,-0.00110681611
3.14168024,-0.00108600408
3.15001369,-0.00113626325
3.15834713,-0.0011187793
3.16668057,-0.00117241556
3.17501402,-0.00115836307
3.18334746,-0.00121548935
3.19168091,-0.00120499101
3.20001435,-0.00126574107
3.2083478,-0.00125894172
3.21668124,-0.00132347131
3.22501469,-0.00132053741
3.23334813,-0.00138902478
3.24168158,-0.00139014667
3.25001502,-0.00146279309
3.25834846,-0.00146818464
3.26668191,-0.00154521747
3.27501535,-0.00155511801
3.2833488,-0.00163679011
3.29168224,-0.00165146659
3.30001569,-0.00173805864
3.30834913,-0.00175780687
3.31668258,-0.00184962922
3.32501602,-0.00187477423
3.33334947,-0.00197216845
3.34168291,-0.0020030688
3.35001636,-0.00210641022
3.3583498,-0.00214345753
3.36668324,-0.00225315569
3.37501669,-0.00229677954
3.38335013,-0.00241328357
3.39168358,-0.00246395264
3.40001702,-0.00258775172
3.40835047,-0.00264597731
3.41668391,-0.00277760462
3.42501736,-0.00284394249
3.4333508,-0.00298397802
3.44168425,-0.00305903237
3.45001769,-0.00320810592
3.45835114,-0.00329253357
3.46668458,-0.00345132942
3.47501802,-0.0035458433
3.48335147,-0.00371510442
3.49168491,-0.00382047775
3.50001836,-0.00400100788
3.5083518,-0.00411807839
3.51668525,-0.0043107518
3.52501869,-0.00444042776
3.53335214,-0.00464618951
3.54168558,-0.00478945533
3.55001903,-0.00500932755
3.55835247,-0.00516724773
3.56668591,-0.00540233962
3.57501936,-0.00557606574
3.5833528,-0.00582757639
3.59168625,-0.00601835828
3.60001969,-0.00628758315
3.60835314,-0.00649676705
3.61668658,-0.00678510917
3.62502003,-0.00701415492
3.63335347,-0.00732313376
3.64168692,-0.00757361948
3.65002036,-0.00790487416
3.65835381,-0.00817850884
3.66668725,-0.00853381678
3.67502069,-0.00883244257
3.68335414,-0.00921371672
3.69168758,-0.00849762186
3.70002103,-0.00772489375
3.70835447,-0.00703325542
3.71668792,-0.00628278637
3.72502136,-0.00561124319
3.73335481,-0.00487873517
3.74168825,-0.00422304869
3.7500217,-0.00350431353
3.75835514,-0.00286033866
3.76668859,-0.00215127086
3.77502203,-0.00151493505
3.78335547,-0.000811488542
3.79168892,-0.000178765491
3.80002236,0.00052307162
3.80835581,0.00115618564
3.81668925,0.00186041486
3.8250227,0.00145616813
3.83335614,0.000984700862
3.84168959,0.000584194786
3.85002303,0.000115160758
3.85835648,0.000757543836
3.86668992,0.00147044414
3.87502337,0.00107428222
3.88335681,0.000610326475
3.89169025,0.000216770248
3.9000237,-0.000245865551
3.90835714,0.000402374222
3.91669059,0.00112059794
3.92502403,0.0007292339
3.93335748,0.000269558514
3.94169092,-0.000120228433
3.95002437,-0.000579600513
3.95835781,7.14020643e-05
3.96669126,0.00079189206
3.9750247,0.000402301142
3.98335814,-5.60913904e-05
3.99169159,-0.000445083599
4.0000248,-0.000904148095
4.008358,-0.000253324746
4.01669121,0.000466499128
4.02502441,7.57541493e-05
4.03335762,-0.00038428203
4.04169083,0.000266349525
4.05002403,0.000986760715
4.05835724,0.000597383361
4.06669044,0.000139496755
4.07502365,-0.00024869648
4.08335686,-0.00070666743
4.09169006,-5.44543582e-05
4.10002327,0.000667057291
4.10835648,0.000278300751
4.11668968,-0.000179443639
4.12502289,-0.000567972776
4.13335609,-0.00102675846
4.1416893,-0.000375840027
4.15002251,0.000343895314
4.15835571,-4.71219682e-05
4.16668892,-0.000507614692
4.17502213,0.000142375487
4.18335533,0.00086195959
4.19168854,0.000471567939
4.20002174,1.24785638e-05
4.20835495,-0.000377107674
4.21668816,-0.000836664112
4.22502136,-0.000186231249
4.23335457,0.000533302722
4.24168777,0.000142368051
4.25002098,-0.000317757978
4.25835419,0.000332883501
4.26668739,0.00105340465
4.2750206,0.000664236955
4.28335381,0.000206660261
4.29168701,-0.000181122421
4.30002022,-0.000638581812
4.30835342,1.42450153e-05
4.31668663,0.000736473477
4.32501984,0.000348537811
4.33335304,-0.000108280394
4.34168625,-0.000495776592
4.35001945,-0.000953420997
4.35835266,-0.000301251624
4.36668587,0.000419846328
4.37501907,3.03054658e-05
4.38335228,-0.000428594882
4.39168549,0.000223105919
4.40001869,0.000944521744
4.4083519,0.000556085492
4.4166851,9.90779154e-05
4.42501831,-0.000288296957
4.43335152,-0.000745509053
4.44168472,-9.25954591e-05
4.45001793,0.000629559625
4.45835114,0.000241390066
4.46668434,-0.000215822714
4.47501755,-0.000603874796
4.48335075,-0.00106223719
4.49168396,-0.000410949026
4.50001717,0.00030910346
4.50835037,-8.16488173e-05
4.51668358,-0.000541928341
4.52501678,0.000108223452
4.53334999,0.00082791812
4.5416832,0.00043758619
4.5500164,-2.14947104e-05
4.55834961,-0.000411123416
4.56668282,-0.000870773336
4.57501602,-0.000220485104
4.58334923,0.0004988531
4.59168243,0.000107671047
4.60001564,-0.000352754316
4.60834885,0.000297535327
4.61668205,0.00101765152
4.62501526,0.000628025271
4.63334846,0.000169935796
4.64168167,-0.000218414643
4.65001488,-0.000676497584
4.65834808,-2.43510876e-05
4.66668129,0.000697139301
4.6750145,0.000308406627
4.6833477,-0.000149268701
4.69168091,-0.000537683547
4.70001411,-0.000996309682
4.70834732,-0.000345185894
4.71668053,0.000374800846
4.72501373,-1.59186966e-05
4.73334694,-0.000476067013
4.74168015,0.000174314817
4.75001335,0.000894338242
4.75834656,0.000504434633
4.76667976,4.58823961e-05
4.77501297,-0.00034311667
4.78334618,-0.000802035152
4.79167938,-0.000150912441
4.80001259,0.00056936458
4.80834579,0.000179227034
4.816679,-0.000280046836
4.82501221,-0.000670256151
4.83334541,-0.00113087508
4.84167862,-0.000481946045
4.85001183,0.00023564107
4.85834503,-0.000157686489
4.86667824,-0.000620655017
4.87501144,2.66900461e-05
4.88334465,0.00074345601
4.89167786,0.000350068905
4.90001106,-0.000112197915
4.90834427,0.000536611013
4.91667747,0.00125560514
4.92501068,0.000865214097
4.93334389,0.00040671532
4.94167709,1.83105622e-05
4.9500103,-0.000439471682
4.95834351,0.000213330874
4.96667671,0.000935833436
4.97500992,0.000548470824
4.98334312,9.25252898e-05
4.99167633,-0.000293797435
5.00000954,-0.000749965722
5.00834274,-9.60150501e-05
5.01667595,0.000627172005
5.02500916,0.000240030931
5.03334236,-0.000216155429
5.04167557,-0.000603181659
5.05000877,-0.00106051727
5.05834198,-0.000408199674
5.06667519,0.000312886375
5.07500839,-7.68267491e-05
5.0833416,-0.000536059844
5.0916748,0.000115147071
5.10000801,0.000835907122
5.10834122,0.000446652208
5.11667442,-1.13380211e-05
5.12500763,-0.000399860961
5.13334084,-0.000858388434
5.14167404,-0.000206959347
5.15000725,0.000513539999
5.15834045,0.000123541031
5.16667366,-0.000335677672
5.17500687,0.00031584414
5.18334007,0.00103722
5.19167328,0.000648883113
5.20000648,0.000192113876
5.20833969,-0.000194883265
5.2166729,-0.00065157772
5.2250061,1.99437636e-06
5.23333931,0.000724949816
5.24167252,0.000337723643
5.25000572,-0.00011840136
5.25833893,-0.000505219796
5.26667213,-0.000962200866
5.27500534,-0.00030938111
5.28333855,0.000412355148
5.29167175,2.34412873e-05
5.30000496,-0.000434842455
5.30833817,0.000217465611
5.31667137,0.000939479854
5.32500458,0.000551634468
5.33333778,9.52109549e-05
5.34167099,-0.000291585806
5.3500042,-0.000748224964
5.3583374,-9.47423323e-05
5.36667061,0.000627978472
5.37500381,0.000240372407
5.38333702,-0.000216278437
5.39167023,-0.000603769324
5.40000343,-0.0010615706
5.40833664,-0.000409719942
5.41666985,0.000310896488
5.42500305,-7.9289166e-05
5.43333626,-0.000538998633
5.44166946,0.000111727575
5.45000267,0.000832001795
5.45833588,0.000442255259
5.46666908,-1.62331835e-05
5.47500229,-0.000405261642
5.48333549,-0.000864302565
5.4916687,-0.000213395775
5.50000191,0.000506571261
5.50833511,0.000116029449
5.51666832,-0.000343743188
5.52500153,0.0003072127
5.53333473,0.00102800957
5.54166794,0.000639079837
5.55000114,0.000181703028
5.55833435,-0.000205917167
5.56666756,-0.00066325115
5.57500076,-1.0335847e-05
5.58333397,0.000711944187
5.59166718,0.000324023189
5.60000038,-0.000132817178
5.60833359,-0.000520372414
5.61666679,-0.000978112803
5.625,-0.000326076377
5.63333321,0.00039485158
5.64166641,5.10326208e-06
5.64999962,-0.000454042311
5.65833282,0.00019737515
5.66666603,0.000918468751
5.67499924,0.000529671321
5.68333244,7.22629848e-05
5.69166565,-0.00031555281
5.69999886,-0.000773246575
5.70833206,-0.000120856166
5.71666527,0.000600733154
5.72499847,0.00021195467
5.73333168,-0.000245910953
5.74166489,-0.000634660886
5.74999809,-0.00109376723
5.7583313,-0.000443269993
5.76666451,0.000275943166
5.77499771,-0.000115698102
5.78333092,-0.000576917606
5.79166412,7.22418772e-05
5.79999733,0.00079089019
5.80833054,0.000399456447
5.81666374,-6.07833681e-05
5.82499695,-0.000451629778
5.83333015,-0.000912557938
5.84166336,-0.000263610476
5.84999657,0.000454322493
5.85832977,6.16685429e-05
5.86666298,-0.000400297547
5.87499619,0.000248380355
5.88332939,0.000966811203
5.8916626,0.000575423706
5.8999958,0.000115494156
5.90832901,-0.000274777849
5.91666222,-0.000734866655
5.92499542,-8.48134005e-05
5.93332863,0.000634493073
5.94166183,0.000243482616
5.94999504,-0.000216567467
5.95832825,-0.000607457652
5.96666145,-0.0010686632
5.97499466,-0.000420227414
5.98332787,0.000296959101
5.99166107,-9.66771186e-05
5.99999428,-0.000559862878
6.00832748,8.73560639e-05
6.01666069,0.000804086856
6.0249939,0.000410755456
6.0333271,-5.13647465e-05
6.04166031,0.000597682025
6.04999352,0.00131700537
6.05832672,0.000927035406
6.06665993,0.000469050574
6.07499313,8.12529979e-05
6.08332634,-0.000375827804
6.09165955,-0.00076398754
6.09999275,-0.00122269779
6.10832596,-0.000571997836
6.11665916,0.000147224913
6.12499237,-0.000244599592
6.13332558,-0.000706195482
6.14165878,-5.7606172e-05
6.14999199,0.000660277263
6.1583252,0.000267882511
6.1666584,-0.000193515109
6.17499161,0.000456041074
6.18332481,0.00117566145
6.19165802,0.000785776763
6.19999123,0.000327665213
6.20832443,-6.04708985e-05
6.21665764,-0.000518102723
6.22499084,0.000134732254
6.23332405,0.000857149484
6.24165726,0.000469583611
6.24999046,1.33165249e-05
6.25832367,-0.000373446441
6.26665688,-0.000830174424
6.27499008,-0.000176903632
6.28332329,0.000545482326
6.29165649,0.000157417744
6.2999897,-0.000299815933
6.30832291,-0.000688014785
6.31665611,-0.00114664994
6.32498932,-0.000495760876
6.33332253,0.000223765179
6.34165573,-0.000167641454
6.34998894,-0.000628704089
6.35832214,2.05347387e-05
6.36665535,0.000739184848
6.37498856,0.000347675174
6.38332176,-0.000112718073
6.39165497,-0.000503795745
6.39998817,-0.000965033541
6.40832138,-0.000316474412
6.41665459,0.00040099083
6.42498779,7.7892073e-06
6.433321,-0.000454805297
6.44165421,0.000193162414
6.44998741,0.000910800416
6.45832062,0.000518536079
6.46665382,5.76444581e-05
6.47498703,-0.000333676202
6.48332024,-0.000794901804
6.49165344,-0.000146075297
6.49998665,0.000571912678
6.50831985,0.000179490075
6.51665306,-0.00028206798
6.52498627,0.000367195054
6.53331947,0.00108638906
6.54165268,0.000695944065
6.54998589,0.000237137661
6.55831909,-0.000151828892
6.5666523,-0.000610427931
6.5749855,4.13014859e-05
6.58331871,0.000762473093
6.59165192,0.000373519608
6.59998512,-8.42789013e-05
6.60831833,-0.000472719403
6.61665154,-0.000931273506
6.62498474,-0.000279980362
6.63331795,0.000440273405
6.64165115,4.99189191e-05
6.64998436,-0.00040976546
6.65831757,0.000241179572
6.66665077,0.000961866521
6.67498398,0.000572727469
6.68331718,0.000115042167
6.69165039,-0.000272986421
6.6999836,-0.000730829255
6.7083168,-7.85243028e-05
6.71665001,0.000643043313
6.72498322,0.000254306651
6.73331642,-0.000203453819
6.74164963,-0.00059203495
6.74998283,-0.0010509087
6.75831604,-0.000400114513
6.76664925,0.000319460552
6.77498245,-7.17536022e-05
6.78331566,-0.000532480073
6.79164886,0.000117239018
6.79998207,0.000836514344
6.80831528,0.000445775891
6.81664848,-1.36991048e-05
6.82498169,-0.000403710175
6.8333149,-0.000863731373
6.8416481,-0.000213803956
6.84998131,0.000505183532
6.85831451,0.000113660324
6.86664772,-0.000347097201
6.87498093,0.000302868808
6.88331413,0.00102266937
6.89164734,0.000632735435
6.89998055,0.000174345099
6.90831375,-0.000214299551
6.91664696,-0.000672670372
6.92498016,-2.08060665e-05
6.93331337,0.000700407429
6.94164658,0.000311402691
6.94997978,-0.000146540144
6.95831299,-0.00053521822
6.96664619,-0.000994103844
6.9749794,-0.000343236519
6.98331261,0.00037649661
6.99164581,-1.44740479e-05
6.99997902,-0.000474871311
7.00831223,0.000175263413
7.01664543,0.000895041623
7.02497864,0.000504893716
7.03331184,4.60979827e-05
7.04164505,-0.00034314426
7.04997826,-0.000802305993
7.05831146,-0.000151426735
7.06664467,0.000568605785
7.07497787,0.000178222574
7.08331108,-0.000281298155
7.09164429,0.000370003167
7.09997749,0.00109123951
7.1083107,0.000702844176
7.11664391,0.000246097334
7.12497711,-0.000140796532
7.13331032,-0.000597306527
7.14164352,5.65314185e-05
7.14997673,0.000779834343
7.15830994,0.000393037917
7.16664314,-6.25744578e-05
7.17497635,-0.000448796491
7.18330956,-0.000905096531
7.19164276,-0.000251510181
7.19997597,0.000471079198
7.20830917,8.31063589e-05
7.21664238,-0.000374146912
7.22497559,-0.000762476644
7.23330879,-0.00122135459
7.241642,-0.000570820412
7.2499752,0.00014823844
7.25830841,-0.000243748596
7.26664162,-0.000705505721
7.27497482,-5.70765114e-05
7.28330803,0.000660647696
7.29164124,0.000268094416
7.29997444,-0.000193461718
7.30830765,0.000455936097
7.31664085,0.00117539777
7.32497406,0.000785353594
7.33330727,0.000327082205
7.34164047,-6.12146905e-05
7.34997368,-0.000519008317
7.35830688,0.000133663649
7.36664009,0.000855916238
7.3749733,0.000468183775
7.3833065,1.17480886e-05
7.39163971,-0.00037518586
7.39997292,-0.000832087477
7.40830612,-0.000178993258
7.41663933,0.000543212809
7.42497253,0.0001549648
7.43330574,-0.000302455883
7.44163895,-0.000690845656
7.44997215,-0.00114967604
7.45830536,-0.000498986803
7.46663857,0.000220334929
7.47497177,-0.000171281223
7.48330498,-0.000632558833
7.49163818,1.64591547e-05
7.49997139,0.000734882371
7.5083046,0.0003431394
7.5166378,-0.000117493822
7.52497101,-0.000508818543
7.53330421,-0.000970310881
7.54163742,-0.000322014064
7.54997063,0.00039518089
7.55830383,1.70036219e-06
7.56663704,-0.000461182179
7.57497025,0.000186488032
7.58330345,0.000903818465
7.59163666,0.000511236023
7.59996986,5.00154092e-05
7.60830307,-0.000341645646
7.61663628,-0.000803223578
7.62496948,-0.00015476199
7.63330269,0.000562848349
7.64163589,0.000170034516
7.6499691,-0.000291929115
7.65830231,0.00035691369
7.66663551,0.00107567222
7.67496872,0.000684775528
7.68330193,0.000225501033
7.69163513,-0.000163951088
7.69996834,-0.000623053988
7.70830154,2.81527973e-05
7.71663475,0.000748782244
7.72496796,0.000359266269
7.73330116,-9.91159832e-05
7.74163437,-0.000488162477
7.74996758,-0.000947345688
7.75830078,-0.00029670581
7.76663399,0.00042286978
7.77496719,3.18111597e-05
7.7833004,-0.000428604661
7.79163361,0.000221580791
7.79996681,0.000941478822
7.80830002,0.000551520498
7.81663322,9.29840971e-05
7.82496643,-0.000295928621
7.83329964,-0.000754689914
7.84163284,-0.000103339094
7.84996605,0.000617237121
7.85829926,0.000227470475
7.86663246,-0.000231360144
7.87496567,-0.000621053157
7.88329887,-0.00108108215
7.89163208,-0.000431488297
7.89996529,0.000286839117
7.90829849,-0.000105671526
7.9166317,-0.000567745068
7.9249649,8.0574122e-05
7.93329811,0.000798394787
7.94163132,0.000406144507
7.94996452,-5.49014694e-05
7.95829773,-0.000446545135
7.96663094,-0.000908262969
7.97496414,-0.000260098692
7.98329735,0.000457056187
7.99163055,6.36283803e-05
7.99996376,-0.000399108627
8.00829697,0.000248800148
8.01663017,0.000966462481
8.02496338,0.000574305945
8.03329659,0.000113605936
8.04162979,-0.000277439249
8.049963,-0.000738305156
8.0582962,-8.90340743e-05
8.06662941,0.000629484188
8.07496262,0.00023767809
8.08329582,-0.000223176263
8.09162903,0.000426878687
8.09996223,0.00114695414
8.10829544,0.000757481321
8.11662865,0.000299739331
8.12496185,-8.80691296e-05
8.13329506,-0.00054541463
8.14162827,0.000107665706
8.14996147,0.000830287521
8.15829468,0.000442885968
8.16662788,-1.32568439e-05
8.17496109,-0.000399935438
8.1832943,-0.000856618746
8.1916275,-0.000203342948
8.19996071,0.000519008317
8.20829391,0.000130869259
8.21662712,-0.000326478621
8.22496033,-0.00071483152
8.23329353,-0.00117366121
8.24162674,-0.000523007242
8.24995995,0.000196242981
8.25829315,-0.000195480694
8.26662636,-0.000656901859
8.27495956,-8.06402386e-06
8.28329277,0.000710142427
8.29162598,0.000318145641
8.29995918,-0.000142779041
8.30829239,-0.000534433115
8.3166256,-0.000996293034
8.3249588,-0.000348403119
8.33329201,0.000368345354
8.34162521,-2.562183e-05
8.34995842,-0.000489031838
8.35829163,0.000158069073
8.36662483,0.000874787744
8.37495804,0.000481550233
8.38329124,1.96301735e-05
8.39162445,-0.000372775801
8.39995766,-0.000835145183
8.40829086,-0.000187522819
8.41662407,0.00052919914
8.42495728,0.000135446549
8.43329048,-0.000327507587
8.44162369,0.000320291379
8.44995689,0.00103795098
8.4582901,0.000645899447
8.46662331,0.000185411263
8.47495651,-0.000205314442
8.48328972,-0.000665752683
8.49162292,-1.59452175e-05
8.49995613,0.000703218626
8.50828934,0.000312168617
8.51662254,-0.000147818297
8.52495575,-0.000538542226
8.53328896,-0.000999478158
8.54162216,-0.00035066891
8.54995537,0.000366995315
8.55828857,-2.60581655e-05
8.56662178,-0.00048855535
8.57495499,0.000159459072
8.58328819,0.000877093233
8.5916214,0.000484774559
8.59995461,2.37778622e-05
8.60828781,-0.000367698638
8.61662102,-0.000829130935
8.62495422,-0.000180562507
8.63328743,0.000537115731
8.64162064,0.000144331148
8.64995384,-0.00031764165
8.65828705,0.000331153424
8.66662025,0.00104982557
8.67495346,0.00065880391
8.68328667,0.000199365095
8.69161987,-0.000190290506
8.69995308,-0.00064963632
8.70828629,1.28793181e-06
8.71661949,0.000721594261
8.7249527,0.000331714342
8.7332859,-0.000127073363
8.74161911,-0.000516567205
8.74995232,-0.000976240379
8.75828552,-0.000326133653
8.76661873,0.000392864371
8.77495193,1.18324897e-06
8.78328514,-0.000459900824
8.79161835,0.00018956956
8.79995155,0.000908704649
8.80828476,0.000517934037
8.81661797,5.85352318e-05
8.82495117,-0.000331291463
8.83328438,-0.000791019644
8.84161758,-0.000140689983
8.84995079,0.000578809413
8.858284,0.000187908445
8.8666172,-0.000272115605
8.87495041,0.000378696277
8.88328362,0.00109945622
8.89161682,0.000710596505
8.89995003,0.000253397389
8.90828323,-0.000133937792
8.91661644,-0.000590878946
8.92494965,6.25376415e-05
8.93328285,0.000785428158
8.94161606,0.000398227916
8.94994926,-5.77805622e-05
8.95828247,-0.000444391539
8.96661568,-0.000901073858
8.97494888,-0.000247863703
8.98328209,0.000474354834
8.9916153,8.60161745e-05
8.9999485,-0.000371598522
9.00828171,-0.000760285999
9.01661491,-0.00121951825
9.02494812,-0.000569335534
9.03328133,0.000149374158
9.04161453,-0.000242960246
9.04994774,-0.000705063459
9.05828094,-5.6979683e-05
9.06661415,0.000660399441
9.07494736,0.000267500815
9.08328056,-0.000194401262
9.09161377,0.000454649155
9.09994698,0.00117376156
9.10828018,0.000783366035
9.11661339,0.000324740045
9.12494659,-6.39148784e-05
9.1332798,-0.000522070564
9.14161301,0.000130234737
9.14994621,0.000852115452
9.15827942,0.000464005367
9.16661263,7.18589854e-06
9.17494583,-0.000380138605
9.18327904,-0.000837437925
9.19161224,-0.000184749442
9.19994545,0.000537042331
9.20827866,0.000148370891
9.21661186,-0.000309483148
9.22494507,-0.000698316784
9.23327827,-0.0011576023
9.24161148,-0.000507379998
9.24994469,0.000211462335
9.25827789,-0.000180646341
9.2666111,-0.000642430445
9.27494431,6.06634421e-06
9.28327751,0.000723952777
9.29161072,0.000331656687
9.29994392,-0.000129546912
9.30827713,0.000520299189
9.31661034,0.00124030595
9.32494354,0.000850904384
9.33327675,0.000393373513
9.34160995,5.9165468e-06
9.34994316,-0.000450936699
9.35827637,-0.000838981709
9.36660957,-0.00129768974
9.37494278,-0.000647100038
9.38327599,7.18998563e-05
9.39160919,-0.000320260471
9.3999424,-0.000782305608
9.4082756,-0.000134279777
9.41660881,0.000582925451
9.42494202,0.00018973682
9.43327522,-0.000272572041
9.44160843,0.000375954551
9.44994164,0.00109442556
9.45827484,0.000703269558
9.46660805,0.00024376309
9.47494125,-0.000145893573
9.48327446,-0.0006051737
9.49160767,4.5882538e-05
9.49994087,0.000766388141
9.50827408,0.000376774609
9.51660728,-8.16791362e-05
9.52494049,-0.00047077096
9.5332737,-0.000929973379
9.5416069,-0.000279326836
9.54994011,0.000440281612
9.55827332,4.92820291e-05
9.56660652,-0.000411048328
9.57493973,0.000239248897
9.58327293,0.000959285186
9.59160614,0.000569491589
9.59993935,0.000111146961
9.60827255,-0.000277546787
9.61660576,-0.000736061658
9.62493896,-8.44363094e-05
9.63327217,0.000636442739
9.64160538,0.000247007672
9.64993858,-0.000211461986
9.65827179,-0.000600764179
9.666605,-0.00106037199
9.6749382,-0.000410326116
9.68327141,0.000308485149
9.69160461,-8.35091778e-05
9.69993782,-0.000545033428
9.70827103,0.00010386925
9.71660423,0.000822308357
9.72493744,0.00043071236
9.73327065,-2.96427879e-05
9.74160385,-0.000420557772
9.74993706,-0.000881507935
9.75827026,-0.000232535967
9.76660347,0.000485468016
9.77493668,9.2931863e-05
9.78326988,-0.000368869631
9.79160309,0.000280019885
9.79993629,0.000998709933
9.8082695,0.000607629423
9.81660271,0.000148055027
9.82493591,-0.000241813046
9.83326912,-0.000701448531
9.84160233,-5.08918602e-05
9.84993553,0.00066896918
9.85826874,0.000278565072
9.86660194,-0.00018082629
9.87493515,-0.000571004231
9.88326836,-0.00103144301
9.89160156,-0.000382184371
9.89993477,0.000335881807
9.90826797,-5.68165306e-05
9.91660118,-0.000519004534
9.92493439,0.000129273452
9.93326759,0.000847125892
9.9416008,0.00045498056
9.94993401,-5.8873693e-06
9.95826721,-0.000397279538
9.96660042,-0.000858672138
9.97493362,-0.000210108163
9.98326683,0.000507521501
9.99160004,0.000114643975
9.99993324,-0.000347466354
10.0082664,0.000301146414
10.0165997,0.00101959158
10.0249329,0.000628297625
10.0332661,0.000168540675
10.0415993,-0.000221479131
10.0499325,-0.000681235804
10.0582657,-3.07699956e-05
10.0665989,0.000689030159
10.0749321,0.000298595114
10.0832653,-0.00016079699
10.0915985,-0.000550945639
10.0999317,-0.00101132505
10.1082649,-0.000361977291
10.1165981,0.0003562083
10.1249313,-3.63400904e-05
10.1332645,-0.000498347566
10.1415977,0.000150141859
10.149931,0.000868237054
10.1582642,0.000476366142
10.1665974,1.58046842e-05
10.1749306,-0.000375248434
10.1832638,-0.00083626894
10.191597,-0.000187299418
10.1999302,0.000530769874
10.2082634,0.000138366915
10.2165966,-0.000323233224
10.2249298,0.000325926085
10.233263,0.00104495464
10.2415962,0.000654282107
10.2499294,0.000195185639
10.2582626,-0.000194133871
10.2665958,-0.000653149269
10.274929,-1.90022547e-06
10.2832623,0.000718726486
10.2915955,0.000329162576
10.2999287,-0.000129312815
10.3082619,-0.000518497662
10.3165951,-0.000977864722
10.3249283,-0.000327454298
10.3332615,0.000391845591
10.3415947,4.64868208e-07
10.3499279,-0.000460319949
10.3582611,0.000189449085
10.3665943,0.000908882474
10.3749275,0.000518410699
10.3832607,5.93111763e-05
10.3915939,-0.000330215029
10.3999271,-0.000789641228
10.4082603,-0.000139007694
10.4165936,0.00058079802
10.4249268,0.000190206367
10.43326,-0.000269505137
10.4415932,0.000381623162
10.4499264,0.00110270386
10.4582596,0.000714169699
10.4665928,0.000257301377
10.474926,-0.000129697175
10.4832592,-0.000586295384
10.4915924,6.74710172e-05
10.4999256,0.000790718535
10.5082588,0.000403883285
10.516592,-5.17516819e-05
10.5249252,-0.000437980139
10.5332584,-0.000894270313
10.5415916,-0.000240657886
10.5499249,0.000481973897
10.5582581,9.40597456e-05
10.5665913,-0.000363118423
10.5749245,-0.000751356769
10.5832577,-0.00121012633
10.5915909,-0.000559467066
10.5999241,0.000159733769
10.6082573,-0.000232093997
10.6165905,-0.000693674316
10.6249237,-4.50507141e-05
10.6332569,0.000672885915
10.6415901,0.000280563516
10.6499233,-0.00018074298
10.6582565,0.000468923536
10.6665897,0.00118867378
10.6749229,0.000798938505
10.6832561,0.000340996019
10.6915894,-4.69510524e-05
10.6999226,-0.000504373515
10.7082558,0.00014869147
10.716589,0.000871359429
10.7249222,0.000484065677
10.7332554,2.80922995e-05
10.7415886,-0.000358354853
10.7499218,-0.000814744388
10.758255,-0.000161112126
10.7665882,0.000561659108
10.7749214,0.000174003973
10.7832546,-0.000282795401
10.7915878,-0.000670534442
10.799921,-0.0011286838
10.8082542,-0.000477282098
10.8165874,0.000242784416
10.8249207,-0.00014805331
10.8332539,-0.00060851773
10.8415871,4.13493035e-05
10.8499203,0.000760659052
10.8582535,0.000369840942
10.8665867,-8.98274666e-05
10.8749199,-0.000480146031
10.8832531,-0.00094058906
10.8915863,-0.00029119855
10.8999195,0.000427136081
10.9082527,3.48429676e-05
10.9165859,-0.00042680261
10.9249191,0.000222155897
10.9332523,0.000940827886
10.9415855,0.000549642602
10.9499187,8.98765429e-05
10.958252,-0.00030027036
10.9665852,-0.000760272378
10.9749184,-0.000110170309
10.9832516,0.000609147071
10.9915848,0.000218109562
10.999918,-0.000242005743
11.0082512,0.000408759952
11.0165844,0.00112951896
11.0249176,0.00074070337
11.0332508,0.000283593283
11.041584,-0.000103607599
11.0499172,-0.000560368877
11.0582504,9.32732219e-05
11.0665836,0.00081643532
11.0749168,0.000429553271
11.08325,-2.60900906e-05
11.0915833,-0.000412288529
11.0999165,-0.000868510397
11.1082497,-0.000214790838
11.1165829,0.000507986464
11.1249161,0.000120256896
11.1332493,-0.000336697412
11.1415825,-0.000724672165
11.1499157,-0.00118313811
11.1582489,-0.000532134727
11.1665821,0.000187451195
11.1749153,-0.000203949981
11.1832485,-0.000665061641
11.1915817,-1.59264237e-05
11.1999149,0.000702565478
11.2082481,0.000310842734
11.2165813,-0.000149818719
11.2249146,-0.000541220186
11.2332478,-0.00100283779
11.241581,-0.000354715157
11.2499142,0.000362256193
11.2582474,-3.1497224e-05
11.2665806,-0.00049470237
11.2749138,0.000152595021
11.283247,0.000869502139
11.2915802,0.000476445013
11.2999134,1.46977491e-05
11.3082466,-0.000377542776
11.3165798,-0.000839753891
11.324913,-0.000191980187
11.3332462,0.000524886535
11.3415794,0.000131272362
11.3499126,-0.000331549643
11.3582458,0.000316375401
11.3665791,0.0010341556
11.3749123,0.000642218452
11.3832455,0.000181839554
11.3915787,-0.000208782323
11.3999119,-0.00066912215
11.4082451,-1.92212829e-05
11.4165783,0.000700031233
11.4249115,0.000309065246
11.4332447,-0.000150842141
11.4415779,-0.000541491085
11.4499111,-0.00100235664
11.4582443,-0.000353481184
11.4665775,0.000364244886
11.4749107,-2.87509756e-05
11.4832439,-0.000491194485
11.4915771,0.000156869588
11.4999104,0.000874549383
11.5082436,0.000482272677
11.5165768,2.13142121e-05
11.52491,-0.000370127731
11.5332432,-0.000831529382
11.5415764,-0.000182933771
11.5499096,0.000534768158
11.5582428,0.000142003933
11.566576,-0.000319952087
11.5749092,0.000328856171
11.5832424,0.00104753789
11.5915756,0.000656522578
11.5999088,0.000197086614
11.608242,-0.000192569511
11.6165752,-0.000651919341
11.6249084,-1.00274337e-06
11.6332417,0.000719292904
11.6415749,0.000329398754
11.6499081,-0.000129406384
11.6582413,-0.000518921122
11.6665745,-0.000978618627
11.6749077,-0.000328539667
11.6832409,0.000390427304
11.6915741,-1.28842657e-06
11.6999073,-0.000462410739
11.7082405,0.000187017606
11.7165737,0.000906106841
11.7249069,0.00051528652
11.7332401,5.58340325e-05
11.7415733,-0.000334050274
11.7499065,-0.000793840212
11.7582397,-0.000143576661
11.766573,0.000575852115
11.7749062,0.000184876088
11.7832394,-0.000275227561
11.7915726,0.000375500007
11.7999058,0.00109617121
11.808239,0.0007072179
11.8165722,0.000249919831
11.8249054,-0.000137519353
11.8332386,-0.000594569778
11.8415718,5.87321047e-05
11.849905,0.000781502167
11.8582382,0.000394175644
11.8665714,-6.19651182e-05
11.8749046,-0.000448714622
11.8832378,-0.000905541994
11.891571,-0.000252483704
11.8999043,0.000469576422
11.9082375,8.10721613e-05
11.9165707,-0.000376715529
11.9249039,-0.000765583536
11.9332371,-0.00122500444
11.9415703,-0.000575018697
11.9499035,0.000143485755
11.9582367,-0.000249062781
11.9665699,-0.000711389293
11.9749031,-6.35384131e-05
11.9832363,0.00065359805
11.9915695,0.000260446599
11.9999027,-0.000201718911
12.0082359,0.000447057188
12.0165691,0.0011658842
12.0249023,0.000775191351
12.0332355,0.000316256046
12.0415688,-7.27207589e-05
12.049902,-0.000531211612
12.0582352,0.000120744757
12.0665684,0.000842262525
12.0749016,0.000453774788
12.0832348,-3.43763304e-06
12.091568,-0.000391170994
12.0999012,-0.000848895812
12.1082344,-0.000196649751
12.1165676,0.000524681876
12.1249008,0.000135531722
12.133234,-0.000322820037
12.1415672,-0.000712171372
12.1499004,-0.00117199495
12.1582336,-0.000522332324
12.1665668,0.000195927598
12.1749001,-0.000196786787
12.1832333,-0.00065920077
12.1915665,-1.13589631e-05
12.1998997,0.000705846411
12.2082329,0.000312841992
12.2165661,-0.000149097948
12.2248993,0.000499982561
12.2332325,0.00121919333
12.2415657,0.000828964461
12.2498989,0.000370573223
12.2582321,-1.77782495e-05
12.2665653,-0.000475561421
12.2748985,0.00017718607
12.2832317,0.000899579434
12.2915649,0.000512053259
12.2998981,5.58895517e-05
12.3082314,-0.000330706273
12.3165646,-0.000787203142
12.3248978,-0.000133636699
12.333231,0.000589109433
12.3415642,0.000201470277
12.3498974,-0.000255271909
12.3582306,-0.000642912462
12.3665638,-0.00110092189
12.374897,-0.000449338579
12.3832302,0.000270951481
12.3915634,-0.00011962033
12.3998966,-0.000579776301
12.4082298,7.04424965e-05
12.416563,0.000790147576
12.4248962,0.000399769138
12.4332294,-5.94148842e-05
12.4415627,-0.000449203566
12.4498959,-0.000909070484
12.4582291,-0.000259056716
12.4665623,0.000459948991
12.4748955,6.83762482e-05
12.4832287,-0.000392498769
12.4915619,0.000257281732
12.4998951,0.000976828276
