Time,Theta
0.0083333333333333332,0.2910880715480596
0.016666666666666666,0.29121969328620828
0.025000000000000001,0.29072241703289831
0.033333333333333333,0.28959541369948721
0.041666666666666664,0.28783671575155217
0.049999999999999996,0.28544321513176779
0.058333333333333327,0.2824106599471099
0.066666666666666666,0.27873364997805944
0.074999999999999997,0.27540009653234848
0.083333333333333329,0.27253719840401514
0.09166666666666666,0.26901241460967096
0.099999999999999992,0.26481948756099633
0.10833333333333332,0.26095004980054326
0.11666666666666665,0.25753105917732277
0.12499999999999999,0.25342375355369567
0.13333333333333333,0.24962350837531366
0.14166666666666666,0.24625786920019105
0.14999999999999999,0.24218418575717726
0.15833333333333333,0.23840129493147685
0.16666666666666666,0.23503722316470457
0.17499999999999999,0.23094555065379851
0.18333333333333332,0.22712834436734713
0.19166666666666665,0.2237140115772826
0.19999999999999998,0.21955242970159156
0.20833333333333331,0.2156487055985449
0.21666666666666665,0.21213153211496052
0.22499999999999998,0.20784710680818685
0.23333333333333331,0.20380341873813598
0.24166666666666664,0.20012935393593714
0.24999999999999997,0.19668469460073662
0.2583333333333333,0.19359953707427802
0.26666666666666666,0.18971536185734111
0.27500000000000002,0.1860452874541127
0.28333333333333338,0.18271939346574839
0.29166666666666674,0.17857594635991239
0.3000000000000001,0.17463018642156664
0.30833333333333346,0.1710121040859266
0.31666666666666682,0.16758051794111517
0.32500000000000018,0.16446645387171321
0.33333333333333354,0.16050398236461408
0.3416666666666669,0.15671246650133866
0.35000000000000026,0.1532226624234721
0.35833333333333361,0.1498929965863218
0.36666666666666697,0.1468551479524334
0.37500000000000033,0.14293940211359529
0.38333333333333369,0.13916854075443436
0.39166666666666705,0.13567381324375305
0.40000000000000041,0.13231314175111922
0.40833333333333377,0.12921859532901112
0.41666666666666713,0.1252169156569759
0.42500000000000049,0.121333740728492
0.43333333333333385,0.11770056213064511
0.44166666666666721,0.11417465824050654
0.45000000000000057,0.11088824105298878
0.45833333333333393,0.10769890576191629
0.46666666666666728,0.10473952816118857
0.47500000000000064,0.10083295266648973
0.483333333333334,0.097008469112827428
0.49166666666666736,0.093398158046815727
0.50000000000000067,0.089858799292744096
0.50833333333333397,0.086523048775274433
0.51666666666666727,0.083247939946082899
0.52500000000000058,0.080166652551200701
0.53333333333333388,0.077136466878575394
0.54166666666666718,0.074291039969921521
0.55000000000000049,0.071487890931204223
0.55833333333333379,0.068861112095806906
0.5666666666666671,0.06522956403240357
0.5750000000000004,0.061626769422845395
0.5833333333333337,0.058185711829575576
0.59166666666666701,0.054762829428753677
0.60000000000000031,0.051491468682192572
0.60833333333333361,0.048228227143644782
0.61666666666666692,0.045106770402750088
0.62500000000000022,0.041983840398939549
0.63333333333333353,0.038993381227548571
0.64166666666666683,0.035992263484284713
0.65000000000000013,0.033114671886537272
0.65833333333333344,0.030217589381658239
0.66666666666666674,0.027435405787657515
0.67500000000000004,0.024625199645944142
0.68333333333333335,0.021921532370069323
0.69166666666666665,0.019181560974054258
0.69999999999999996,0.016539986658870978
0.70833333333333326,0.013854027487536924
0.71666666666666656,0.011258494040629922
0.72499999999999987,0.0086106477435533482
0.73333333333333317,0.0060453792715943339
0.74166666666666647,0.0034199754837978837
0.74999999999999978,0.0008693787268152347
0.75833333333333308,-0.0017491168713781669
0.76666666666666639,-0.0043005451029447406
0.77499999999999969,-0.0069276229770081337
0.78333333333333299,-0.0094953878598013648
0.7916666666666663,-0.01214658655892782
0.7999999999999996,-0.014746287305813297
0.8083333333333329,-0.01743728564338479
0.81666666666666621,-0.020084708041100966
0.82499999999999951,-0.022831418013247624
0.83333333333333282,-0.025542627945189342
0.84166666666666612,-0.028361288882722813
0.84999999999999942,-0.030111498803216667
0.85833333333333273,-0.031837236451638509
0.86666666666666603,-0.033679935370661641
0.87499999999999933,-0.035503501469754596
0.88333333333333264,-0.037449501772593922
0.89166666666666594,-0.039382008371861919
0.89999999999999925,-0.041442735923259998
0.90833333333333255,-0.043495941931685184
0.91666666666666585,-0.045683503405203212
0.92499999999999916,-0.047869883801908979
0.93333333333333246,-0.050197137797703399
0.94166666666666576,-0.052529956811002046
0.94999999999999907,-0.05501058911429399
0.95833333333333237,-0.05646415515227194
0.96666666666666567,-0.057932797763818718
0.97499999999999898,-0.059557390090120316
0.98333333333333228,-0.061201672313297963
0.99166666666666559,-0.063006759965899592
0.99999999999999889,-0.064836681432012808
1.0083333333333322,-0.066832805567384329
1.0166666666666655,-0.068859467953224354
1.0249999999999988,-0.071058302697706702
1.0333333333333321,-0.072255418769588575
1.0416666666666654,-0.073491311413019608
1.0499999999999987,-0.074906335835030785
1.058333333333332,-0.076364076475582368
1.0666666666666653,-0.078005200431125493
1.0749999999999986,-0.079693647518340002
1.0833333333333319,-0.081570404340942565
1.0916666666666652,-0.082462226949798961
1.0999999999999985,-0.083408155705126219
1.1083333333333318,-0.084547970255317628
1.1166666666666651,-0.085744977487623275
1.1249999999999984,-0.087139318178032651
1.1333333333333317,-0.088594691447846832
1.1416666666666651,-0.090251603243472617
1.1499999999999984,-0.090937531010069281
1.1583333333333317,-0.091690279836240812
1.166666666666665,-0.092649209876713254
1.1749999999999983,-0.093677481880384605
1.1833333333333316,-0.094914858623655174
1.1916666666666649,-0.096224923476057531
1.1999999999999982,-0.097747843058847247
1.2083333333333315,-0.098311885203663546
1.2166666666666648,-0.098953796488007437
1.2249999999999981,-0.099812650200961806
1.2333333333333314,-0.10075157314196376
1.2416666666666647,-0.10191007685215998
1.249999999999998,-0.10315173819620348
1.2583333333333313,-0.10461650606606449
1.2666666666666646,-0.10513353540623323
1.2749999999999979,-0.10573863749660159
1.2833333333333312,-0.10657071408602901
1.2916666666666645,-0.10749296295796811
1.2999999999999978,-0.10864475577898529
1.3083333333333311,-0.10885539962418274
1.3166666666666644,-0.10915972107407826
1.3249999999999977,-0.10969608658685848
1.333333333333331,-0.11032733760114735
1.3416666666666643,-0.11119233599849171
1.3499999999999976,-0.1111203708853151
1.358333333333331,-0.11114550592906346
1.3666666666666643,-0.11140563004568811
1.3749999999999976,-0.11176323337068174
1.3833333333333309,-0.11235671905111261
1.3916666666666642,-0.11304905432094539
1.3999999999999975,-0.11397914790559034
1.4083333333333308,-0.11397682123900114
1.4166666666666641,-0.11407585018374213
1.4249999999999974,-0.1144141855777862
1.4333333333333307,-0.11485448031414937
1.441666666666664,-0.11553521059887022
1.4499999999999973,-0.11528609259981128
1.4583333333333306,-0.11514031870215774
1.4666666666666639,-0.11523543185950222
1.4749999999999972,-0.1154337655953854
1.4833333333333305,-0.11587340205944274
1.4916666666666638,-0.11538376891150635
1.4999999999999971,-0.11499765754365639
1.5083333333333304,-0.1148522331250432
1.5166666666666637,-0.11480949102788787
1.524999999999997,-0.11500714369118448
1.5333333333333303,-0.11530766140550539
1.5416666666666636,-0.11584929050922971
1.5499999999999969,-0.1154615999897228
1.5583333333333302,-0.11517753408306404
1.5666666666666635,-0.11513441605226114
1.5749999999999968,-0.11519438737714874
1.5833333333333302,-0.11549531572899965
1.5916666666666635,-0.11486636982850143
1.5999999999999968,-0.11434019115274717
1.6083333333333301,-0.11405373585448342
1.6166666666666634,-0.11386878996182677
1.6249999999999967,-0.11392285882426892
1.63333333333333,-0.11304450598039532
1.6416666666666633,-0.11226623084240864
1.6499999999999966,-0.11172463057455945
1.6583333333333299,-0.11128109515890183
1.6666666666666632,-0.1110727699224765
1.6749999999999965,-0.1109614923129955
1.6833333333333298,-0.11108493899246424
1.6916666666666631,-0.11027132343616786
1.6999999999999964,-0.10955363578076255
1.7083333333333297,-0.10906862035601918
1.716666666666663,-0.10867769521292815
1.7249999999999963,-0.10851813724980296
1.7333333333333296,-0.10845180444478229
1.7416666666666629,-0.10861649057773605
1.7499999999999962,-0.10784008672127385
1.7583333333333295,-0.10715597388063453
1.7666666666666628,-0.10670099377031893
1.7749999999999961,-0.1063365624971821
1.7833333333333294,-0.10620004134044551
1.7916666666666627,-0.10511852529118111
1.799999999999996,-0.10412526872054993
1.8083333333333294,-0.10335668040786268
1.8166666666666627,-0.10267368110161076
1.824999999999996,-0.10221319462879909
1.8333333333333293,-0.10183654961383547
1.8416666666666626,-0.10168116731701794
1.8499999999999959,-0.100573453917034
1.8583333333333292,-0.099547207319650444
1.8666666666666625,-0.098738864979749638
1.8749999999999958,-0.098009210962426291
1.8833333333333291,-0.097495175832596606
1.8916666666666624,-0.097057933106167255
1.8999999999999957,-0.096834889270573668
1.908333333333329,-0.095651675174329043
1.9166666666666623,-0.094542573700872767
1.9249999999999956,-0.093643976450904359
1.9333333333333289,-0.092816455362539588
1.9416666666666622,-0.092196872522610149
1.9499999999999955,-0.091646167286335498
1.9583333333333288,-0.09130165495122447
1.9666666666666621,-0.089988057001509289
1.9749999999999954,-0.088740109046498053
1.9833333333333287,-0.087694078015505009
1.991666666666662,-0.086710233146478063
1.9999999999999953,-0.085925286594396549
2.0083333333333289,-0.085199847948985621
2.0166666666666622,-0.084671056671758643
2.0249999999999955,-0.084199864943870731
2.0333333333333288,-0.083923824792215981
2.0416666666666621,-0.082666844053764704
2.0499999999999954,-0.081464543249877286
2.0583333333333287,-0.080453370299207017
2.066666666666662,-0.079493534566256976
2.0749999999999953,-0.078721890883297507
2.0833333333333286,-0.077998963342141236
2.0916666666666619,-0.077461997295426105
2.0999999999999952,-0.075933785430502485
2.1083333333333285,-0.074450192966024759
2.1166666666666618,-0.073147326756472994
2.1249999999999951,-0.071884880138853385
2.1333333333333284,-0.070799338402207659
2.1416666666666617,-0.069750673394572166
2.149999999999995,-0.068875730194049661
2.1583333333333283,-0.068034756928427226
2.1666666666666616,-0.067364942607825037
2.1749999999999949,-0.066726810292998776
2.1833333333333282,-0.06625787965578385
2.1916666666666615,-0.064779903410263767
2.1999999999999948,-0.063329818877077088
2.2083333333333282,-0.06204392511673032
2.2166666666666615,-0.060781800053068283
2.2249999999999948,-0.059680063196344453
2.2333333333333281,-0.058598530241004983
2.2416666666666614,-0.057674124128281656
2.2499999999999947,-0.056766894188482277
2.258333333333328,-0.056014052129547312
2.2666666666666613,-0.055275877559118218
2.2749999999999946,-0.054689858470572193
2.2833333333333279,-0.054116502249819669
2.2916666666666612,-0.053693562727768304
2.2999999999999945,-0.052241793872623343
2.3083333333333278,-0.05079910564628376
2.3166666666666611,-0.049501942319598057
2.3249999999999944,-0.048209733014948547
2.3333333333333277,-0.047059178202339749
2.341666666666661,-0.045909897045717435
2.3499999999999943,-0.044898830425903695
2.3583333333333276,-0.043885781372440077
2.3666666666666609,-0.043007917264947786
2.3749999999999942,-0.042125219439187914
2.3833333333333275,-0.041375069592055683
2.3916666666666608,-0.040617622464966904
2.3999999999999941,-0.039990463493228871
2.4083333333333274,-0.039353916617505688
2.4166666666666607,-0.038845761923672381
2.424999999999994,-0.038326489069809476
2.4333333333333274,-0.037934065098456329
2.4416666666666607,-0.036488267745224852
2.449999999999994,-0.035027909677787218
2.4583333333333273,-0.033689540344189042
2.4666666666666606,-0.032332399428692218
2.4749999999999939,-0.031093212650686687
2.4833333333333272,-0.02983134801274627
2.4916666666666605,-0.028683692577660059
2.4999999999999938,-0.027509734182855544
2.5083333333333271,-0.026446507585586702
2.5166666666666604,-0.02535361235976398
2.5249999999999937,-0.024368218462657892
2.533333333333327,-0.023350029492303716
2.5416666666666603,-0.022436339154137442
2.5499999999999936,-0.021486947739816579
2.5583333333333269,-0.020639262193030545
2.5666666666666602,-0.019753172542266863
2.5749999999999935,-0.018966189310816634
2.5833333333333268,-0.018138285669681405
2.5916666666666601,-0.017407066832550264
2.5999999999999934,-0.016632582867511323
2.6083333333333267,-0.015952525484961507
2.61666666666666,-0.015227015738194344
2.6249999999999933,-0.01459382426920168
2.6333333333333266,-0.013913137521536396
2.6416666666666599,-0.013322798071529656
2.6499999999999932,-0.012683052457492587
2.6583333333333266,-0.012131808705498241
2.6666666666666599,-0.011529368434501861
2.6749999999999932,-0.011013699098081503
2.6833333333333265,-0.010445152644728591
2.6916666666666598,-0.0099617503497013635
2.6999999999999931,-0.009423889984412433
2.7083333333333264,-0.00896964141429509
2.7166666666666597,-0.008459443953059748
2.724999999999993,-0.0080314111604520098
2.7333333333333263,-0.0075460198194656986
2.7416666666666596,-0.007141422588280464
2.7499999999999929,-0.0066781298355795193
2.7583333333333262,-0.0062943289890886696
2.7666666666666595,-0.0058505602910614227
2.7749999999999928,-0.0054850418462211578
2.7833333333333261,-0.0050583402120727939
2.7916666666666594,-0.0047087002855296057
2.7999999999999927,-0.004296711517435178
2.808333333333326,-0.003960641893016011
2.8166666666666593,-0.0035611004538292934
2.8249999999999926,-0.0032363747252066397
2.8333333333333259,-0.0028470901392214135
2.8416666666666592,-0.0025315503448340979
2.8499999999999925,-0.0021503940502355635
2.8583333333333258,-0.001841937720455118
2.8666666666666591,-0.0014668302947678667
2.8749999999999925,-0.0011633978337428446
2.8833333333333258,-0.00079229651579109251
2.8916666666666591,-0.00049185884238967263
2.8999999999999924,-0.00012274527604648805
2.9083333333333257,0.00017670835013853064
2.916666666666659,0.00054584022381464967
2.9249999999999923,0.00084631426432701148
2.9333333333333256,0.001217470239080706
2.9416666666666589,0.0015209748985797252
2.9499999999999922,0.0018961725311237624
2.9583333333333255,0.0022047358114830246
2.9666666666666588,0.0025860165178551706
2.9749999999999921,0.0029016963765583618
2.9833333333333254,0.0032911376690749478
2.9916666666666587,0.0036160343546882486
2.999999999999992,0.0040157622927156598
3.0083333333333253,0.0043520309312474305
3.0166666666666586,0.0047642328602603588
3.0249999999999919,0.0051140963676846885
3.0333333333333252,0.0055410340227649768
3.0416666666666585,0.0059067964208932887
3.0499999999999918,0.0063508194729541027
3.0583333333333251,0.0067348796881981166
3.0666666666666584,0.0071984398138053261
3.0749999999999917,0.0076033060411965156
3.083333333333325,0.0080889715999153851
3.0916666666666583,0.0085172763180445948
3.0999999999999917,0.009027747724779293
3.108333333333325,0.00948226345111065
3.1166666666666583,0.010020389334943586
3.1249999999999916,0.010504045215256814
3.1333333333333249,0.011072839460852012
3.1416666666666582,0.011588738791395409
3.1499999999999915,0.01219139856412493
3.1583333333333248,0.01274283735043831
3.1666666666666581,0.013382762212043736
3.1749999999999914,0.013973248874357519
3.1833333333333247,0.01465406110219122
3.191666666666658,0.015287337443846772
3.1999999999999913,0.016012903673572356
3.2083333333333246,0.016692967236061458
3.2166666666666579,0.017467421555149951
3.2249999999999912,0.018198549491158948
3.2333333333333245,0.019026318118618071
3.2416666666666578,0.019813092722904165
3.2499999999999911,0.020698920419439073
3.2583333333333244,0.021546256466478335
3.2666666666666577,0.022495234828717781
3.274999999999991,0.023408408875857691
3.2833333333333243,0.024426006678395909
3.2916666666666576,0.024369307030967031
3.2999999999999909,0.024279720107512108
3.3083333333333242,0.024295947113310162
3.3166666666666575,0.024279169236550067
3.3249999999999909,0.024368198375831006
3.3333333333333242,0.024424323472651544
3.3416666666666575,0.024586466655242015
3.3499999999999908,0.024716025632771779
3.3583333333333241,0.024952032976094624
3.3666666666666574,0.025155996812165096
3.3749999999999907,0.025467061035029225
3.383333333333324,0.025746846494732314
3.3916666666666573,0.026134609951595052
3.3999999999999906,0.026492087962350475
3.4083333333333239,0.026958652357882598
3.4166666666666572,0.0273961590906125
3.4249999999999905,0.027944097929655468
3.4333333333333238,0.028464448649014689
3.4416666666666571,0.029096822492465303
3.4499999999999904,0.029703328254638044
3.4583333333333237,0.030423702867468316
3.466666666666657,0.031120190159853445
3.4749999999999903,0.03193265765340636
3.4833333333333236,0.031682372759416023
3.4916666666666569,0.03141019347683445
3.4999999999999902,0.031254507884621613
3.5083333333333235,0.031076275946222847
3.5166666666666568,0.031014030958396728
3.5249999999999901,0.030928868928698314
3.5333333333333234,0.030959465963239678
3.5416666666666567,0.030967054229575387
3.5499999999999901,0.031090451146673487
3.5583333333333234,0.031191025916343935
3.5666666666666567,0.031407736658989105
3.57499999999999,0.031602091265766935
3.5833333333333233,0.0319131888113309
3.5916666666666566,0.032202678338101316
3.5999999999999899,0.032609800976697585
3.6083333333333232,0.032996350219572534
3.6166666666666565,0.033501711193574986
3.6249999999999898,0.033987826011428614
3.6333333333333231,0.034594226569176267
3.6416666666666564,0.034141998289336714
3.6499999999999897,0.033671587562421668
3.658333333333323,0.03332106649949583
3.6666666666666563,0.032951120476957009
3.6749999999999896,0.032699979441017345
3.6833333333333229,0.032428471037613878
3.6916666666666562,0.032274978610912906
3.6999999999999895,0.032100470796373827
3.7083333333333228,0.032043480918203859
3.7166666666666561,0.031965118064147008
3.7249999999999894,0.032004063097494657
3.7333333333333227,0.032021565782691566
3.741666666666656,0.032156453023282967
3.7499999999999893,0.032270116267773527
3.7583333333333226,0.032501527875249681
3.7666666666666559,0.032712222792899905
3.7749999999999893,0.033041319142955244
3.7833333333333226,0.033350498021117329
3.7916666666666559,0.033779024496515556
3.7999999999999892,0.034188729330527655
3.8083333333333225,0.03471902658801488
3.8166666666666558,0.034190895011813126
3.8249999999999891,0.03364466227406062
3.8333333333333224,0.033218284770929501
3.8416666666666557,0.0327723360139026
3.849999999999989,0.032444930905281534
3.8583333333333223,0.032096783732171792
3.8666666666666556,0.031866162711900368
3.8749999999999889,0.031613921015010725
3.8833333333333222,0.031478476016605798
3.8916666666666555,0.031320818593503941
3.8999999999999888,0.031279512107697152
3.9083333333333221,0.031215684696305292
3.9166666666666554,0.031268043484075553
3.9249999999999887,0.031297854171705566
3.933333333333322,0.031443966336889222
3.9416666666666553,0.031567784317005604
3.9499999999999886,0.031808299721330993
3.9583333333333219,0.03202705739053633
3.9666666666666552,0.032363191412646333
3.9749999999999885,0.032678389819078335
3.9833333333333218,0.03311193047781584
3.9916666666666551,0.032484572560919085
3.9999999999999885,0.031836563194915513
4.0083333333333222,0.031305714245298592
4.0166666666666559,0.030752434895576487
4.0249999999999897,0.030314687921382737
4.0333333333333234,0.029853013822550119
4.0416666666666572,0.029505520146270791
4.0499999999999909,0.029132875815201228
4.0583333333333247,0.028873328005259598
4.0666666666666584,0.028587671808365869
4.0749999999999922,0.028414289829411243
4.0833333333333259,0.028214101725325142
4.0916666666666597,0.028125622228594386
4.0999999999999934,0.028009894616686834
4.1083333333333272,0.028005563309245675
4.1166666666666609,0.027973794931751408
4.1249999999999947,0.028053361980711695
4.1333333333333284,0.028105554843407762
4.1416666666666622,0.028269273288369218
4.1499999999999959,0.028405932581838489
4.1583333333333297,0.028654559745870441
4.1666666666666634,0.028876696766407309
4.1749999999999972,0.02921149867291568
4.1833333333333309,0.028479408190690399
4.1916666666666647,0.027720666655600235
4.1999999999999984,0.027072940300124127
4.2083333333333321,0.026396443810911312
4.2166666666666659,0.025828975593429802
4.2249999999999996,0.025230862480748531
4.2333333333333334,0.024740027942226194
4.2416666666666671,0.024216906772305268
4.2500000000000009,0.023799541274905363
4.2583333333333346,0.023348470537288495
4.2666666666666684,0.023001850291604561
4.2750000000000021,0.022620320764397024
4.2833333333333359,0.02234214648332886
4.2916666666666696,0.022028066174486587
4.3000000000000034,0.021816449259276685
4.3083333333333371,0.021568130836883206
4.3166666666666709,0.021421582015106036
4.3250000000000046,0.021237732653666554
4.3333333333333384,0.021155153002926745
4.3416666666666721,0.021034866586505958
4.3500000000000059,0.021015540891295519
4.3583333333333396,0.020958292527881187
4.3666666666666734,0.021001884930518026
4.3750000000000071,0.02100752774535555
4.3833333333333409,0.021114079665227818
4.3916666666666746,0.02118284385409528
4.4000000000000083,0.02135277416262318
4.4083333333333421,0.021485268299156212
4.4166666666666758,0.021719375751010656
4.4250000000000096,0.020875123021718463
4.4333333333333433,0.019992819751757932
4.4416666666666771,0.019209981208470495
4.4500000000000108,0.018386587631719045
4.4583333333333446,0.01766025011274882
4.4666666666666783,0.016891026842353142
4.4750000000000121,0.016216616575833936
4.4833333333333458,0.015497149592860549
4.4916666666666796,0.014870404789263315
4.5000000000000133,0.014196578994280029
4.5083333333333471,0.013613524296499433
4.5166666666666808,0.012981498841110465
4.5250000000000146,0.012438421482470648
4.5333333333333483,0.011844606736188121
4.5416666666666821,0.011338034266165132
4.5500000000000158,0.010779070283079216
4.5583333333333496,0.010305749729315323
4.5666666666666833,0.0097784860874460238
4.5750000000000171,0.0093353644307546356
4.5833333333333508,0.0088368413247487641
4.5916666666666845,0.0084210471712989014
4.6000000000000183,0.0079484776462974641
4.608333333333352,0.0075573039880459407
4.6166666666666858,0.0071080572091126231
4.6250000000000195,0.0067389451698443388
4.6333333333333533,0.0063105306273386558
4.641666666666687,0.0059610540974043696
4.6500000000000208,0.0055511066541264953
4.6583333333333545,0.00521895772215641
4.6666666666666883,0.0048252234130074859
4.675000000000022,0.0045081985075506158
4.6833333333333558,0.0041285210068640159
4.6916666666666895,0.0038245076650785092
4.7000000000000233,0.0034568153407042745
4.708333333333357,0.0031637795249225293
4.7166666666666908,0.0028060730016077539
4.7250000000000245,0.0025220468878401664
4.7333333333333583,0.0021723870454592948
4.741666666666692,0.0018954572106978952
4.7500000000000258,0.0015519535454637911
4.7583333333333595,0.0012802494830162021
4.7666666666666933,0.00094104876195866304
4.775000000000027,0.00067273165599593301
4.7833333333333607,0.00033600679674005866
4.7916666666666945,6.9258488789234124e-05
4.8000000000000282,-0.00026680240198892084
4.808333333333362,-0.00053379032072684734
4.8166666666666957,-0.00087099481583866685
4.8250000000000295,-0.0011400318517064479
4.8333333333333632,-0.0014801940440918213
4.841666666666697,-0.0017531016527192111
4.8500000000000307,-0.0020980530331217474
4.8583333333333645,-0.0023766755406983563
4.8666666666666982,-0.0027282759775135775
4.875000000000032,-0.0030144916369946482
4.8833333333333657,-0.0033746405240229018
4.8916666666666995,-0.0036703727724578402
4.9000000000000332,-0.0040410204112751461
4.908333333333367,-0.004348249395626399
4.9166666666667007,-0.0047314086806616714
4.9250000000000345,-0.0050521831210567714
4.9333333333333682,-0.0054499415972398659
4.941666666666702,-0.0057863910585801625
4.9500000000000357,-0.0062009234236112109
4.9583333333333695,-0.0065552710688573049
4.9666666666667032,-0.0069888521947548471
4.9750000000000369,-0.007363428096033014
4.9833333333333707,-0.007818446647659719
4.9916666666667044,-0.0082157017345998833
5.0000000000000382,-0.0086946744663550374
5.0083333333333719,-0.0091171951947949595
5.0166666666667057,-0.0096227820106192519
5.0250000000000394,-0.010073305839009452
5.0333333333333732,-0.010608325705288366
5.0416666666667069,-0.011089757470826892
5.0500000000000407,-0.011657205276724243
5.0583333333333744,-0.012172634568461189
5.0666666666667082,-0.012775699033685436
5.0750000000000419,-0.012286761692571395
5.0833333333333757,-0.011746854196871966
5.0916666666667094,-0.01129403786576666
5.1000000000000432,-0.010788758804694857
5.1083333333333769,-0.010369132952436216
5.1166666666667107,-0.0098956538736099456
5.1250000000000444,-0.0095064875087746952
5.1333333333333782,-0.0090621711297998227
5.1416666666667119,-0.0087009164009910333
5.1500000000000457,-0.0082833007742377576
5.1583333333333794,-0.0079475776680833533
5.1666666666667131,-0.0075543613962669419
5.1750000000000469,-0.0072419434419504648
5.1833333333333806,-0.006870971856420497
5.1916666666667144,-0.0065797727514500986
5.2000000000000481,-0.0062290249707241327
5.2083333333333819,-0.0059570860480534565
5.2166666666667156,-0.005624662839299654
5.2250000000000494,-0.0053701413008695603
5.2333333333333831,-0.0050542536717730069
5.2416666666667169,-0.0048154115180704914
5.2500000000000506,-0.0045143699708325791
5.2583333333333844,-0.0042895635601848678
5.2666666666667181,-0.0040017679433260933
5.2750000000000519,-0.0037894381183853263
5.2833333333333856,-0.0035133680155691525
5.2916666666667194,-0.0033120307378155006
5.3000000000000531,-0.0030462363361035793
5.3083333333333869,-0.0028544737722204301
5.3166666666667206,-0.0025975671550241782
5.3250000000000544,-0.0024140191616942711
5.3333333333333881,-0.0021646659742203993
5.3416666666667219,-0.0019880219302715321
5.3500000000000556,-0.0017449333674833523
5.3583333333333893,-0.0015739243043896127
5.3666666666667231,-0.0013358493734342578
5.3750000000000568,-0.0011692403569653082
5.3833333333333906,-0.00093495836766013709
5.3916666666667243,-0.00077154108497700356
5.4000000000000581,-0.00053985432331576878
5.4083333333333918,-0.00037843983104542329
5.4166666666667256,-0.00014816637178396318
5.4250000000000593,1.2422038426228078e-05
5.4333333333333931,0.00024245542320765659
5.4416666666667268,0.00040338928444521991
5.4500000000000606,0.00063435416332548893
5.4583333333333943,0.00079680686081352219
5.4666666666667281,0.0010298801697558944
5.4750000000000618,0.0011950339780335503
5.4833333333333956,0.0014314050779735497
5.4916666666667293,0.0016004582500410225
5.5000000000000631,0.0018413360576341239
5.5083333333333968,0.0020155100085488412
5.5166666666667306,0.0022621302428037704
5.5250000000000643,0.0024426768707699388
5.5333333333333981,0.0026963094589765465
5.5416666666667318,0.0028845186477821591
5.5500000000000655,0.0031464753350845093
5.5583333333333993,0.0033436826828129968
5.566666666666733,0.0036153248909837265
5.5750000000000668,0.0038229197112676335
5.5833333333334005,0.0041056666937156153
5.5916666666667343,0.0043251003374145522
5.600000000000068,0.0046204376792126399
5.6083333333334018,0.0048532322262963357
5.6166666666667355,0.005162720740059328
5.6250000000000693,0.0054104781136693559
5.633333333333403,0.0057357631844554063
5.6416666666667368,0.006000174741618315
5.6500000000000705,0.0063429961766830164
5.6583333333334043,0.0066258528329666824
5.666666666666738,0.0069880552751819241
5.6750000000000718,0.0072912582237412427
5.6833333333334055,0.0076748021908171083
5.6916666666667393,0.0069586513079297231
5.700000000000073,0.0061835606331329092
5.7083333333334068,0.0054872490729655169
5.7166666666667405,0.0047297891684686798
5.7250000000000743,0.0040489288307311144
5.733333333333408,0.0033047617859032217
5.7416666666667417,0.00263505799939244
5.7500000000000755,0.0018999263717864776
5.7583333333334092,0.0012371521403652707
5.766666666666743,0.00050685342944298468
5.7750000000000767,0.00088858310463965596
5.7833333333334105,0.0013410504881814669
5.7916666666667442,0.00068428602496781155
5.800000000000078,-4.0832392502582307e-05
5.8083333333334117,0.00034525644197776613
5.8166666666667455,0.00080126808529961617
5.8250000000000792,0.00014723778978922614
5.833333333333413,-0.0005759518864439405
5.8416666666667467,-0.0001887366981910374
5.8500000000000805,0.00026760066860005238
5.8583333333334142,0.00065485498127036354
5.866666666666748,0.0011124961111428191
5.8750000000000817,0.00046056199377736705
5.8833333333334155,-0.00026006195242671661
5.8916666666667492,0.00013019232792766511
5.900000000000083,0.00059004662100114276
5.9083333333334167,-6.0458145132797147e-05
5.9166666666667505,-0.00078043400411498091
5.9250000000000842,-0.00039031194317721543
5.9333333333334179,6.8629830047577366e-05
5.9416666666667517,0.00045819008710504337
5.9500000000000854,0.00091784212736888539
5.9583333333334192,0.00026762673439079706
5.9666666666667529,-0.00045156790593145078
5.9750000000000867,-6.0171555621012439e-05
5.9833333333334204,0.00040053931938377859
5.9916666666667542,-0.00024939309085351573
6.0000000000000879,-0.00096907989923441021
6.0083333333334217,-0.00057895175957989808
6.0166666666667554,-0.00012028671266541734
6.0250000000000892,0.00026871369856925806
6.0333333333334229,0.00072752190011344164
6.0416666666667567,7.6177299807836149e-05
6.0500000000000904,-0.00064443346861527259
6.0583333333334242,-0.00025474230358653565
6.0666666666667579,0.00020397185520869781
6.0750000000000917,0.00059350736967470313
6.0833333333334254,0.0010533375228438345
6.0916666666667592,0.0004035034753222317
6.1000000000000929,-0.00031510614309532455
6.1083333333334267,7.7079760258121348e-05
6.1166666666667604,0.00053878587284431545
6.1250000000000941,-0.00010994411199560375
6.1333333333334279,-0.00082821954568873448
6.1416666666667616,-0.0004364688865102391
6.1500000000000954,2.4032134986695439e-05
6.1583333333334291,0.000415084651640115
6.1666666666667629,0.00087616419251605824
6.1750000000000966,0.00022731365246984428
6.1833333333334304,-0.00049057670169651822
6.1916666666667641,-9.7934674616728773e-05
6.2000000000000979,0.00036396514805816735
6.2083333333334316,-0.00028483325942232153
6.2166666666667654,-0.001003439302858389
6.2250000000000991,-0.00061228203936636121
6.2333333333334329,-0.00015263793352529706
6.2416666666667666,0.00023729295777902515
6.2500000000001004,0.00069698444896551959
6.2583333333334341,4.647725907345855e-05
6.2666666666667679,-0.00067334070432111665
6.2750000000001016,-0.00028290015737903764
6.2833333333334354,0.00017652109994917498
6.2916666666667691,0.00056672250338333651
6.3000000000001029,0.0010271783303756441
6.3083333333334366,0.00037793065614428063
6.3166666666667703,-0.00034013098396410969
6.3250000000001041,5.2565330561265835e-05
6.3333333333334378,0.00051474505613396558
6.3416666666667716,-0.00013354740771852642
6.3500000000001053,-0.00085142074757264125
6.3583333333334391,-0.00045930282999867171
6.3666666666667728,1.5311833662255423e-06
6.3750000000001066,0.00039288293654819555
6.3833333333334403,0.00085422840328328996
6.3916666666667741,0.0002056108630100943
6.4000000000001078,-0.00051207905075799235
6.4083333333334416,-0.00011926884214170495
6.4166666666667753,0.0003427671632565166
6.4250000000001091,-0.00030592685434030476
6.4333333333334428,-0.0010244601409742213
6.4416666666667766,-0.00063326165997630069
6.4500000000001103,-0.00017360779290566896
6.4583333333334441,0.0002163014296363248
6.4666666666667778,0.00067593978530895574
6.4750000000001116,2.5347905316233736e-05
6.4833333333334453,-0.00069458641775366496
6.4916666666667791,-0.00030429408005047193
6.5000000000001128,0.00015494690899690223
6.5083333333334465,0.00054493572561944113
6.5166666666667803,0.0010051463253249926
6.525000000000114,0.00035562039689049867
6.5333333333334478,-0.00036275291986789744
6.5416666666667815,2.959783293851604e-05
6.5500000000001153,0.00049139759779704914
6.558333333333449,-0.00015730979840173162
6.5666666666667828,-0.00087563365637634955
6.5750000000001165,-0.00048400253063355313
6.5833333333334503,-2.3692292626644019e-05
6.591666666666784,0.00036709792964466701
6.6000000000001178,0.00082784326355855441
6.6083333333334515,0.00017858607288785518
6.6166666666667853,-0.00053978394770215629
6.625000000000119,-0.00014769532316091606
6.6333333333334528,0.00031357655027250658
6.6416666666667865,-0.00033592528936770769
6.6500000000001203,-0.001055311295719332
6.658333333333454,-0.00066501173411556605
6.6666666666667878,-0.00020630430143998355
6.6750000000001215,0.00018260957063046654
6.6833333333334553,0.00064120216087298399
6.691666666666789,-1.0487479429243263e-05
6.7000000000001227,-0.0007315731849277604
6.7083333333334565,-0.00034248758926816154
6.7166666666667902,0.00011548951260419162
6.725000000000124,0.00050415542177219784
6.7333333333334577,0.0009629821042716559
6.7416666666667915,0.00031200914019650141
6.7500000000001252,-0.00040787646033948848
6.758333333333459,-1.7105499847381787e-05
6.7666666666667927,0.00044304460600964955
6.7750000000001265,-0.00020738479290130865
6.7833333333334602,-0.00092750556474336656
6.791666666666794,-0.00053774898761166205
6.8000000000001277,-7.939369785109034e-05
6.8083333333334615,0.00030935827484217108
6.8166666666667952,0.00076797899189294462
6.825000000000129,0.00011650759932758973
6.8333333333334627,-0.00060416948534289564
6.8416666666667965,-0.00021448425294423368
6.8500000000001302,0.0002442843268861142
6.858333333333464,0.00063393467787597373
6.8666666666667977,0.0010939402608267398
6.8750000000001315,0.0004443425373519653
6.8833333333334652,-0.00027396955123062255
6.8916666666667989,0.00011857552194914823
6.9000000000001327,0.00058070297824933733
6.9083333333334664,-6.7542848583531485e-05
6.9166666666668002,-0.00078527060134138166
6.9250000000001339,-0.00039290789847480336
6.9333333333334677,6.8270414691331399e-05
6.9416666666668014,0.000460066463500126
6.9500000000001352,0.0009219568992542978
6.9583333333334689,0.0002739858639363635
6.9666666666668027,-0.00044295509534416635
6.9750000000001364,-4.9292361814753276e-05
6.9833333333334702,0.00041370099349298214
6.9916666666668039,-0.00023392941734117983
7.0000000000001377,-0.00095129125880645993
7.0083333333334714,-0.00055881168737464178
7.0166666666668052,-9.7765235745311859e-05
7.0250000000001389,0.00029365011204497715
7.0333333333334727,0.00075491040663109785
7.0416666666668064,0.00010605874464150364
7.0500000000001402,-0.00061201452017715745
7.0583333333334739,-0.00021973747556805153
7.0666666666668077,0.00024161479806818518
7.0750000000001414,-0.00040791452690278366
7.0833333333334751,-0.0011274359411189104
7.0916666666668089,-0.00073737997327376467
7.1000000000001426,-0.00027902460554978344
7.1083333333334764,0.00010942824363811196
7.1166666666668101,0.00056745014625316881
7.1250000000001439,-8.492072211838956e-05
7.1333333333334776,-0.00080679918304783684
7.1416666666668114,-0.00041861908737119124
7.1500000000001451,3.8338465567520196e-05
7.1583333333334789,0.00042586928771309266
7.1666666666668126,0.00088344363080881006
7.1750000000001464,0.00023109913999340729
7.1833333333334801,-0.00049027916200932212
7.1916666666668139,-0.00010112431001405268
7.2000000000001476,0.00035728388267251219
7.2083333333334814,0.00074674324549585077
7.2166666666668151,0.0012067269670934606
7.2250000000001489,0.00055727659423442241
7.2333333333334826,-0.00016071884048347973
7.2416666666668164,0.00023231261935648454
7.2500000000001501,0.00069509692271127379
7.2583333333334838,4.7679424487256003e-05
7.2666666666668176,-0.0006690473344726079
7.2750000000001513,-0.00027550943430026053
7.2833333333334851,0.00018701996566920497
7.2916666666668188,-0.00046141418185549247
7.3000000000001526,-0.0011799207266445795
7.3083333333334863,-0.00078892872448153178
7.3166666666668201,-0.00032971469224143756
7.3250000000001538,5.9520768782760047e-05
7.3333333333334876,0.00051825039216026741
7.3416666666668213,-0.00013348659462053319
7.3500000000001551,-0.00085480404360793424
7.3583333333334888,-0.00046613498690169697
7.3666666666668226,-8.7597533633075237e-06
7.3750000000001563,0.00037911811993222773
7.3833333333334901,0.00083696939690687533
7.3916666666668238,0.00018483210830519501
7.4000000000001576,-0.00053640837596356295
7.4083333333334913,-0.00014718488486327271
7.4166666666668251,0.00031122288892225595
7.4250000000001588,0.00070061279594751816
7.4333333333334926,0.0011604579151783638
7.4416666666668263,0.00051079953507067889
7.45000000000016,-0.00020747356851714713
7.4583333333334938,0.00018521016533620645
7.4666666666668275,0.00064757616300102887
7.4750000000001613,-3.3086510768254448e-07
7.483333333333495,-0.00071761908589187018
7.4916666666668288,-0.00032471543466684017
7.5000000000001625,0.00013710600803415731
7.5083333333334963,-0.00051211084885456604
7.51666666666683,-0.0012314760329018226
7.5250000000001638,-0.00084141993862550126
7.5333333333334975,-0.0003832204213725931
7.5416666666668313,4.9204273273280915e-06
7.550000000000165,0.00046247368769976706
7.5583333333334988,-0.00019052318265324591
7.5666666666668325,-0.00091318590659779115
7.5750000000001663,-0.00052594956486178783
7.5833333333335,-7.0096584479269373e-05
7.5916666666668338,0.00031616724740576456
7.6000000000001675,0.00077231026390548027
7.6083333333335013,0.00011836789887237581
7.616666666666835,-0.0006047771376490196
7.6250000000001688,-0.00021756053713588094
7.6333333333335025,0.00023873503044219158
7.6416666666668362,0.00062590428371182068
7.65000000000017,0.0010834169626500511
7.6583333333335037,0.00043131078199360514
7.6666666666668375,-0.0002895290663052933
7.6750000000001712,0.00010046515881326871
7.683333333333505,0.00056001485618991428
7.6916666666668387,-9.08395096837368e-05
7.7000000000001725,-0.00081121048366905189
7.7083333333335062,-0.00042152965827898592
7.71666666666684,3.6924120121097965e-05
7.7250000000001737,0.00042594890778750841
7.7333333333335075,0.00088501719600210277
7.7416666666668412,0.00023416887048183948
7.750000000000175,-0.0004857088042645206
7.7583333333335087,-9.5046612941247831e-05
7.7666666666668425,0.00036487788915339999
7.7750000000001762,-0.0002858942854324346
7.78333333333351,-0.0010064755018682906
7.7916666666668437,-0.00061729778072190265
7.8000000000001775,-0.00015964055090471647
7.8083333333335112,0.00022829315492082448
7.816666666666845,0.00068597415583123648
7.8250000000001787,3.344015245587501e-05
7.8333333333335124,-0.00068842397996330882
7.8416666666668462,-0.00030005202947676449
7.8500000000001799,0.00015727511198253681
7.8583333333335137,0.00054535374988714884
7.8666666666668474,0.0010036549761543469
7.8750000000001812,0.00035221761613838033
7.8833333333335149,-0.00036807205451586534
7.8916666666668487,2.2354549409923985e-05
7.9000000000001824,0.00048221948698157696
7.9083333333335162,-0.00016843631668753806
7.9166666666668499,-0.00088872508054680364
7.9250000000001837,-0.00049907831218635838
7.9333333333335174,-4.0774846605518538e-05
7.9416666666668512,0.00034798318804248003
7.9500000000001849,0.00080666786944433105
7.9583333333335187,0.00015531846009522241
7.9666666666668524,-0.0005651784665158798
7.9750000000001862,-0.00017525462644322676
7.9833333333335199,0.00028381134990450465
7.9916666666668537,0.00067381831300655673
8.0000000000001865,0.0011342402635840922
8.0083333333335194,0.00048511932743073379
8.0166666666668522,-0.00023265488383589821
8.0250000000001851,0.0001604899488361211
8.033333333333518,0.00062327994348595887
8.0416666666668508,-2.4239561467469912e-05
8.0500000000001837,-0.00074117613964346408
8.0583333333335165,-0.00034795620677604514
8.0666666666668494,0.00011414664613150391
8.0750000000001823,-0.00053482324068218211
8.0833333333335151,-0.0012539755275205345
8.091666666666848,-0.00086374031339134379
8.1000000000001808,-0.00040539515597497585
8.1083333333335137,-1.714191522229507e-05
8.1166666666668466,0.00044049065220069388
8.1250000000001794,-0.00021245987844546401
8.1333333333335123,-0.00093510915449716652
8.1416666666668451,-0.00054789224964092666
8.150000000000178,-9.2091600353023191e-05
8.1583333333335109,0.0002940869395874418
8.1666666666668437,0.00075011157130669512
8.1750000000001766,9.6017540169759954e-05
8.1833333333335094,-0.0006273126564566849
8.1916666666668423,-0.00024031499133648915
8.2000000000001751,0.00021572754892405961
8.208333333333508,0.00060260931480183493
8.2166666666668409,0.0010597996120941164
8.2250000000001737,0.00040733565020597033
8.2333333333335066,-0.00031389789048105792
8.2416666666668394,7.5666147588809287e-05
8.2500000000001723,0.00053474852127610489
8.2583333333335052,-0.00011661101039609769
8.266666666666838,-0.00083752573966780746
8.2750000000001709,-0.00044842808638316132
8.2833333333335037,9.4022492444830907e-06
8.2916666666668366,0.00039776240301512503
8.3000000000001695,0.00085612386506121014
8.3083333333335023,0.00020452544273904583
8.3166666666668352,-0.00051614670090031575
8.325000000000168,-0.00012632454187497144
8.3333333333335009,0.00033271311646476415
8.3416666666668338,-0.00031899404011402995
8.3500000000001666,-0.0010405597738406074
8.3583333333334995,-0.00065241760653580094
8.3666666666668323,-0.00019584848457068326
8.3750000000001652,0.00019094294768641918
8.3833333333334981,0.00064742578957417002
8.3916666666668309,-6.3640684694810839e-06
8.4000000000001638,-0.0007295436130449318
8.4083333333334966,-0.00034254861661276012
8.4166666666668295,0.00011333799064233207
8.4250000000001624,0.00049991037636424652
8.4333333333334952,0.00095663736749108095
8.4416666666668281,0.00030355539168692156
8.4500000000001609,-0.00041845169699335525
8.4583333333334938,-2.9817880999146542e-05
8.4666666666668267,0.00042817622297925778
8.4750000000001595,-0.00022443126814835224
8.4833333333334924,-0.00094675548428273726
8.4916666666668252,-0.00055923101900080634
8.5000000000001581,-0.00010313983703270608
8.508333333333491,0.00028331264950748748
8.5166666666668238,0.00073959505032149047
8.5250000000001567,8.5742992230705524e-05
8.5333333333334895,-0.00063736065787360825
8.5416666666668224,-0.00025015153492284105
8.5500000000001553,0.00020608769682379594
8.5583333333334881,0.00059315168747525314
8.566666666666821,0.0010505100147073123
8.5750000000001538,0.00039820013132694376
8.5833333333334867,-0.00032289304172285243
8.5916666666668196,6.6797865932003407e-05
8.6000000000001524,0.00052599380260530512
8.6083333333334853,-0.0001252653038894319
8.6166666666668181,-0.00084609259195326039
8.625000000000151,-0.00045692035446271855
8.6333333333334838,9.7182698477190897e-07
8.6416666666668167,0.00038938118536166683
8.6500000000001496,0.00084777928309626291
8.6583333333334824,0.00019620497726112796
8.6666666666668153,-0.00052445552646059946
8.6750000000001481,-0.00013463418686263164
8.683333333333481,0.00032439019474113509
8.6916666666668139,-0.00032734271480443634
8.7000000000001467,-0.0010489467153248855
8.7083333333334796,-0.00066085539246806826
8.7166666666668124,-0.00020434976002305707
8.7250000000001453,0.0001823654471756368
8.7333333333334782,0.00063875921243556526
8.741666666666811,-1.5132710195556759e-05
8.7500000000001439,-0.00073842745587629911
8.7583333333334767,-0.00035156097272050695
8.7666666666668096,0.00010418362230778167
8.7750000000001425,0.00049060028855612615
8.7833333333334753,0.00094715761807179992
8.7916666666668082,0.00029389177692862111
8.800000000000141,-0.00042831364793077407
8.8083333333334739,-3.9892935279841913e-05
8.8166666666668068,0.00041787298141234013
8.8250000000001396,0.00080678094066731617
8.8333333333334725,0.0012663033110233755
8.8416666666668053,0.0006164810173018803
8.8500000000001382,-0.00010179754035864299
8.8583333333334711,0.00029103913910844274
8.8666666666668039,0.00075371671819880802
8.8750000000001368,0.00010628041766317642
8.8833333333334696,-0.00061037728602387825
8.8916666666668025,-0.00021668235779834596
8.9000000000001354,0.00024609224661116091
8.9083333333334682,-0.00040200816888887557
8.9166666666668011,-0.0011200919526638991
8.9250000000001339,-0.00072858747163550197
8.9333333333334668,-0.00026877054508947474
8.9416666666667997,0.00012115909468867333
8.9500000000001325,0.00058067523562776015
8.9583333333334654,-7.0181703459481717e-05
8.9666666666667982,-0.00079052428005681825
8.9750000000001311,-0.00040078403530705009
8.983333333333464,5.7760258109304989e-05
8.9916666666667968,0.00044690678135013732
9.0000000000001297,0.00090612821170580954
9.0083333333334625,0.00025546467892473865
9.0166666666667954,-0.00046419629297850588
9.0250000000001283,-7.3285164538562653e-05
9.0333333333334611,0.00038692087489271688
9.041666666666794,-0.00026353674116217664
9.0500000000001268,-0.00098376991025824661
9.0583333333334597,-0.00059421011525499627
9.0666666666667926,-0.00013613623473529723
9.0750000000001254,0.00025224931051599482
9.0833333333334583,0.00071041802162127138
9.0916666666667911,5.8408340287971399e-05
9.100000000000124,-0.00066289408643130734
9.1083333333334568,-0.00027392219804853272
9.1166666666667897,0.00018404399784755418
9.1250000000001226,0.0005728017515693551
9.1333333333334554,0.0010318231771706513
9.1416666666667883,0.00038114820376513626
9.1500000000001211,-0.00033833577773536736
9.158333333333454,5.2941019868192249e-05
9.1666666666667869,0.00051370192469649037
9.1750000000001197,-0.00013601079103867027
9.1833333333334526,-0.00085530794286427833
9.1916666666667854,-0.00046461953405100306
9.2000000000001183,-5.2228659742940551e-06
9.2083333333334512,0.00038468155362618829
9.216666666666784,0.00084456752746330693
9.2250000000001169,0.00019447614108986328
9.2333333333334497,-0.00052470417412377548
9.2416666666667826,-0.00013340315746147527
9.2500000000001155,0.00032710260800779891
9.2583333333334483,-0.00032314499010822526
9.2666666666667812,-0.001043257525060294
9.275000000000114,-0.00065366634204897271
9.2833333333334469,-0.00019565021253535822
9.2916666666667798,0.00019258838908041816
9.3000000000001126,0.00065052073154809741
9.3083333333334455,-1.8151205903106681e-06
9.3166666666667783,-0.00072353397564524022
9.3250000000001112,-0.00033506941402023575
9.3333333333334441,0.00012229783313553747
9.3416666666667769,0.00051036414902755952
9.3500000000001098,0.00096860060179358623
9.3583333333334426,0.00031704589116575161
9.3666666666667755,-0.00040341385005820149
9.3750000000001084,-1.3210285936937868e-05
9.3833333333334412,0.00044637831617574101
9.3916666666667741,-0.00020460753555187389
9.4000000000001069,-0.00092528054444371538
9.4083333333334398,-0.00053607281521762676
9.4166666666667727,-7.8263808959656145e-05
9.4250000000001055,0.0003099436248193392
9.4333333333334384,0.0007680207314225779
9.4416666666667712,0.00011600584195811384
9.4500000000001041,-0.00060521544091606027
9.458333333333437,-0.00021607592417517921
9.4666666666667698,0.00024214460500213193
9.4750000000001027,0.00063124374969098266
9.4833333333334355,0.0010906941439419071
9.4916666666667684,0.00044053641403037042
9.5000000000001013,-0.00027834133478465923
9.5083333333334341,0.00011363157748818333
9.516666666666767,0.00057517951485910304
9.5250000000000998,-7.3654059042118427e-05
9.5333333333334327,-0.00079197866578853123
9.5416666666667656,-0.0004002228214691736
9.5500000000000984,6.0337723768706075e-05
9.5583333333334313,0.00045150417306031394
9.5666666666667641,0.00091275223246549853
9.575000000000097,0.00026412507443050032
9.5833333333334298,-0.00045348672969872903
9.5916666666667627,-6.0510568326728989e-05
9.6000000000000956,0.00040177946146881667
9.6083333333334284,-0.00024657208263658515
9.6166666666667613,-0.00096467394366520792
9.6250000000000941,-0.00057295439626268432
9.633333333333427,-0.00011268909984192647
9.6416666666667599,0.00027792279828178215
9.6500000000000927,0.00073835614137193566
9.6583333333334256,8.8652778510179653e-05
9.6666666666667584,-0.00063029820277701063
9.6750000000000913,-0.00023892620944743111
9.6833333333334242,0.00022149233085480728
9.691666666666757,-0.00042900080436754129
9.7000000000000899,-0.0011495175507655179
9.7083333333334227,-0.0007604899491680246
9.7166666666667556,-0.00030319749752855043
9.7250000000000885,8.4156305486046695e-05
9.7333333333334213,0.00054104137898455156
9.7416666666667542,-0.00011250581115224803
9.750000000000087,-0.00083560183943444432
9.7583333333334199,-0.00044868239529131151
9.7666666666667528,6.9695543352500104e-06
9.7750000000000856,0.00039314787999579167
9.7833333333334185,0.00084932080041726272
9.7916666666667513,0.00019552383789939805
9.8000000000000842,-0.00052736013530998809
9.8083333333334171,-0.00013976641216433621
9.8166666666667499,0.00031702286782541188
9.8250000000000828,0.00070480312595138533
9.8333333333334156,0.0011630450283505458
9.8416666666667485,0.00051178746310977653
9.8500000000000814,-0.000208083194386039
9.8583333333334142,0.00018300222128934981
9.8666666666667471,0.00064376674044736709
9.8750000000000799,-5.7473286675668742e-06
9.8833333333334128,-0.00072465056032089284
9.8916666666667457,-0.00033337231355752713
9.9000000000000785,0.00012681089905078894
9.9083333333334114,0.0005176996807150433
9.9166666666667442,0.00097876933194320816
9.9250000000000771,0.00033006280759409836
9.93333333333341,-0.00038752949897237048
9.9416666666667428,5.565045675482458e-06
9.9500000000000757,0.00046807250426762948
9.9583333333334085,-0.00017996223748691645
9.9666666666667414,-0.00089764746456319445
9.9750000000000743,-0.00050541078601899683
9.9833333333334071,-4.4527146834517346e-05
9.99166666666674,0.00034680519598235664
10.000000000000073,0.00080806217872260281
10.008333333333406,0.00015928692081534977
10.016666666666739,-0.00055863014603373758
10.025000000000071,-0.00016611686889824942
10.033333333333404,0.00029555200064883844
10.041666666666737,-0.00035357990135732729
10.05000000000007,-0.0010726224722522448
10.058333333333403,-0.000682005476299223
10.066666666666736,-0.00022300611597354995
10.075000000000069,0.00016617462426331134
10.083333333333401,0.00062500941969189836
10.091666666666734,-2.6462320367874568e-05
10.100000000000067,-0.00074735409574415814
10.1083333333334,-0.00035809825463805039
10.116666666666733,0.00010002567373864504
10.125000000000066,0.00048881521849678932
10.133333333333399,0.00094774252859889676
10.141666666666731,0.00029684732325063854
10.150000000000064,-0.00042298325705965588
10.158333333333397,-3.2179930518143893e-05
10.16666666666673,0.00042797993968436059
10.175000000000063,-0.00022246228243901173
10.183333333333396,-0.00094261848042407064
10.191666666666729,-0.00055291999477676077
10.200000000000061,-9.4645535144567344e-05
10.208333333333394,0.00029400275582289507
10.216666666666727,0.00075249678121693236
10.22500000000006,0.00010087548949520412
10.233333333333393,-0.00061997491632307885
10.241666666666726,-0.00023048668943835438
10.250000000000059,0.0002280609132131842
10.258333333333391,0.00061746599196896496
10.266666666666724,0.0010772016376627736
10.275000000000057,0.00042730889131342893
10.28333333333339,-0.00029132373017359662
10.291666666666723,0.00010087482474342191
10.300000000000056,0.00056262925961102347
10.308333333333389,-8.6016655129065767e-05
10.316666666666721,-0.00080417215439754122
10.325000000000054,-0.00041226550587899607
10.333333333333387,4.8427775365474899e-05
10.34166666666672,0.00043970909770182307
10.350000000000053,0.00090105433740587959
10.358333333333386,0.0002525068044138927
10.366666666666719,-0.00046504280066724917
10.375000000000052,-7.2021772311408477e-05
10.383333333333384,0.00039029586331731681
10.391666666666717,-0.00025804529443804896
10.40000000000005,-0.00097615397065470809
10.408333333333383,-0.00058445845784404755
10.416666666666716,-0.00012423444047657595
10.425000000000049,0.00026631887856165369
10.433333333333382,0.00072667625244450941
10.441666666666714,7.6879411069034464e-05
10.450000000000047,-0.00064218269086024091
10.45833333333338,-0.00025093962920742178
10.466666666666713,0.0002093319814977908
10.475000000000046,-0.00044132629815222168
10.483333333333379,-0.0011620266516437338
10.491666666666712,-0.0007732014066673639
10.500000000000044,-0.00031613034965022367
10.508333333333377,7.0982696159399501e-05
10.51666666666671,0.00052760728605472161
10.525000000000043,-0.00012622050695226534
10.533333333333376,-0.00084961767297750336
10.541666666666709,-0.00046302035972238504
10.550000000000042,-7.7120058514414915e-06
10.558333333333374,0.00037810075165880619
10.566666666666707,0.00083388558093002981
10.57500000000004,0.00017967741306297911
10.583333333333373,-0.00054364148440625977
10.591666666666706,-0.00015650705737288464
10.600000000000039,0.00029979787284665344
10.608333333333372,0.00068706800955937238
10.616666666666704,0.0011447732519003918
10.625000000000037,0.00049295166432237027
10.63333333333337,-0.00022751120228392798
10.641666666666703,0.00016295293719296099
10.650000000000036,0.0006230661819838436
10.658333333333369,-2.7130142530669551e-05
10.666666666666702,-0.0007467476230657757
10.675000000000034,-0.00035621669696275646
10.683333333333367,0.00010318501756867714
10.6916666666667,0.00049325696398068788
10.700000000000033,0.00095347321439716716
10.708333333333366,0.00030387542456433155
10.716666666666699,-0.00041464732509457873
10.725000000000032,-2.2523792591226985e-05
10.733333333333364,0.00043897063577234282
10.741666666666697,-0.00021012067477974613
10.75000000000003,-0.00092890758519204898
10.758333333333363,-0.00053781937456524832
10.766666666666696,-7.8132681825620693e-05
10.775000000000029,0.00031195245921611137
10.783333333333362,0.00077191010881730434
10.791666666666694,0.00012178141922475809
10.800000000000027,-0.00059754518168404313
10.80833333333336,-0.00020649965881535553
10.816666666666693,0.00025364105408736765
10.825000000000026,-0.00039708169000672794
10.833333333333359,-0.0011177801712661452
10.841666666666692,-0.00072888667453436856
10.850000000000025,-0.00027168093560731612
10.858333333333357,0.00011563339871483754
10.86666666666669,0.00057252619540398722
10.875000000000023,-8.0966061589968013e-05
10.883333333333356,-0.00080395987723118486
10.891666666666689,-0.00041689077344138901
10.900000000000022,3.8958482887369287e-05
10.908333333333355,0.00042538204150021893
10.916666666666687,0.00088184849421659079
10.92500000000002,0.00022839382430795083
10.933333333333353,-0.00049409860859844074
10.941666666666686,-0.0001060635099085903
10.950000000000019,0.00035121762984175635
10.958333333333352,0.000739540953255936
10.966666666666685,0.001198377944831506
10.975000000000017,0.00054776842313718948
10.98333333333335,-0.00017140030685400251
10.991666666666683,0.000220441956789193
11.000000000000016,0.00068201937973902773
11.008333333333349,3.3375502483911222e-05
11.016666666666682,-0.00068459896527771856
11.025000000000015,-0.0002923319784036624
11.033333333333347,0.00016890140774772366
11.04166666666668,-0.00048085579133990097
11.050000000000013,-0.0012007144102776899
11.058333333333346,-0.00081110555214444226
11.066666666666679,-0.00035330778154559763
11.075000000000012,3.4476189843315283e-05
11.083333333333345,0.00049171691440701127
11.091666666666677,-0.00016154861610627691
11.10000000000001,-0.00088443653634392538
11.108333333333343,-0.00049738224849870869
11.116666666666676,-4.1668477423706317e-05
11.125000000000009,0.00034449876579874554
11.133333333333342,0.00080058767468783431
11.141666666666675,0.00014663361702318164
11.150000000000007,-0.00057648073430366191
11.15833333333334,-0.00018919102119290218
11.166666666666673,0.00026722018237017374
11.175000000000006,0.00065454775461174463
11.183333333333339,0.0011122616766497592
11.191666666666672,0.00046039999292371868
11.200000000000005,-0.00026015176931742278
11.208333333333337,0.00013017455360190704
11.21666666666667,0.00059010085584782445
11.225000000000003,-6.0331826535574916e-05
11.233333333333336,-0.00078023541914210947
11.241666666666669,-0.0003900408007715564
11.250000000000002,6.8973929567284981e-05
11.258333333333335,0.00045860765263887348
11.266666666666667,0.0009183337780167757
11.275,0.00026819320066253255
11.283333333333333,-0.00045092578178423394
11.291666666666666,-5.9452817940906201e-05
11.299999999999999,0.00040133574090755867
11.308333333333332,-0.00024851779871680962
11.316666666666665,-0.00096812443163654953
11.324999999999998,-0.00057791469083464482
11.33333333333333,-0.00011916649567584353
11.341666666666663,0.00026991873497885134
11.349999999999996,0.00072881355449114118
11.358333333333329,7.7557501133160268e-05
11.366666666666662,-0.00064296265941313376
11.374999999999995,-0.00025317868942082279
11.383333333333328,0.00020563060973996625
11.39166666666666,0.00059526374180236623
11.399999999999993,0.0010551941363960572
11.408333333333326,0.00040546310607639474
11.416666666666659,-0.00031304056683020029
11.424999999999992,7.9254368673341405e-05
11.433333333333325,0.00054107276322067587
11.441666666666658,-0.00010754152109832532
11.44999999999999,-0.00082569766313032172
11.458333333333323,-0.0004338239411244374
11.466666666666656,2.6804096884578928e-05
11.474999999999989,0.00041798777274124467
11.483333333333322,0.00087920281262653273
11.491666666666655,0.00023049231652037553
11.499999999999988,-0.00048725324127676364
11.50833333333332,-9.4461448327938903e-05
11.516666666666653,0.00036759333305258517
11.524999999999986,-0.00028104469079559178
11.533333333333319,-0.00099948468582625096
11.541666666666652,-0.00060815545739954379
11.549999999999985,-0.00014833321624909754
11.558333333333318,0.00024178224550010029
11.56666666666665,0.0007016650198215593
11.574999999999983,5.1356114421803074e-05
11.583333333333316,-0.00066825626858865825
11.591666666666649,-0.00027760253589448195
11.599999999999982,0.00018203982917696152
11.608333333333315,0.00057247059111478543
11.616666666666648,0.0010331643720629675
11.62499999999998,0.00038416360917055924
11.633333333333313,-0.00033364179802892861
11.641666666666646,5.9320453717452743e-05
11.649999999999979,0.00052177621843044664
11.658333333333312,-0.0001262296894640103
11.666666666666645,-0.0008438055294494038
11.674999999999978,-0.00045137871829615042
11.68333333333331,9.7760392940767587e-06
11.691666666666643,0.00040146086395176882
11.699999999999976,0.00086315223020910412
11.708333333333309,0.00021489394167345703
11.716666666666642,-0.00050242283655103058
11.724999999999975,-0.00010922504896917654
11.733333333333308,0.00035321355619485835
11.74166666666664,-0.00029506223816958672
11.749999999999973,-0.0010131610526043049
11.758333333333306,-0.0006215111907597776
11.766666666666639,-0.00016138836905049385
11.774999999999972,0.00022900807840532764
11.783333333333305,0.00068915266215215521
11.791666666666638,3.9086777372991023e-05
11.799999999999971,-0.00068030100221196891
11.808333333333303,-0.00028944074948000504
11.816666666666636,0.00017039036887760533
11.824999999999969,0.0005609924061766114
11.833333333333302,0.0010218402396408339
11.841666666666635,0.00037297652747910663
11.849999999999968,-0.00034470861403246641
11.858333333333301,4.8357301223030417e-05
11.866666666666633,0.00051090028450549881
11.874999999999966,-0.00013703472058616194
11.883333333333299,-0.00085455586335072664
11.891666666666632,-0.00046209048386897767
11.899999999999965,-9.1322038473681515e-07
11.908333333333298,0.0003907780871352266
11.916666666666631,0.00085245992104915184
11.924999999999963,0.00020417606393526133
11.933333333333296,-0.00051318234905422296
11.941666666666629,-0.00012004232497900248
11.949999999999962,0.00034232230539998264
11.958333333333295,-0.0003060437849316752
11.966666666666628,-0.0010242493503005523
11.974999999999961,-0.00063272286254780874
11.983333333333293,-0.00017274021176133671
11.991666666666626,0.0002174990640453711
11.999999999999959,0.00067746923748013711
12.008333333333292,2.7211437770951929e-05
12.016666666666625,-0.00069238604248080134
12.024999999999958,-0.0003017535937606667
12.033333333333291,0.00015783128300618667
12.041666666666623,0.00054816827822177215
12.049999999999956,0.0010087318698536781
12.058333333333289,0.00035956427883727335
12.066666666666622,-0.00035844482127146687
12.074999999999955,3.427657273110549e-05
12.083333333333288,0.00049645395812793723
12.091666666666621,-0.00015186827145960869
12.099999999999953,-0.0008697988409496197
12.108333333333286,-0.00047776571210576965
12.116666666666619,-1.7044158628275359e-05
12.124999999999952,0.00037416730472893708
12.133333333333285,0.0008353444380596218
12.141666666666618,0.00018653025689736017
12.149999999999951,-0.00053138488555819902
12.158333333333283,-0.00013882883175335713
12.166666666666616,0.00032292371932577432
12.174999999999949,-0.00032608347483846977
12.183333333333282,-0.0010449601272942428
12.191666666666615,-0.00065413573167683416
12.199999999999948,-0.0001948872090634446
12.208333333333281,0.00019458481394083108
12.216666666666613,0.00065375345519830524
12.224999999999946,2.6586337857481269e-06
12.233333333333279,-0.00071781259970533321
12.241666666666612,-0.00032809195322671352
12.249999999999945,0.00013054172132355907
12.258333333333278,0.00051988670187401377
12.266666666666611,0.00097941597491427537
12.274999999999944,0.00032917018675846416
12.283333333333276,-0.00038996257750217997
12.291666666666609,1.5880059579454465e-06
12.299999999999942,0.00046254568588395469
12.308333333333275,-0.00018704697596659599
12.316666666666608,-0.00090630059867723503
12.324999999999941,-0.0005156451477272019
12.333333333333274,-5.6357930874584754e-05
12.341666666666606,0.00033336040727714234
12.349999999999939,0.0007929833811863488
12.358333333333272,0.00014255165243326725
12.366666666666605,-0.00057704681995583706
12.374999999999938,-0.00018624240602313954
12.383333333333271,0.00027368758928019018
12.391666666666604,-0.000377215801242733
12.399999999999936,-0.0010980651294212342
12.408333333333269,-0.00070929288930162056
12.416666666666602,-0.00025217902068165241
12.424999999999935,0.00013507268074946981
12.433333333333268,0.00059193199234034485
12.441666666666601,-6.1564647460357662e-05
12.449999999999934,-0.00078453375870212924
12.458333333333266,-0.00039741081821572695
12.466666666666599,5.8521473514947146e-05
12.474999999999932,0.00044505738063289663
12.483333333333265,0.00090166566663664395
12.491666666666598,0.00024838254090779117
12.499999999999931,-0.00047390839610703952
