Time,Theta
0.0083333333333333332,-0.40751747624914686
0.016666666666666666,-0.40790549975730039
0.025000000000000001,-0.40787461343906745
0.033333333333333333,-0.40742480819740284
0.041666666666666664,-0.40655530053132155
0.049999999999999996,-0.40526453128117607
0.058333333333333327,-0.40355016304760821
0.066666666666666666,-0.40140907629010081
0.074999999999999997,-0.39883736411420495
0.083333333333333329,-0.39583032576009058
0.09166666666666666,-0.39238245880921874
0.099999999999999992,-0.38848745013082991
0.10833333333333332,-0.3841381655957653
0.11666666666666665,-0.37932663859209154
0.12499999999999999,-0.37404405738529817
0.13333333333333333,-0.36828075137573524
0.14166666666666666,-0.36298649137925848
0.14999999999999999,-0.35828084460784393
0.15833333333333333,-0.3530661433376942
0.16666666666666666,-0.34733287686272019
0.17499999999999999,-0.34203972844254327
0.18333333333333332,-0.33730741965141153
0.19166666666666665,-0.3320283140437974
0.19999999999999998,-0.32619282653206561
0.20833333333333331,-0.32076794461710006
0.21666666666666665,-0.31587528828466982
0.22499999999999998,-0.31039743121190294
0.23333333333333331,-0.30432448086643532
0.24166666666666664,-0.29863129113823011
0.24999999999999997,-0.29344014049232181
0.2583333333333333,-0.28762380089400208
0.26666666666666666,-0.28216352415418611
0.27500000000000002,-0.27718273977249641
0.28333333333333338,-0.27154803566962837
0.29166666666666674,-0.26624642070479521
0.3000000000000001,-0.2614022940265861
0.30833333333333346,-0.25587648997159751
0.31666666666666682,-0.25066123652618394
0.32500000000000018,-0.24588173635399416
0.33333333333333354,-0.24039339763228376
0.3416666666666669,-0.23519321423770692
0.35000000000000026,-0.23040703824572895
0.35833333333333361,-0.22488509400224033
0.36666666666666697,-0.21962875592024467
0.37500000000000033,-0.2147643803415695
0.38333333333333369,-0.20913718155640212
0.39166666666666705,-0.20375258100287968
0.40000000000000041,-0.19873730012409171
0.40833333333333377,-0.19293166445671517
0.41666666666666713,-0.18734484478057425
0.42500000000000049,-0.18210379151930006
0.43333333333333385,-0.17706563175563614
0.44166666666666721,-0.1723585254155085
0.45000000000000057,-0.16681625664916305
0.45833333333333393,-0.16145430084613274
0.46666666666666728,-0.15640076642566503
0.47500000000000064,-0.15151212625561716
0.483333333333334,-0.14691752441942579
0.49166666666666736,-0.14144510234120203
0.50000000000000067,-0.13611537506448612
0.50833333333333397,-0.13105718763560154
0.51666666666666727,-0.12612623894169703
0.52500000000000058,-0.12145225023364092
0.53333333333333388,-0.11689117894845791
0.54166666666666718,-0.11257354190776506
0.55000000000000049,-0.1073214766631848
0.55833333333333379,-0.10216125573340197
0.5666666666666671,-0.097222761160882687
0.5750000000000004,-0.092361008605716985
0.5833333333333337,-0.087706537325034736
0.59166666666666701,-0.083114558538279537
0.60000000000000031,-0.078716196831497415
0.60833333333333361,-0.074366851907991166
0.61666666666666692,-0.070198167840570896
0.62500000000000022,-0.065026904182883233
0.63333333333333353,-0.059884186960517609
0.64166666666666683,-0.054900641615123667
0.65000000000000013,-0.049930451144241453
0.65833333333333344,-0.045104635825697709
0.66666666666666674,-0.040277473730566532
0.67500000000000004,-0.035580314219688589
0.68333333333333335,-0.030867511724900432
0.69166666666666665,-0.026270682607495752
0.69999999999999996,-0.0216442370445376
0.70833333333333326,-0.017119999360874754
0.71666666666666656,-0.012552413292329926
0.72499999999999987,-0.0080734545509168719
0.73333333333333317,-0.0035375769449385508
0.74166666666666647,0.00092314709313948595
0.74999999999999978,0.0054542782452334047
0.75833333333333308,0.0088819711108159231
0.76666666666666639,0.012253196335343093
0.77499999999999969,0.015711910317904865
0.78333333333333299,0.019124379414437551
0.7916666666666663,0.022634623561007192
0.7999999999999996,0.026108983709535037
0.8083333333333329,0.029691566552641175
0.81666666666666621,0.033248825232727472
0.82499999999999951,0.036924976778635175
0.83333333333333282,0.040586624783746472
0.84166666666666612,0.044378120524864124
0.84999999999999942,0.048166257287399136
0.85833333333333273,0.052095544802235418
0.86666666666666603,0.054993019573726702
0.87499999999999933,0.057903163735970264
0.88333333333333264,0.0609690752262637
0.89166666666666594,0.06405658061194619
0.89999999999999925,0.067309001814181743
0.90833333333333255,0.070592478420534968
0.91666666666666585,0.07405057637514792
0.92499999999999916,0.076511540981565998
0.93333333333333246,0.079017464350217337
0.94166666666666576,0.081710615231955053
0.94999999999999907,0.084456465698635907
0.95833333333333237,0.08739759344265817
0.96666666666666567,0.090399881995081866
0.97499999999999898,0.093606233596721711
0.98333333333333228,0.095846791785071273
0.99166666666666559,0.098161265184276883
0.99999999999999889,0.10069136858645411
1.0083333333333322,0.10330257284459707
1.0166666666666655,0.10613698010197768
1.0249999999999988,0.10802593217887513
1.0333333333333321,0.11000705365350606
1.0416666666666654,0.11222134361314869
1.0499999999999987,0.11453400420182079
1.058333333333332,0.11708647866334394
1.0666666666666653,0.11974451284278852
1.0749999999999986,0.12265000137568713
1.0833333333333319,0.12463700632287478
1.0916666666666652,0.12674093339552611
1.0999999999999985,0.1291026644534366
1.1083333333333318,0.13055661795464196
1.1166666666666651,0.13213640924678199
1.1249999999999984,0.13398197630879349
1.1333333333333317,0.13595840357500596
1.1416666666666651,0.13820617833923865
1.1499999999999984,0.13956124868010214
1.1583333333333317,0.14105557045882136
1.166666666666665,0.14282874968284096
1.1749999999999983,0.14474595420647063
1.1833333333333316,0.14694738019157891
1.1916666666666649,0.14827064173698701
1.1999999999999982,0.14974609802700278
1.2083333333333315,0.1515131211304423
1.2166666666666648,0.15240966523349175
1.2249999999999981,0.15346462618581203
1.2333333333333314,0.15481661174425801
1.2416666666666647,0.15633049671598617
1.249999999999998,0.15814555192360291
1.2583333333333313,0.15910122586485054
1.2666666666666646,0.16022522572510062
1.2749999999999979,0.1616560973554538
1.2833333333333312,0.16223353696751017
1.2916666666666645,0.16298401139999283
1.2999999999999978,0.16404539427847287
1.3083333333333311,0.1652824037336143
1.3166666666666644,0.16683363320662964
1.3249999999999977,0.16754012769508012
1.333333333333331,0.1684274868717856
1.3416666666666643,0.16963365683875645
1.3499999999999976,0.16999986187059296
1.358333333333331,0.17055063048926608
1.3666666666666643,0.17142330856238266
1.3749999999999976,0.17145908628686346
1.3833333333333309,0.17168164114473813
1.3916666666666642,0.17222775903693049
1.3999999999999975,0.17296170125744681
1.4083333333333308,0.17402104058724391
1.4166666666666641,0.1742478481974693
1.4249999999999974,0.17466552147588593
1.4333333333333307,0.1754110754401596
1.441666666666664,0.17532648887693394
1.4499999999999973,0.17543441348771244
1.4583333333333306,0.17587134322118683
1.4666666666666639,0.17547894657902091
1.4749999999999972,0.17527933479338892
1.4833333333333305,0.17540851087702744
1.4916666666666638,0.17573028367788204
1.4999999999999971,0.17638148308201454
1.5083333333333304,0.17620419632757947
1.5166666666666637,0.17622073192243212
1.524999999999997,0.17656741376479576
1.5333333333333303,0.17608595780930214
1.5416666666666636,0.17579819665707438
1.5499999999999969,0.17583997621505634
1.5583333333333302,0.17505241607887731
1.5666666666666635,0.17445706824813501
1.5749999999999968,0.17418932211993263
1.5833333333333302,0.17411243659239872
1.5916666666666635,0.17436264609166849
1.5999999999999968,0.17378099466302116
1.6083333333333301,0.17338964784317845
1.6166666666666634,0.17332435444904876
1.6249999999999967,0.17242547376719961
1.63333333333333,0.17171493871568944
1.6416666666666633,0.17132803229769122
1.6499999999999966,0.17112777615930702
1.6583333333333299,0.17125029139068551
1.6666666666666632,0.17053569578385502
1.6749999999999965,0.17000662663576249
1.6833333333333298,0.16979870765311661
1.6916666666666631,0.16875125643457062
1.6999999999999964,0.16788673706382568
1.7083333333333297,0.16734029339762377
1.716666666666663,0.16595019703149916
1.7249999999999963,0.16473892937889403
1.7333333333333296,0.16384116472975349
1.7416666666666629,0.16311904494494475
1.7499999999999962,0.16270807481318944
1.7583333333333295,0.16144564123996782
1.7666666666666628,0.16035535012261357
1.7749999999999961,0.15957219004395262
1.7833333333333294,0.15895833514359869
1.7916666666666627,0.15864957611513464
1.799999999999996,0.15748252707876034
1.8083333333333294,0.15648173470982521
1.8166666666666627,0.15578243452977028
1.824999999999996,0.15422006674965108
1.8333333333333293,0.15281916225359912
1.8416666666666626,0.15171441100982325
1.8499999999999959,0.15076735112727002
1.8583333333333292,0.15011345217057964
1.8666666666666625,0.14858699905422726
1.8749999999999958,0.14721364257316424
1.8833333333333291,0.14612825972896895
1.8916666666666624,0.14519226943633834
1.8999999999999957,0.14454129822920692
1.908333333333329,0.14300848079660924
1.9166666666666623,0.14162047055893306
1.9249999999999956,0.14051225876226098
1.9333333333333289,0.13954509322684608
1.9416666666666622,0.13885468672924087
1.9499999999999955,0.13727298483954523
1.9583333333333288,0.13582756367307672
1.9666666666666621,0.13465346033842729
1.9749999999999954,0.13361169261804609
1.9833333333333287,0.13283799193302284
1.991666666666662,0.13116303549325542
1.9999999999999953,0.12961527201192447
2.0083333333333289,0.12832971736134544
2.0166666666666622,0.12716709160358144
2.0249999999999955,0.1262630772140089
2.0333333333333288,0.12444696629283139
2.0416666666666621,0.12274805269692077
2.0499999999999954,0.12130126210926656
2.0583333333333287,0.11996693843382333
2.066666666666662,0.11888064440249649
2.0749999999999953,0.1168701358306963
2.0833333333333286,0.114965538972884
2.0916666666666619,0.11330161516833266
2.0999999999999952,0.11173824065809491
2.1083333333333285,0.11041078091039008
2.1166666666666618,0.10917951672828234
2.1249999999999951,0.10818038783743113
2.1333333333333284,0.10623955596594586
2.1416666666666617,0.1043887496881401
2.149999999999995,0.1027630202694028
2.1583333333333283,0.10122208773056243
2.1666666666666616,0.099901549422615643
2.1749999999999949,0.098661496538595017
2.1833333333333282,0.09763804519786444
2.1916666666666615,0.095655786432798928
2.1999999999999948,0.093747728528935426
2.2083333333333282,0.09204902090568548
2.2166666666666615,0.090419088440215775
2.2249999999999948,0.088993572190654305
2.2333333333333281,0.087632228864370471
2.2416666666666614,0.086471164906704756
2.2499999999999947,0.084333315727479083
2.258333333333328,0.08225273048939237
2.2666666666666613,0.080364472195212075
2.2749999999999946,0.078527508552589623
2.2833333333333279,0.076877338259350281
2.2916666666666612,0.075273213770859437
2.2999999999999945,0.073851042832232566
2.3083333333333278,0.072470358715690866
2.3166666666666611,0.071267454966045016
2.3249999999999944,0.070102142225747982
2.3333333333333277,0.069111079714812701
2.341666666666661,0.067115532426957281
2.3499999999999943,0.065151430052175843
2.3583333333333276,0.063354252199569389
2.3666666666666609,0.06158285946577037
2.3749999999999942,0.05997307313949081
2.3833333333333275,0.058383982004358854
2.3916666666666608,0.056951725856996684
2.3999999999999941,0.055535614786725869
2.4083333333333274,0.054272086568476458
2.4166666666666607,0.053020666169310809
2.424999999999994,0.051918071230807966
2.4333333333333274,0.050824035719220603
2.4416666666666607,0.049875541251497194
2.449999999999994,0.047892289476549499
2.4583333333333273,0.045911643261812324
2.4666666666666606,0.044069264682732999
2.4749999999999939,0.042223741166610103
2.4833333333333272,0.040510975371823833
2.4916666666666605,0.038789712076472901
2.4999999999999938,0.037196072914142071
2.5083333333333271,0.035588949727766918
2.5166666666666604,0.03410466337021565
2.5249999999999937,0.032602242733820966
2.533333333333327,0.031218189795535409
2.5416666666666603,0.029811660783548948
2.5499999999999936,0.02851932219269716
2.5583333333333269,0.027200448194825408
2.5666666666666602,0.025991854530912305
2.5749999999999935,0.0247529242553115
2.5833333333333268,0.023620608278566137
2.5916666666666601,0.022454389809278913
2.5999999999999934,0.021391341920327694
2.6083333333333267,0.020291039574658738
2.61666666666666,0.019290665955712806
2.6249999999999933,0.018249879699574405
2.6333333333333266,0.017305962900564336
2.6416666666666599,0.016318650091650337
2.6499999999999932,0.015425311836339266
2.6583333333333266,0.014485751076165803
2.6666666666666599,0.013637417074165598
2.6749999999999932,0.012740173960466139
2.6833333333333265,0.011931540521202504
2.6916666666666598,0.011071435101826316
2.6999999999999931,0.01029743735580319
2.7083333333333264,0.0094695130941036439
2.7166666666666597,0.008725294635277752
2.724999999999993,0.0079247887049680096
2.7333333333333263,0.0072056724756449668
2.7416666666666596,0.006427987210232129
2.7499999999999929,0.0057294474566305532
2.7583333333333262,0.0049701227848117637
2.7666666666666595,0.0042877579173104807
2.7749999999999928,0.0035424446211261636
2.7833333333333261,0.0028719508182153317
2.7916666666666594,0.002136384455310599
2.7999999999999927,0.0014735298544160224
2.808333333333326,0.00074350518946616605
2.8166666666666593,8.4104511113403005e-05
2.8249999999999926,-0.0006445496956705379
2.8333333333333259,-0.0013046602414333755
2.8416666666666592,-0.0020361062387822151
2.8499999999999925,-0.0027010939131715604
2.8583333333333258,-0.0034395099050965492
2.8666666666666591,-0.0041135704172824885
2.8749999999999925,-0.0048631755997995355
2.8833333333333258,-0.0055505582482464778
2.8916666666666591,-0.006315638085488906
2.8999999999999924,-0.0070206712135884265
2.9083333333333257,-0.0078056031036214998
2.916666666666659,-0.0085327200209842826
2.9249999999999923,-0.0093419995037795998
2.9333333333333256,-0.010095765027118005
2.9416666666666589,-0.010934032690129148
2.9499999999999922,-0.011719170461069501
2.9583333333333255,-0.012591239701676867
2.9666666666666588,-0.013412660443095871
2.9749999999999921,-0.014323546251863528
2.9833333333333254,-0.015186377129451973
2.9916666666666587,-0.016141326063667246
2.999999999999992,-0.01705094132538966
3.0083333333333253,-0.018055462848739864
3.0166666666666586,-0.019017515921683253
3.0249999999999919,-0.020077415293162537
3.0333333333333252,-0.021097872524947263
3.0416666666666585,-0.022219285428174213
3.0499999999999918,-0.023304461668626895
3.0583333333333251,-0.024493890781675891
3.0666666666666584,-0.025650487009817844
3.0749999999999917,-0.02691484072539848
3.083333333333325,-0.028149983936952189
3.0916666666666583,-0.029496617453270042
3.0999999999999917,-0.029776697661720242
3.108333333333325,-0.030031967873608973
3.1166666666666583,-0.030401628043030125
3.1249999999999916,-0.030747406112023312
3.1333333333333249,-0.031208636525234999
3.1416666666666582,-0.031647185572022826
3.1499999999999915,-0.032202524725585255
3.1583333333333248,-0.032736663195505354
3.1666666666666581,-0.033389212803137731
3.1749999999999914,-0.034022331137416047
3.1833333333333247,-0.034775774471849076
3.191666666666658,-0.035511855166348569
3.1999999999999913,-0.036370478840815103
3.2083333333333246,-0.037214120002845637
3.2166666666666579,-0.038182839311633583
3.2249999999999912,-0.039139281843698644
3.2333333333333245,-0.040223669799560859
3.2416666666666578,-0.040258089546794086
3.2499999999999911,-0.040283451756010231
3.2583333333333244,-0.040438544762189825
3.2666666666666577,-0.040584837598962156
3.274999999999991,-0.040861301970311424
3.2833333333333243,-0.041129586840526658
3.2916666666666576,-0.041528847297631864
3.2999999999999909,-0.041920915817613813
3.3083333333333242,-0.042445131988830771
3.3166666666666575,-0.042963516461791397
3.3249999999999909,-0.043615595520414281
3.3333333333333242,-0.044263583786874602
3.3416666666666575,-0.0450471974978306
3.3499999999999908,-0.045828852237541302
3.3583333333333241,-0.046748458502010405
3.3666666666666574,-0.046628255079285488
3.3749999999999907,-0.046508568685519114
3.383333333333324,-0.046527918951406677
3.3916666666666573,-0.046547620062121819
3.3999999999999906,-0.046706405727751886
3.4083333333333239,-0.046865794183159587
3.4166666666666572,-0.047164731498480966
3.4249999999999905,-0.047464943049575319
3.4333333333333238,-0.047905586862316309
3.4416666666666571,-0.04834859972137847
3.4499999999999904,-0.048933352478272567
3.4583333333333237,-0.049521998830356559
3.466666666666657,-0.050254124565145789
3.4749999999999903,-0.049951930090167969
3.4833333333333236,-0.049655259323830685
3.4916666666666569,-0.049502333381811044
3.4999999999999902,-0.049354239980330894
3.5083333333333235,-0.049349431682395847
3.5166666666666568,-0.049349209803149732
3.5249999999999901,-0.049492254705649462
3.5333333333333234,-0.04964008335352714
3.5416666666666567,-0.049931601724544583
3.5499999999999901,-0.050228545650971616
3.5583333333333234,-0.050670045944974984
3.5666666666666567,-0.051118061758599148
3.57499999999999,-0.051711949315231771
3.5833333333333233,-0.051273809763686812
3.5916666666666566,-0.050843192097699913
3.5999999999999899,-0.050558100596213344
3.6083333333333232,-0.050279440300194371
3.6166666666666565,-0.050145454673675954
3.6249999999999898,-0.050017264264710155
3.6333333333333231,-0.050033346663821504
3.6416666666666564,-0.050055039070894106
3.6499999999999897,-0.050221049686293602
3.658333333333323,-0.050392934640186245
3.6666666666666563,-0.05070963070069591
3.6749999999999896,-0.051032916399480772
3.6833333333333229,-0.051501956447811949
3.6916666666666562,-0.050938653160117475
3.6999999999999895,-0.050382382624417701
3.7083333333333228,-0.049970959537387942
3.7166666666666561,-0.049565100774900686
3.7249999999999894,-0.049302860012508123
3.7333333333333227,-0.049045164749434718
3.741666666666656,-0.048930301353409013
3.7499999999999893,-0.048819408048475697
3.7583333333333226,-0.048850999177009913
3.7666666666666559,-0.048886424853258989
3.7749999999999893,-0.049064424171308942
3.7833333333333226,-0.049246561419115209
3.7916666666666559,-0.04957179865083864
3.7999999999999892,-0.048861689603767015
3.8083333333333225,-0.048155512928114284
3.8166666666666558,-0.047590871981963496
3.8249999999999891,-0.047028241059924279
3.8333333333333224,-0.046605454089422939
3.8416666666666557,-0.046183183262187233
3.849999999999989,-0.045899485420135382
3.8583333333333223,-0.045615229299159996
3.8666666666666556,-0.045468688546094406
3.8749999999999889,-0.045320928035824534
3.8833333333333222,-0.045310433575052753
3.8916666666666555,-0.045298466764766343
3.8999999999999888,-0.045423722322326901
3.9083333333333221,-0.045547660199642355
3.9166666666666554,-0.045809182113396595
3.9249999999999887,-0.045029495782848199
3.933333333333322,-0.044247999039460931
3.9416666666666553,-0.043602212134575755
3.9499999999999886,-0.042952458995453698
3.9583333333333219,-0.042436472544213275
3.9666666666666552,-0.041914756836499673
3.9749999999999885,-0.04152524929866501
3.9833333333333218,-0.041128631666933535
3.9916666666666551,-0.040863039143280211
3.9999999999999885,-0.040589329533901403
4.0083333333333222,-0.040445830446180442
4.0166666666666559,-0.040293575015648925
4.0249999999999897,-0.04027107917546028
4.0333333333333234,-0.040239551552852963
4.0416666666666572,-0.040337693560405528
4.0499999999999909,-0.040426890416898412
4.0583333333333247,-0.040646027353462198
4.0666666666666584,-0.03981593591773909
4.0749999999999922,-0.0389762158044877
4.0833333333333259,-0.038264338401058653
4.0916666666666597,-0.037540491669127811
4.0999999999999934,-0.036942334733943823
4.1083333333333272,-0.03633021279140377
4.1166666666666609,-0.035841964251182079
4.1249999999999947,-0.035338087987361946
4.1333333333333284,-0.034956594515977407
4.1416666666666622,-0.034558133543790823
4.1499999999999959,-0.034280881714510512
4.1583333333333297,-0.033985637451505971
4.1666666666666634,-0.033810738681597528
4.1749999999999972,-0.033617131176829407
4.1833333333333309,-0.033543310381185534
4.1916666666666647,-0.033450368815016202
4.1999999999999984,-0.033476956705463648
4.2083333333333321,-0.03348431350934275
4.2166666666666659,-0.033611242496242442
4.2249999999999996,-0.032678071908030737
4.2333333333333334,-0.031724571397777443
4.2416666666666671,-0.03088808703757908
4.2500000000000009,-0.030028576768070088
4.2583333333333346,-0.029283540288085077
4.2666666666666684,-0.028513060770668428
4.2750000000000021,-0.02785478225794991
4.2833333333333359,-0.027168907901686769
4.2916666666666696,-0.026593217855047903
4.3000000000000034,-0.025988030522816712
4.3083333333333371,-0.025491254911969345
4.3166666666666709,-0.024963320483574667
4.3250000000000046,-0.024542258749366868
4.3333333333333384,-0.024088606558834904
4.3416666666666721,-0.023740512429191854
4.3500000000000059,-0.023358617458934503
4.3583333333333396,-0.023081182470477656
4.3666666666666734,-0.022768950200150358
4.3750000000000071,-0.022560289830480716
4.3833333333333409,-0.022316043653160006
4.3916666666666746,-0.022174685983467113
4.4000000000000083,-0.021997157116261542
4.4083333333333421,-0.021922033958293195
4.4166666666666758,-0.021810353788711732
4.4250000000000096,-0.021800794224252504
4.4333333333333433,-0.021754489047633257
4.4416666666666771,-0.021810215342540799
4.4500000000000108,-0.021829203459638492
4.4583333333333446,-0.021950329328226523
4.4666666666666783,-0.020993458381531199
4.4750000000000121,-0.019998725538989941
4.4833333333333458,-0.019103475454716301
4.4916666666666796,-0.018167521579512336
4.5000000000000133,-0.017328305240949259
4.5083333333333471,-0.016445716191458567
4.5166666666666808,-0.015657283106217102
4.5250000000000146,-0.014822965317488746
4.5333333333333483,-0.014080370171514032
4.5416666666666821,-0.013289520150800907
4.5500000000000158,-0.012588093175696112
4.5583333333333496,-0.011836168721745781
4.5666666666666833,-0.011171487702179267
4.5750000000000171,-0.01045418067984492
4.5833333333333508,-0.0098220444366757271
4.5916666666666845,-0.0091352549468460709
4.6000000000000183,-0.0085316581396897521
4.608333333333352,-0.0078714699322061654
4.6166666666666858,-0.0072925790324787267
4.6250000000000195,-0.0066552360166147921
4.6333333333333533,-0.0060973663086464104
4.641666666666687,-0.0054792500218804443
4.6500000000000208,-0.0049388434954954971
4.6583333333333545,-0.0043364513967226286
4.6666666666666883,-0.0038100553997517366
4.675000000000022,-0.0032199798577730232
4.6833333333333558,-0.0027042263813105549
4.6916666666666895,-0.0021231342334148487
4.7000000000000233,-0.0016147197062746656
4.708333333333357,-0.0010393322650076547
4.7166666666666908,-0.00053499773677304031
4.7250000000000245,3.7928874422319275e-05
4.7333333333333583,0.00054141728010129858
4.741666666666692,0.0011151115797784989
4.7500000000000258,0.0016209820584070971
4.7583333333333595,0.00219867656471181
4.7666666666666933,0.002710170986550639
4.775000000000027,0.0032951215951164212
4.7833333333333607,0.0038155149387771726
4.7916666666666945,0.0044110204366146748
4.8000000000000282,0.0049436404166951472
4.808333333333362,0.0055530622485295998
4.8166666666666957,0.0061013092544254842
4.8250000000000295,0.0067280916593668192
4.8333333333333632,0.0072954591241633166
4.841666666666697,0.0079431497626962048
4.8500000000000307,0.0085332450834862475
4.8583333333333645,0.0092055162775510537
4.8666666666666982,0.0098220824116569024
4.875000000000032,0.010522753124066218
4.8833333333333657,0.011169690989468042
4.8916666666666995,0.0119027496730782
4.9000000000000332,0.011542471692209979
4.908333333333367,0.01113009460329344
4.9166666666667007,0.010803873759814257
4.9250000000000345,0.0104244426685163
4.9333333333333682,0.010130107992429794
4.941666666666702,0.0097815494219391924
4.9500000000000357,0.0095171215503057141
4.9583333333333695,0.0091975475243104149
4.9666666666667032,0.0089612268039094261
4.9750000000000369,0.0086689234993825616
4.9833333333333707,0.0084590791672229
4.9916666666667044,0.0081924966115879527
5.0000000000000382,0.0080076569886466265
5.0083333333333719,0.0077653997397965366
5.0166666666667057,0.0076042433793554014
5.0250000000000394,0.0073850621328114272
5.0333333333333732,0.0072464098704179188
5.0416666666667069,0.0070491939434093867
5.0500000000000407,0.0069320018008422329
5.0583333333333744,0.0067557724482968963
5.0666666666667082,0.0066591253489988395
5.0750000000000419,0.0065030298713834702
5.0833333333333757,0.0064261361296584591
5.0916666666667094,0.0062894427373276938
5.1000000000000432,0.0062316292882164618
5.1083333333333769,0.0061137226914411502
5.1166666666667107,0.006074431032612607
5.1250000000000444,0.0059748087307923813
5.1333333333333782,0.0059535915520439247
5.1416666666667119,0.0058718607997872447
5.1500000000000457,0.0058683792798595574
5.1583333333333794,0.0058042547116619091
5.1666666666667131,0.0058182764660664656
5.1750000000000469,0.0057715783652574496
5.1833333333333806,0.0058029760327114686
5.1916666666667144,0.0057736292341968119
5.2000000000000481,0.0058223796930830874
5.2083333333333819,0.0058104131132008727
5.2166666666667156,0.0058765973232415905
5.2250000000000494,0.0058821441138054422
5.2333333333333831,0.0059659475818814728
5.2416666666667169,0.0059892459092190115
5.2500000000000506,0.0060909597820017133
5.2583333333333844,0.006132354235536262
5.2666666666667181,0.0062523770253489581
5.2750000000000519,0.0063123206640382894
5.2833333333333856,0.0064511606181518718
5.2916666666667194,0.0065302176669117112
5.3000000000000531,0.0066884957943249175
5.3083333333333869,0.0067873450064492979
5.3166666666667206,0.0069657987801320176
5.3250000000000544,0.0070852374857000898
5.3333333333333881,0.0072847252423100823
5.3416666666667219,0.0074256741066626615
5.3500000000000556,0.0076471801699058818
5.3583333333333893,0.0078106886905084643
5.3666666666667231,0.0080553292486244057
5.3750000000000568,0.008242582023030888
5.3833333333333906,0.0085116117953718418
5.3916666666667243,0.0087239355975894939
5.4000000000000581,0.0090187553299512779
5.4083333333333918,0.0092576270373086796
5.4166666666667256,0.0095797918705866729
5.4250000000000593,0.0098468472882483893
5.4333333333333931,0.010198076050163188
5.4416666666667268,0.010495119685745888
5.4500000000000606,0.010877305160835645
5.4583333333333943,0.011206321007187962
5.4666666666667281,0.01162154124602798
5.4750000000000618,0.011984704636170126
5.4833333333333956,0.012435235370884116
5.4916666666667293,0.012834925975393124
5.5000000000000631,0.013323254214995011
5.5083333333333968,0.013762070258797769
5.5166666666667306,0.014290909144778477
5.5250000000000643,0.014771682927408965
5.5333333333333981,0.015343987937291198
5.5416666666667318,0.014828190766481059
5.5500000000000655,0.014265238401968658
5.5583333333333993,0.013793150388955499
5.566666666666733,0.013272350221144157
5.5750000000000668,0.012840924025093507
5.5833333333334005,0.012359353309552399
5.5916666666667343,0.011965785924707439
5.600000000000068,0.011520757625896525
5.6083333333334018,0.011162473549505891
5.6166666666667355,0.010751520206643097
5.6250000000000693,0.010426155969104314
5.633333333333403,0.010047014876652896
5.6416666666667368,0.0097524048419825073
5.6500000000000705,0.0094030044567264635
5.6583333333334043,0.0091371678088628724
5.666666666666738,0.0088156153026859602
5.6750000000000718,0.0085767441400679007
5.6833333333334055,0.0082813140242594691
5.6916666666667393,0.0080677624916336687
5.700000000000073,0.0077968862448429595
5.7083333333334068,0.0076071606373693795
5.7166666666667405,0.0073594172752491716
5.7250000000000743,0.0071921670557213635
5.733333333333408,0.006966274585871692
5.7416666666667417,0.0068202842612828498
5.7500000000000755,0.0066150919723544817
5.7583333333334092,0.0064892737811448262
5.766666666666743,0.0063037553199180689
5.7750000000000767,0.0061971426860638751
5.7833333333334105,0.0060303898810078202
5.7916666666667442,0.0059421315956828509
5.800000000000078,0.0057933489899491299
5.8083333333334117,0.0057227040858311646
5.8166666666667455,0.0055912041468695424
5.8250000000000792,0.0055375374343022074
5.833333333333413,0.0054227364113267036
5.8416666666667467,0.005385514649503753
5.8500000000000805,0.0052869290539106174
5.8583333333334142,0.0052657177340486878
5.866666666666748,0.0051829614216136344
5.8750000000000817,0.0051774221427424889
5.8833333333334155,0.005110203980025825
5.8916666666667492,0.0051200924015732917
5.900000000000083,0.0050682145024588034
5.9083333333334167,0.0050933788612620148
5.9166666666667505,0.0050567353829693391
5.9250000000000842,0.0050971155657245576
5.9333333333334179,0.0050756920569851099
5.9416666666667517,0.0051313192224753936
5.9500000000000854,0.0051251925198686791
5.9583333333334192,0.0051961892686014886
5.9666666666667529,0.0052055279403311278
5.9750000000000867,0.0052921090324961669
5.9833333333334204,0.0053171743721626974
5.9916666666667542,0.0054196479981031033
6.0000000000000879,0.0054607955743228246
6.0083333333334217,0.0055795651850197719
6.0166666666667554,0.005637246956065144
6.0250000000000892,0.00577281366448632
6.0333333333334229,0.0058475806705031146
6.0416666666667567,0.0060005462380793113
6.0500000000000904,0.0060930518868888475
6.0583333333334242,0.0062641223128798501
6.0666666666667579,0.0063751262789213479
6.0750000000000917,0.0065651160140330154
6.0833333333334254,0.0066954887736621806
6.0916666666667592,0.0069053255830019509
6.1000000000000929,0.007056053613158338
6.1083333333334267,0.0072867841174879076
6.1166666666667604,0.0074589757886976806
6.1250000000000941,0.0077117717169814465
6.1333333333334279,0.0079066639157960219
6.1416666666667616,0.0081828291062751458
6.1500000000000954,0.0084017946265835756
6.1583333333334291,0.0087027728180518737
6.1666666666667629,0.0089473285652699481
6.1750000000000966,0.0092747120249139746
6.1833333333334304,0.0095465280818708923
6.1916666666667641,0.0099020671209883206
6.2000000000000979,0.01020297672942887
6.2083333333334316,0.010588590163582901
6.2166666666667654,0.010920600680606169
6.2250000000000991,0.011338387296337066
6.2333333333334329,0.011703692190830233
6.2416666666667666,0.012155943286956307
6.2500000000001004,0.011515267826634692
6.2583333333334341,0.010822479710279663
6.2666666666667679,0.010215411800613652
6.2750000000001016,0.0095542782431142434
6.2833333333334354,0.0089769627080875623
6.2916666666667691,0.0083437211263316761
6.3000000000001029,0.0077924818507163112
6.3083333333334366,0.007183537535471891
6.3166666666667703,0.0066548554078244507
6.3250000000001041,0.0060667599580406942
6.3333333333334378,0.0055572517542074474
6.3416666666667716,0.0049866823877026878
6.3500000000001053,0.0044930804691803066
6.3583333333334391,0.0039368200865925332
6.3666666666667728,0.0034559527927697327
6.3750000000001066,0.0029108706759716045
6.3833333333334403,0.0024396432932812084
6.3916666666667741,0.0019026763231228085
6.4000000000001078,0.0014380525174782564
6.4083333333334416,0.00090618679873096528
6.4166666666667753,0.00044517040031875877
6.4250000000001091,-8.4576815936132296e-05
6.4333333333334428,-0.00054495978437556637
6.4416666666667766,-0.0010755579889300383
6.4500000000001103,-0.0015382771477677087
6.4583333333334441,-0.0020727003789421392
6.4666666666667778,-0.0025407387978957927
6.4750000000001116,-0.0030819834710684286
6.4833333333334453,-0.0035583555524390993
6.4916666666667791,-0.0041094584199710127
6.5000000000001128,-0.0035554793108150923
6.5083333333334465,-0.0029374415412812952
6.5166666666667803,-0.0023933050411956845
6.525000000000114,-0.0017833663600919588
6.5333333333334478,-0.0012455988112511404
6.5416666666667815,-0.00064030769009220637
6.5500000000001153,-0.0011472331694752471
6.558333333333449,-0.001725272401743128
6.5666666666667828,-0.0011946446399906598
6.5750000000001165,-0.0005964162397302271
6.5833333333334503,-0.0011103380344489493
6.591666666666784,-0.0016953176201736566
6.6000000000001178,-0.0011715845987994705
6.6083333333334515,-0.00058021571710618013
6.6166666666667853,-5.921317992839032e-05
6.625000000000119,0.00053109317322193393
6.6333333333334528,1.0939845237545304e-05
6.6416666666667865,-0.00057858974875059734
6.6500000000001203,-5.7730953618697427e-05
6.658333333333454,0.00053243389308435334
6.6666666666667878,1.2141082224329577e-05
6.6750000000001215,-0.00057752618070122642
6.6833333333334553,-5.6803446797986973e-05
6.691666666666789,0.00053322674192911844
6.7000000000001227,1.2800474530210955e-05
6.7083333333334565,-0.00057699924388256976
6.7166666666667902,-5.6408162920838434e-05
6.725000000000124,0.00053349097780487772
6.7333333333334577,1.2934070884824522e-05
6.7416666666667915,-0.00057699607452353651
6.7500000000001252,-5.6535403586075014e-05
6.758333333333459,0.00053323314857931718
6.7666666666667927,1.2545278735007727e-05
6.7750000000001265,-0.00057751640019559241
6.7833333333334602,-5.7188030681235569e-05
6.791666666666794,0.00053244725405209828
6.8000000000001277,1.1624950865250913e-05
6.8083333333334615,-0.00057857252854787307
6.8166666666667952,-5.8381530449292383e-05
6.825000000000129,0.00053111460646755853
6.8333333333334627,1.0151170287790953e-05
6.8416666666667965,-0.0005801896383551006
6.8500000000001302,-6.0144380904021675e-05
6.858333333333464,0.00052920338618821455
6.8666666666667977,8.0887283461572384e-06
6.8750000000001315,-0.00058240637975913543
6.8833333333334652,-6.2518731309645084e-05
6.8916666666667989,0.0005266678819657825
6.9000000000001327,5.3882836055714375e-06
6.9083333333334664,-0.00058527579801253334
6.9166666666668002,-6.5561409936202122e-05
6.9250000000001339,0.00052344739767103403
6.9333333333334677,1.9851814373173752e-06
6.9416666666668014,-0.00058886660280112158
6.9500000000001352,-6.9345284184755854e-05
6.9583333333334689,0.00051946479933536447
6.9666666666668027,-2.20209394202273e-06
6.9750000000001364,-0.00059326481351882753
6.9833333333334702,-7.3961005635207625e-05
6.9916666666668039,0.00051462466772314846
7.0000000000001377,-7.2738720373987831e-06
7.0083333333334714,-0.0005985758198910349
7.0166666666668052,-7.9519181807293066e-05
7.0250000000001389,0.00050881101218758836
7.0333333333334727,-1.3351700018208826e-05
7.0416666666668064,-0.00060492690730908939
7.0500000000001402,-8.6153026663892001e-05
7.0583333333334739,0.00050188449103665477
7.0666666666668077,-2.0581255636685409e-05
7.0750000000001414,-0.00061247030738740312
7.0833333333334751,-9.4021553370814015e-05
7.0916666666668089,0.00049367907179728699
7.1000000000001426,-2.913583893062279e-05
7.1083333333334764,-0.00062138684685340969
7.1166666666668101,-0.00010331338583427401
7.1250000000001439,0.00048399805133127991
7.1333333333334776,-3.9220526401772297e-05
7.1416666666668114,-0.00063189028223156285
7.1500000000001451,-0.0001142512803782496
7.1583333333334789,0.0004726093404030363
7.1666666666668126,-5.1077087249623541e-05
7.1750000000001464,-0.00064423242422987151
7.1833333333334801,-0.00012709746595487853
7.1916666666668139,0.00045923989965925932
7.2000000000001476,-6.4989779515750977e-05
7.2083333333334814,-0.00065870917467561105
7.2166666666668151,-0.00014215993091037921
7.2250000000001489,0.00044356919363078843
7.2333333333334826,-8.1292165094593846e-05
7.2416666666668164,-0.00067566762072990944
7.2500000000001501,-0.00015979980702740082
7.2583333333334838,0.00042522150581901752
7.2666666666668176,0.00094138393251264421
7.2750000000001513,0.0015283506635768627
7.2833333333334851,0.0010063540057671215
7.2916666666668188,0.00041647359954252879
7.3000000000001526,-0.00010328599804385077
7.3083333333334863,-0.00069259314291792654
7.3166666666668201,-0.00017168287539071772
7.3250000000001538,0.00041836260359053051
7.3333333333334876,-0.00010222059714133289
7.3416666666668213,-0.00069234967080285476
7.3500000000001551,-0.00017226088993098837
7.3583333333334888,0.00041696231285138162
7.3666666666668226,-0.00010444518648302811
7.3750000000001563,-0.00069540181657661048
7.3833333333334901,-0.00017614509173672905
7.3916666666668238,0.00041224030985201159
7.4000000000001576,-0.00011001199177633097
7.4083333333334913,-0.00070182169062142901
7.4166666666668251,-0.00018342758218210293
7.4250000000001588,0.00040408436602213808
7.4333333333334926,-0.00011905353510028262
7.4416666666668263,-0.00071176230529539618
7.45000000000016,-0.00019428209153786279
7.4583333333334938,0.00039229977466222432
7.4666666666668275,-0.00013178578942028217
7.4750000000001613,-0.00072546122161307809
7.483333333333495,-0.00020896812325111138
7.4916666666668288,0.00037660470289777319
7.5000000000001625,0.00089324572639344299
7.5083333333334963,0.0014806188455848055
7.51666666666683,0.00095895690544263858
7.5250000000001638,0.00036934012491822036
7.5333333333334975,-0.00015022650999184752
7.5416666666668313,-0.00073941108193219121
7.550000000000165,-0.00021844846467059748
7.5583333333334988,0.00037157924844102586
7.5666666666668325,-0.00014909185632794246
7.5750000000001663,-0.00073937909366049762
7.5833333333335,-0.00021951899049887995
7.5916666666668338,0.00036940470695691243
7.6000000000001675,-0.00015237357016679751
7.6083333333335013,-0.00074377279600035848
7.616666666666835,-0.00022503116642356432
7.6250000000001688,0.00036276589848564881
7.6333333333335025,-0.00016014885862305412
7.6416666666668362,-0.00075269611445634964
7.65000000000017,-0.00023511578977147745
7.6583333333335037,0.00035150496030543059
7.6666666666668375,-0.00017260288382765014
7.6750000000001712,-0.00076636178559670858
7.683333333333505,-0.00025001348817428609
7.6916666666668387,0.00033535301558201358
7.7000000000001725,0.00085172590996305619
7.7083333333335062,0.0014387686825922414
7.71666666666684,0.00091671362375636111
7.7250000000001737,0.00032664042803320871
7.7333333333335075,-0.00019344657312749122
7.7416666666668412,-0.00078321625652571223
7.750000000000175,-0.00026290439208505111
7.7583333333335087,0.00032640598099709296
7.7666666666668425,-0.00019505011975836457
7.7750000000001762,-0.00078619117852967303
7.78333333333351,-0.00026725502264849369
7.7916666666668437,0.00032067324841704003
7.8000000000001775,-0.00020217341914838304
7.8083333333335112,-0.00079471559350235781
7.816666666666845,-0.00027719320661285797
7.8250000000001787,0.00030930652871717971
7.8333333333335124,0.00082677351121466537
7.8416666666668462,0.0014148728634262009
7.8500000000001799,0.0008938384265086719
7.8583333333335137,0.00030475146110970892
7.8666666666668474,-0.00021438220678824359
7.8750000000001812,-0.00080323003206552248
7.8833333333335149,-0.00028202641211337869
7.8916666666668487,0.00030814696511399943
7.9000000000001824,-0.00021247358521846968
7.9083333333335162,-0.00080280529238367778
7.9166666666668499,-0.00028308477825034813
7.9250000000001837,0.00030560404553927456
7.9333333333335174,-0.00021650473135868942
7.9416666666668512,-0.00080833056908042288
7.9500000000001849,-0.00029011233227521443
7.9583333333335187,0.00029706381935444993
7.9666666666668524,-0.00022657029087941511
7.9750000000001862,-0.00081993640900831057
7.9833333333335199,-0.00030327571478307245
7.9916666666668537,0.00028232330577696908
8.0000000000001865,0.00079884921693843523
8.0083333333335194,0.0013859657242061001
8.0166666666668522,0.00086390515682594751
8.0250000000001851,0.00027374727992060538
8.033333333333518,-0.00024650366525836003
8.0416666666668508,-0.00083651681836710416
8.0500000000001837,-0.00031652834102875022
8.0583333333335165,0.0002723782821653096
8.0666666666668494,-0.00024956252468106199
8.0750000000001823,-0.00084126996696367445
8.0833333333335151,-0.00032298274898675682
8.091666666666848,0.00026421309793491507
8.1000000000001808,0.00078230854313132746
8.1083333333335137,0.0013709696414503834
8.1166666666668466,0.00085043101781153124
8.1250000000001794,0.00026177474057870079
8.1333333333335123,-0.00025699268854297692
8.1416666666668451,-0.00084553818916843662
8.150000000000178,-0.00032409572751064281
8.1583333333335109,0.00026625339857386222
8.1666666666668437,-0.00025425422216917713
8.1750000000001766,-0.00084453564611377467
8.1833333333335094,-0.00032482744144052468
8.1916666666668423,0.00026378649332993903
8.2000000000001751,-0.00025845985429473819
8.208333333333508,-0.00085048614724718072
8.2166666666668409,-0.00033253157293235342
8.2250000000001737,0.00025431734589011722
8.2333333333335066,0.00077205106431777934
8.2416666666668394,0.0013603350925664017
8.2500000000001723,0.00083940347663963408
8.2583333333335052,0.00025033771103067791
8.266666666666838,-0.00026885630886286707
8.2750000000001709,-0.000857846145736635
8.2833333333335037,-0.00033686643885393806
8.2916666666668366,0.00025300082994045726
8.3000000000001695,-0.00026800846945532355
8.3083333333335023,-0.00085881214485262201
8.3166666666668352,-0.00033964755538502854
8.325000000000168,0.00024840059677973578
8.3333333333335009,-0.0002744345448852522
8.3416666666668338,-0.00086707352531620264
8.3500000000001666,-0.00034975645989828396
8.3583333333334995,0.00023642918618480043
8.3666666666668323,0.00075347288430317402
8.3750000000001652,0.0013410391059440559
8.3833333333334981,0.00081936079668342809
8.3916666666668309,0.00022951835897951222
8.4000000000001638,-0.00029048346238053898
8.4083333333334966,-0.00088031344754252905
8.4166666666668295,-0.00036020750845827437
8.4250000000001624,0.00022875108141051734
8.4333333333334952,-0.00029320316320808416
8.4416666666668281,-0.00088498946611750753
8.4500000000001609,-0.00036684667499540911
8.4583333333334938,0.00022013899757419202
8.4666666666668267,0.00073795823239485459
8.4750000000001595,0.001326276660009257
8.4833333333334924,0.00080532833517652771
8.4916666666668252,0.00021619477523431352
8.5000000000001581,-0.00030311820274443063
8.508333333333491,-0.00089227835041231747
8.5166666666668238,-0.0003715205827921325
8.5250000000001567,0.00021807281381663207
8.5333333333334895,-0.00030326269043649091
8.5416666666668224,-0.00089444539167201752
8.5500000000001553,-0.0003757132384474667
8.5583333333334881,0.00021184844811731945
8.566666666666821,0.00073023121755687185
8.5750000000001538,0.0013191015434254865
8.5833333333334867,0.00079869429896007986
8.5916666666668196,0.00021009182252222351
8.6000000000001524,-0.00030869926813644014
8.6083333333334853,-0.00089734594419942136
8.6166666666668181,-0.00037608235404744617
8.625000000000151,0.00021400997859579563
8.6333333333334838,-0.00030683272657425914
8.6416666666668167,-0.00089752802688337842
8.6500000000001496,-0.00037831314209992652
8.6583333333334824,0.00020972733294216737
8.6666666666668153,-0.00031317345737661383
8.6750000000001481,-0.00090593615591626154
8.683333333333481,-0.00038880108716010219
8.6916666666668139,0.00019714404334262016
8.7000000000001467,0.00071388837017361711
8.7083333333334796,0.0013010959067588513
8.7166666666668124,0.00077899901204754986
8.7250000000001453,0.00018867751605934838
8.7333333333334782,-0.00033186452710436078
8.741666666666811,-0.00092229672000572038
8.7500000000001439,-0.00040285590386774674
8.7583333333334767,0.00018537368658741934
8.7666666666668096,0.00070438461856872593
8.7750000000001425,0.0012938443011766387
8.7833333333334753,0.00077398846067052872
8.7916666666668082,0.00018590029636340798
8.800000000000141,-0.00033241278623792397
8.8083333333334739,-0.00092061704911878162
8.8166666666668068,-0.00039894599233488684
8.8250000000001396,0.00019151949131834004
8.8333333333334725,-0.00032898381083075798
8.8416666666668053,-0.00091937294771668346
8.8500000000001382,-0.00039988469409139068
8.8583333333334711,0.00018839678386999354
8.8666666666668039,-0.00033429500030506633
8.8750000000001368,-0.00092688037665816965
8.8833333333334696,-0.00040959941745145087
8.8916666666668025,0.00017646040875532405
8.9000000000001354,0.00069328842118017442
8.9083333333334682,0.0012805487537851379
8.9166666666668011,0.00075847382035145253
8.9250000000001339,0.00016814351136227654
8.9333333333334668,-0.00035243811841555997
8.9416666666667997,-0.00094294073711270515
8.9500000000001325,-0.00042360130545039389
8.9583333333334654,0.00016449580829480459
8.9666666666667982,0.00068334298554486965
8.9750000000001311,0.0012726073848121318
8.983333333333464,0.00075252441475108403
8.9916666666667968,0.00016417696246011379
9.0000000000001297,-0.00035442794079460947
9.0083333333334625,-0.00094295700100601896
9.0166666666667954,-0.00042164422021397769
9.0250000000001283,0.00016842899160532558
9.0333333333334611,-0.00035250115739948653
9.041666666666794,-0.00094335235721087682
9.0500000000001268,-0.00042436209141512098
9.0583333333334597,0.00016338474864319792
9.0666666666667926,0.0006818800198470069
9.0750000000001254,0.0012707903528061445
9.0833333333334583,0.00075035062332824232
9.0916666666667911,0.00016164318609360019
9.100000000000124,-0.00035732546582252034
9.1083333333334568,-0.00094622258447091268
9.1166666666667897,-0.00042528272593144579
9.1250000000001226,0.00016441214372866405
9.1333333333334554,-0.00035690233303134857
9.1416666666667883,-0.0009481444226451997
9.1500000000001211,-0.00042955219802655163
9.158333333333454,0.00015778885712723465
9.1666666666667869,0.0006758699946915925
9.1750000000001197,0.0012643572229776947
9.1833333333334526,0.00074348477616090799
9.1916666666667854,0.00015433436868085413
9.2000000000001183,-0.00036508816582971748
9.2083333333334512,-0.00095445076202678491
9.216666666666784,-0.00043398867957577278
9.2250000000001169,0.00015521540674098673
9.2333333333334497,-0.00036660359270635238
9.2416666666667826,-0.00095836470141558692
9.2500000000001155,-0.00044030677757869046
9.2583333333334483,0.00014648390351849907
9.2666666666667812,0.00066399777546919335
9.275000000000114,0.0012518999932841219
9.2833333333334469,0.00073042390004496587
9.2916666666667798,0.00014065032146626895
9.3000000000001126,-0.00037941583425088801
9.3083333333334455,-0.00096944347069822395
9.3166666666667783,-0.00044966885527736203
9.3250000000001112,0.00013882432057142399
9.3333333333334441,0.00065802904806828034
9.3416666666667769,0.0012476130154912232
9.3500000000001098,0.00072781208207486718
9.3583333333334426,0.00013970959026301269
9.3666666666667755,-0.00037868704490816465
9.3750000000001084,-0.00096704422448297054
9.3833333333334412,-0.00044559570985101349
9.3916666666667741,0.00014457731466835738
9.4000000000001069,-0.00037628878296791794
9.4083333333334398,-0.00096711159856724773
9.4166666666667727,-0.0004481285899381624
9.4250000000001055,0.00013957536258294616
9.4333333333334384,0.00065799206631456488
9.4416666666667712,0.0012467880282099008
9.4500000000001041,0.00072619792534380509
9.458333333333437,0.00013730391819124051
9.4666666666667698,-0.0003818877636757346
9.4750000000001027,-0.00097104471388923484
9.4833333333334355,-0.0004504018957242643
9.4916666666667684,0.00013895830242032027
9.5000000000001013,-0.00038272896787004321
9.5083333333334341,-0.00097438253405785283
9.516666666666767,-0.00045624110466708806
9.5250000000000998,0.0001306091851816564
9.5333333333334327,0.00064815886831623404
9.5416666666667656,0.0012360731495114372
9.5500000000000984,0.00071458537226273377
9.5583333333334313,0.00012477636505840378
9.5666666666667641,-0.00039534900642928237
9.575000000000097,-0.00098545973924842848
9.5833333333334298,-0.00046579223719257518
9.5916666666667627,0.00012256966292084211
9.6000000000000956,0.00064161876559615889
9.6083333333334284,0.0012310225217151503
9.6166666666667613,0.00071101650197187398
9.6250000000000941,0.00012268376254305903
9.633333333333427,-0.00039596861550019087
9.6416666666667599,-0.00098460742159498481
9.6500000000000927,-0.00046346685226348564
9.6583333333334256,0.00012637146315615548
9.6666666666667584,-0.00039485660101692765
9.6750000000000913,-0.0009860691851486783
9.6833333333334242,-0.00046750434532622827
9.691666666666757,0.00011975242920215193
9.7000000000000899,0.00063769228755396613
9.7083333333334227,0.0012259810167899563
9.7166666666667556,0.00070485251063206577
9.7250000000000885,0.00011538814892064144
9.7333333333334213,-0.00040440667954624767
9.7416666666667542,-0.00099420047903462164
9.750000000000087,-0.00047422918481254553
9.7583333333334199,0.00011442383015077146
9.7666666666667528,0.00063375181198451836
9.7750000000000856,0.0012234226276459184
9.7833333333334185,0.00070367223986082784
9.7916666666667513,0.00011558409760465092
9.8000000000000842,-0.0004028343465055773
9.8083333333334171,-0.00099124953327688818
9.8166666666667499,-0.00046989532899845675
9.8250000000000828,0.00012014696364336398
9.8333333333334156,-0.00040088647221866661
9.8416666666667485,-0.00099191348590232822
9.8500000000000814,-0.00047317185970252498
9.8583333333334142,0.00011425318778595252
9.8666666666667471,0.00063235306144296193
9.8750000000000799,0.0012207937868601215
9.8833333333334128,0.000699809479967554
9.8916666666667457,0.00011048174328904651
9.9000000000000785,-0.00040918382621772057
9.9083333333334114,-0.00099885554047045907
9.9166666666667442,-0.00047876915527565186
9.9250000000000771,0.00010999213345991513
9.93333333333341,0.00062942173700100245
9.9416666666667428,0.0012191876735452587
9.9500000000000757,0.00069952604381956246
9.9583333333334085,0.00011152043516496816
9.9666666666667414,-0.00040682157332851978
9.9750000000000743,-0.00099516630906046366
9.9833333333334071,-0.00047374753568467024
9.99166666666674,0.00011635354470198759
10.000000000000073,-0.00040462679479450565
10.008333333333406,-0.00099560632436483947
10.016666666666739,-0.0004768227579269075
10.025000000000071,0.00011063875237752257
10.033333333333404,0.00062876966836562147
10.041666666666737,0.0012172360612592412
10.05000000000007,0.00069627208161971994
10.058333333333403,0.00010695936689307876
10.066666666666736,-0.00041269646109656771
10.075000000000069,-0.0010023637006869161
10.083333333333401,-0.00048227810368062809
10.091666666666734,0.00010647713626428645
10.100000000000067,0.00062589542354744246
10.1083333333334,0.0012156447585070997
10.116666666666733,0.0006959612131648968
10.125000000000066,0.00010792834643339038
10.133333333333399,-0.00041044630109647021
10.141666666666731,-0.00099882910679649083
10.150000000000064,-0.00047745389419975474
10.158333333333397,0.00011259807285876071
10.16666666666673,-0.00040843700434442726
10.175000000000063,-0.00099947697855274037
10.183333333333396,-0.00048075965726356712
10.191666666666729,0.0001066297118430513
10.200000000000061,0.00062468248491709237
10.208333333333394,0.0012130646150057525
10.216666666666727,0.00069201012187186813
10.22500000000006,0.00010260051247127343
10.233333333333393,-0.00041715873379604763
10.241666666666726,-0.0010069360715722119
10.250000000000059,-0.0004869674212628596
10.258333333333391,0.00010166385265195245
10.266666666666724,0.00062095097170432008
10.275000000000057,0.0012105617383451476
10.28333333333339,0.00069073201142903328
10.291666666666723,0.00010254513705069907
10.300000000000056,-0.00041599157160259441
10.308333333333389,-0.0010045447364142362
10.316666666666721,-0.00048334844072698966
10.325000000000054,0.00010651578900328009
10.333333333333387,-0.0004147161244833862
10.34166666666672,-0.0010059623298605779
10.350000000000053,-0.00048746094880899795
10.358333333333386,9.9702453632764668e-05
10.366666666666719,0.00061751889911437644
10.375000000000052,0.0012056539845974644
10.383333333333384,0.00068434135160724005
10.391666666666717,9.4662129304721359e-05
10.40000000000005,-0.00042537860199408134
10.408333333333383,-0.0010154497212178704
10.416666666666716,-0.00049578759587945442
10.425000000000049,9.2523958464043343e-05
10.433333333333382,0.00061147768966360425
10.441666666666714,0.0012007408979839375
10.450000000000047,0.00068054891085223359
10.45833333333338,9.1984543424360313e-05
10.466666666666713,-0.00042694545026153712
10.475000000000046,-0.0010159082847284824
10.483333333333379,-0.00049513866638818682
10.491666666666712,9.4281249913478205e-05
10.500000000000044,-0.00042741327319538582
10.508333333333377,-0.0010191410797512088
10.51666666666671,-0.00050114102379011385
10.525000000000043,8.5500591194355967e-05
10.533333333333376,0.0006027740133360826
10.541666666666709,0.0011903440218170081
10.550000000000042,0.00066844339499269698
10.558333333333374,7.8152399314910598e-05
10.566666666666707,-0.00044252479146954021
10.57500000000004,-0.0010332580151953645
10.583333333333373,-0.00051428464627515063
10.591666666666706,7.331048515694e-05
10.600000000000039,0.00059151906476434079
10.608333333333372,0.0011800072706611197
10.616666666666704,0.00065900924694642252
10.625000000000037,6.9606625646935366e-05
10.63333333333337,-0.00045019508158048057
10.641666666666703,-0.0010400644025030199
10.650000000000036,-0.00052023742202990093
10.658333333333369,6.820231632277423e-05
10.666666666666702,0.00058724776798561645
10.675000000000034,0.0011765663644549133
10.683333333333367,0.00065639349110904418
10.6916666666667,6.781202107883061e-05
10.700000000000033,-0.00045117130133469162
10.708333333333366,-0.0010402237775008372
10.716666666666699,-0.00051958026791273264
10.725000000000032,6.9676908142074536e-05
10.733333333333364,0.00058954193095386148
10.741666666666697,0.001179683461172277
10.75000000000003,0.00066033812098360801
10.758333333333363,7.259002032569979e-05
10.766666666666696,-0.0004455528498466748
10.775000000000029,-0.0010337565295595996
10.783333333333362,-0.00051225460153639748
10.791666666666694,7.7871895180426422e-05
10.800000000000027,-0.00044314070860167941
10.80833333333336,-0.0010342102372899514
10.816666666666693,-0.0005155745702379327
10.825000000000026,7.1680957139608502e-05
10.833333333333359,0.0005895475222818257
10.841666666666692,0.0011776907901035508
10.850000000000025,0.0006563443852519947
10.858333333333357,6.6589420279769356e-05
10.86666666666669,-0.00045356911957662418
10.875000000000023,-0.0010438002978985833
10.883333333333356,-0.00052434074516052821
10.891666666666689,6.3725448154290618e-05
10.900000000000022,0.00058239068016132289
10.908333333333355,0.0011713218111338282
10.916666666666687,0.0006507536402864763
10.92500000000002,6.1768454427700705e-05
10.933333333333353,-0.00045762760362096349
10.941666666666686,-0.0010471024557056287
10.950000000000019,-0.0005268916012339303
10.958333333333352,6.1921999006335344e-05
10.966666666666685,0.00058133186505824946
10.975000000000017,0.0011710059731373824
10.98333333333335,0.00065118023590295354
10.991666666666683,6.2938053515457351e-05
11.000000000000016,-0.00045571331770588434
11.008333333333349,-0.0010444406828529302
11.016666666666682,-0.00052347841854050311
11.025000000000015,6.6091638134447859e-05
11.033333333333347,0.00058626413892019368
11.04166666666668,0.0011767082045260912
11.050000000000013,0.00065766090761422305
11.058333333333346,7.020680848629149e-05
11.066666666666679,-0.000447645659430482
11.075000000000012,-0.0010355621014721868
11.083333333333345,-0.00051377567123850137
11.091666666666677,7.6633020569961353e-05
11.10000000000001,-0.00044409927139874966
11.108333333333343,-0.001034889951520802
11.116666666666676,-0.0005159764816775169
11.125000000000009,7.1556219866054268e-05
11.133333333333342,0.00058969974626543753
11.141666666666675,0.0011781201776468577
11.150000000000007,0.00065705155457920143
11.15833333333334,6.7575405520358046e-05
11.166666666666673,-0.00045230286680621244
11.175000000000006,-0.001042251905529719
11.183333333333339,-0.00052250791687753068
11.191666666666672,6.5845433470602718e-05
11.200000000000005,0.00058480097289529374
11.208333333333337,0.0011740259974748291
11.21666666666667,0.0006537557497309646
11.225000000000003,6.5072959860256493e-05
11.233333333333336,-0.00045401577798649185
11.241666666666669,-0.0010431779239911069
11.250000000000002,-0.00052264850550476751
11.258333333333335,6.6489990190378727e-05
11.266666666666667,0.0005862315674382407
11.275,0.001176244700976803
11.283333333333333,0.00065676581700490808
11.291666666666666,6.8878829391531474e-05
11.299999999999999,-0.00044940847676018552
11.308333333333332,-0.0010377623590629467
11.316666666666665,-0.0005164166287019269
11.324999999999998,7.3547445215470657e-05
11.33333333333333,-0.00044763404773774689
11.341666666666663,-0.0010388791859440921
11.349999999999996,-0.00052042611585075276
11.358333333333329,6.6639558171231793e-05
11.366666666666662,0.00058430873205331452
11.374999999999995,0.0011722467734575472
11.383333333333328,0.00065068699384053887
11.39166666666666,6.0710192395674174e-05
11.399999999999993,-0.0004596789744626611
11.408333333333326,-0.0010501499177356488
11.416666666666659,-0.00053093963264301829
11.424999999999992,5.6867423230835147e-05
11.433333333333325,0.00057526326375971417
11.441666666666658,0.0011639143435318805
11.44999999999999,0.00064305503448371234
11.458333333333323,5.3767195769965467e-05
11.466666666666656,-0.0004659434784261434
11.474999999999989,-0.0010557453838766614
11.483333333333322,-0.00053587451756427365
11.491666666666655,5.2585659045367066e-05
11.499999999999988,0.00057162814194751529
11.50833333333332,0.0011609203540994719
11.516666666666653,0.00064069762553841108
11.524999999999986,5.2042773245403567e-05
11.533333333333319,-0.00046703755819922123
11.541666666666652,-0.0010562108200468951
11.549999999999985,-0.0005357120672685457
11.558333333333318,5.3376180425522123e-05
11.56666666666665,0.00057304786036484667
11.574999999999983,0.0011629713390517741
11.583333333333316,0.00064338289488018521
11.591666666666649,5.5366293262783664e-05
11.599999999999982,-0.00046307086622882169
11.608333333333315,-0.0010515950696745643
11.616666666666648,-0.00053044039512559649
11.62499999999998,5.9311616183608961e-05
11.633333333333313,-0.00046210325631731964
11.641666666666646,-0.0010536034436083182
11.649999999999979,-0.00053542748677528739
11.658333333333312,5.1338609629696512e-05
11.666666666666645,0.00056868530200006383
11.674999999999978,0.0011562774705177834
11.68333333333331,0.0006343478921295631
11.691666666666643,4.3976830545293571e-05
11.699999999999976,-0.0004768316381170143
11.708333333333309,-0.0010677475581904368
11.716666666666642,-0.00054900860697535564
11.724999999999975,3.8300069858531451e-05
11.733333333333308,0.00055616975064210058
11.74166666666664,0.0011442660962218255
11.749999999999973,0.00062282262752268473
11.758333333333306,3.2920350969384472e-05
11.766666666666639,-0.00048743594708632629
11.774999999999972,-0.0010779156361724871
11.783333333333305,-0.00055875574850676891
11.791666666666638,2.8959212130156951e-05
11.799999999999971,0.00054722113929204922
11.808333333333303,0.0011356962794227617
11.816666666666636,0.0006146187129833291
11.824999999999969,2.5070004792909405e-05
11.833333333333302,-0.00049494452345959553
11.841666666666635,-0.0010850937310970601
11.849999999999968,-0.00056561416126585579
11.858333333333301,2.2410169235005452e-05
11.866666666666633,0.00054097162208149646
11.874999999999966,0.001129736891031974
11.883333333333299,0.00060894048576008903
11.891666666666632,1.9664399383677294e-05
11.899999999999965,-0.00050008563406278355
11.908333333333298,-0.0010899780788611614
11.916666666666631,-0.00057024909761108956
11.924999999999963,1.8017672088528477e-05
11.933333333333296,0.00053681495829269068
11.941666666666629,0.0011258098071537655
11.949999999999962,0.0006052370687672392
11.958333333333295,1.6179076013386925e-05
11.966666666666628,-0.00050335810775188215
11.974999999999961,-0.001093042628662066
11.983333333333293,-0.00057311034037586697
11.991666666666626,1.5355427630536265e-05
11.999999999999959,0.0005343477035402597
12.008333333333292,0.0011235338251266451
12.016666666666625,0.00060314892706294374
12.024999999999958,1.4275626398780385e-05
12.033333333333291,-0.00050507973530623969
12.041666666666623,-0.0010945850321172877
12.049999999999956,-0.00057447585041199946
12.058333333333289,1.4164747202448068e-05
12.066666666666622,0.00053333005184980629
12.074999999999955,0.0011226876603946368
12.083333333333288,0.00060247296378348168
12.091666666666621,1.3768835171490006e-05
12.099999999999953,-0.00050541812985771865
12.108333333333286,-0.0010947555530444843
12.116666666666619,-0.00057447876926243024
12.124999999999952,1.432941032045565e-05
12.133333333333285,0.00053366252802907084
12.141666666666618,0.0011231884323648538
12.149999999999951,0.00060314276703596586
12.158333333333283,1.460865802563761e-05
12.166666666666616,-0.00050440704465939588
12.174999999999949,-0.0010935717057688728
12.183333333333282,-0.00057312040012026525
12.191666666666615,1.5864321448307208e-05
12.199999999999948,0.00053537626501839748
12.208333333333281,0.0011250835476088272
12.216666666666613,0.00060522208662059838
12.224999999999946,1.6875282031316168e-05
12.233333333333279,-0.00050194973673204236
12.241666666666612,-0.0010909200479198278
12.249999999999945,-0.00057027043261171652
12.258333333333278,1.8916852743936986e-05
12.266666666666611,0.00053863591603241158
12.274999999999944,0.0011285551856181743
12.283333333333276,0.00060891089998377072
12.291666666666609,2.0786780731029116e-05
12.299999999999942,-0.00049780971130022271
12.308333333333275,-0.0010865453106738223
12.316666666666608,-0.00056565444269394537
12.324999999999941,2.3780993094035601e-05
12.333333333333274,0.00054375547357813985
12.341666666666606,0.001133937811364692
12.349999999999939,0.00061456464443970609
12.358333333333272,2.6720094695156462e-05
12.366666666666605,-0.00049158796162285527
12.374999999999938,-0.0010800258250165885
12.383333333333271,-0.00055882746866237759
12.391666666666604,3.0925661803023244e-05
12.399999999999936,0.00055122851509798723
12.408333333333269,0.0011417503980583744
12.416666666666602,0.0006227284652116869
12.424999999999935,3.5247356002431395e-05
12.433333333333268,-0.00048268451382807816
12.441666666666601,-0.0010707328784424221
12.449999999999934,-0.00054913111896465704
12.458333333333266,4.1039913757576275e-05
12.466666666666599,-0.00047998336196929429
12.474999999999932,-0.0010711187938810081
12.483333333333265,-0.0005526043912748226
12.491666666666598,3.4474367145288864e-05
12.499999999999931,0.00055210841736795155
