Time,Theta
0.0083333333333333332,-0.17465456354098599
0.016666666666666666,-0.17452445423637963
0.025000000000000001,-0.1735627937987744
0.033333333333333333,-0.17176801679857079
0.041666666666666664,-0.17016072012718284
0.049999999999999996,-0.16887478813335566
0.058333333333333327,-0.16674783778471575
0.066666666666666666,-0.16480097395051041
0.074999999999999997,-0.16316768716638166
0.083333333333333329,-0.16068378334098557
0.09166666666666666,-0.1583710159424308
0.099999999999999992,-0.15636246569443446
0.10833333333333332,-0.15451860292565603
0.11666666666666665,-0.15297336336443818
0.12499999999999999,-0.15056040317413341
0.13333333333333333,-0.14830355638205417
0.14166666666666666,-0.14633625912548803
0.14999999999999999,-0.14451876029195151
0.15833333333333333,-0.14298529395797832
0.16666666666666666,-0.14056744654382419
0.17499999999999999,-0.13829086170666205
0.18333333333333332,-0.13628919280709348
0.19166666666666665,-0.13442238297105757
0.19999999999999998,-0.13282483039571735
0.20833333333333331,-0.13032605099342745
0.21666666666666665,-0.12795329453761625
0.22499999999999998,-0.12584030200163535
0.23333333333333331,-0.12384661293704992
0.24166666666666664,-0.1221066613558995
0.24999999999999997,-0.11944782746669858
0.2583333333333333,-0.11689880916295414
0.26666666666666666,-0.11459330751490111
0.27500000000000002,-0.11239034535025633
0.28333333333333338,-0.1104242636103822
0.29166666666666674,-0.10855446326342998
0.3000000000000001,-0.10691588703854772
0.30833333333333346,-0.10433359116425436
0.31666666666666682,-0.10183852915963992
0.32500000000000018,-0.099564783844693694
0.33333333333333354,-0.097371114508070289
0.3416666666666669,-0.095392159108153796
0.35000000000000026,-0.093487009763663406
0.35833333333333361,-0.091790824854830866
0.36666666666666697,-0.089126442256069374
0.37500000000000033,-0.0865265477939198
0.38333333333333369,-0.084125324902975918
0.39166666666666705,-0.0817810781194898
0.40000000000000041,-0.079628465390780528
0.40833333333333377,-0.077526069396876882
0.41666666666666713,-0.075608988930899387
0.42500000000000049,-0.073736079412947186
0.43333333333333385,-0.072042850675170703
0.44166666666666721,-0.070388425519969419
0.45000000000000057,-0.06890869853058533
0.45833333333333393,-0.066424203180718178
0.46666666666666728,-0.063970160566151152
0.47500000000000064,-0.061681304749138348
0.483333333333334,-0.059415770863221036
0.49166666666666736,-0.057308640064419894
0.50000000000000067,-0.055218255109750196
0.50833333333333397,-0.053280015236519512
0.51666666666666727,-0.051352461110797325
0.52500000000000058,-0.049571283834923402
0.53333333333333388,-0.047795212372139156
0.54166666666666718,-0.046160205995863762
0.55000000000000049,-0.044525172562456652
0.55833333333333379,-0.043026318100403034
0.5666666666666671,-0.0415227202447849
0.5750000000000004,-0.040150812423222278
0.5833333333333337,-0.037729049292693183
0.59166666666666701,-0.035294679783934066
0.60000000000000031,-0.032982761340407882
0.60833333333333361,-0.030651103135387419
0.61666666666666692,-0.028434954480560319
0.62500000000000022,-0.02619223181580644
0.63333333333333353,-0.024058349980485273
0.64166666666666683,-0.021891318292678579
0.65000000000000013,-0.01982669229921059
0.65833333333333344,-0.017722559769784128
0.66666666666666674,-0.015714593431281662
0.67500000000000004,-0.013660945053894386
0.68333333333333335,-0.011697382099152368
0.69166666666666665,-0.0096821058624028539
0.69999999999999996,-0.0077509569798190911
0.70833333333333326,-0.0057621717618151795
0.71666666666666656,-0.0038516431599042462
0.72499999999999987,-0.0018776279352537132
0.73333333333333317,2.394897886580209e-05
0.74166666666666647,0.0019948250157415261
0.74999999999999978,0.0038990632354725112
0.75833333333333308,0.0058784100242972089
0.76666666666666639,0.0077969362137902338
0.77499999999999969,0.0097964120517389074
0.78333333333333299,0.011740935879656455
0.7916666666666663,0.013772316905623527
0.7999999999999996,0.014713069040352062
0.8083333333333329,0.015606347274585802
0.81666666666666621,0.016592369812902748
0.82499999999999951,0.017533731823225322
0.83333333333333282,0.018570720213805032
0.84166666666666612,0.019566009426922534
0.84999999999999942,0.020659963187463083
0.85833333333333273,0.0217153447958949
0.86666666666666603,0.022872603293042953
0.87499999999999933,0.023994601013598318
0.88333333333333264,0.025221881236338482
0.89166666666666594,0.026417416170076022
0.89999999999999925,0.027721852712742825
0.90833333333333255,0.028998284528018069
0.91666666666666585,0.030387472009714499
0.92499999999999916,0.031752642680933724
0.93333333333333246,0.033234680839450303
0.94166666666666576,0.034696961185804336
0.94999999999999907,0.036280502896021694
0.95833333333333237,0.03680792172205518
0.96666666666666567,0.037321051852669242
0.97499999999999898,0.037959447629717848
0.98333333333333228,0.038585269599206357
0.99166666666666559,0.03933823703297501
0.99999999999999889,0.040080685793695371
1.0083333333333322,0.040952504620337268
1.0166666666666655,0.041816212308926591
1.0249999999999988,0.042811872512699738
1.0333333333333321,0.04380219574893545
1.0416666666666654,0.04492742694533676
1.0499999999999987,0.046050478372563423
1.058333333333332,0.047311783510654057
1.0666666666666653,0.048574467741943968
1.0749999999999986,0.04997916129954344
1.0833333333333319,0.050349035569968892
1.0916666666666652,0.050724952340931322
1.0999999999999985,0.051246159992589919
1.1083333333333318,0.051774737754454563
1.1166666666666651,0.052450160554362718
1.1249999999999984,0.053134740546131862
1.1333333333333317,0.053968181771065535
1.1416666666666651,0.054813037178057168
1.1499999999999984,0.055809243756108559
1.1583333333333317,0.056819604611176092
1.166666666666665,0.057984294755133975
1.1749999999999983,0.05812673531851921
1.1833333333333316,0.058286910612158953
1.1916666666666649,0.058603667938919753
1.1999999999999982,0.058938854281550955
1.2083333333333315,0.059431581333822356
1.2166666666666648,0.059943957319347624
1.2249999999999981,0.060615358332756095
1.2333333333333314,0.061308160844956751
1.2416666666666647,0.062162006898657765
1.249999999999998,0.063039549805043338
1.2583333333333313,0.06408070058534622
1.2666666666666646,0.064109219485295452
1.2749999999999979,0.06416445767303601
1.2833333333333312,0.064385039778224518
1.2916666666666645,0.064632731379865235
1.2999999999999978,0.065046450595072039
1.3083333333333311,0.065488246905333503
1.3166666666666644,0.066097330399923993
1.3249999999999977,0.066736041457489043
1.333333333333331,0.067543882359162435
1.3416666666666643,0.067344591447636576
1.3499999999999976,0.067176897761885554
1.358333333333331,0.067179046506251727
1.3666666666666643,0.06721252016274748
1.3749999999999976,0.067415875993034571
1.3833333333333309,0.067650887113470393
1.3916666666666642,0.068056418892476045
1.3999999999999975,0.068494540754910169
1.4083333333333308,0.069104424143911242
1.4166666666666641,0.068709667948626596
1.4249999999999974,0.068348578434038493
1.4333333333333307,0.068159086742802161
1.441666666666664,0.068002412182880639
1.4499999999999973,0.068016807601370743
1.4583333333333306,0.068063782337337231
1.4666666666666639,0.068281904967720908
1.4749999999999972,0.068532979229166097
1.4833333333333305,0.068955885496585795
1.4916666666666638,0.069412727799749607
1.4999999999999971,0.070042696316149608
1.5083333333333304,0.069669510878366592
1.5166666666666637,0.069331428527487943
1.524999999999997,0.069166404558916136
1.5333333333333303,0.069035704865545902
1.5416666666666636,0.069077610658245234
1.5499999999999969,0.069153682576447439
1.5583333333333302,0.069402521892801869
1.5666666666666635,0.069685988701364596
1.5749999999999968,0.070143000543624781
1.5833333333333302,0.069597034844276331
1.5916666666666635,0.069086083578059579
1.5999999999999968,0.068747836176518792
1.6083333333333301,0.068443306080421942
1.6166666666666634,0.068310511229389803
1.6249999999999967,0.068210753747397296
1.63333333333333,0.068282372521996412
1.6416666666666633,0.068386961722943077
1.6499999999999966,0.068663175761192741
1.6583333333333299,0.067934083864764142
1.6666666666666632,0.067237533943103708
1.6749999999999965,0.066710948927141217
1.6833333333333298,0.066215049151771913
1.6916666666666631,0.065887581107684876
1.6999999999999964,0.065589540857964646
1.7083333333333297,0.065458989190365691
1.716666666666663,0.065357199577175715
1.7249999999999963,0.065422540004131655
1.7333333333333296,0.065516564340743433
1.7416666666666629,0.065777942712174742
1.7499999999999962,0.065029449760810279
1.7583333333333295,0.064309145601635739
1.7666666666666628,0.063754450148351377
1.7749999999999961,0.063226009904264094
1.7833333333333294,0.062861554499744773
1.7916666666666627,0.062521993692616892
1.799999999999996,0.062345357626625832
1.8083333333333294,0.062192820324377576
1.8166666666666627,0.062202705319108882
1.824999999999996,0.061197097270744114
1.8333333333333293,0.06021395842493988
1.8416666666666626,0.05939034667913879
1.8499999999999959,0.058586474639908286
1.8583333333333292,0.057939695072538835
1.8666666666666625,0.057310460005303626
1.8749999999999958,0.056836405497749161
1.8833333333333291,0.056378221451390806
1.8916666666666624,0.056073817697666568
1.8999999999999957,0.055784121479737374
1.908333333333329,0.055647308803828212
1.9166666666666623,0.05552454481459463
1.9249999999999956,0.055554265912186908
1.9333333333333289,0.05455803404316209
1.9416666666666622,0.053574311305025366
1.9499999999999955,0.052740223150646991
1.9583333333333288,0.051915899767994232
1.9666666666666621,0.051238728482912457
1.9749999999999954,0.050569052472327451
1.9833333333333287,0.050044509947378274
1.991666666666662,0.049525654467825968
1.9999999999999953,0.04915036596336899
2.0083333333333289,0.048779406676715376
2.0166666666666622,0.04855089079843275
2.0249999999999955,0.048325788514666894
2.0333333333333288,0.04824244243174327
2.0416666666666621,0.047121713322822507
2.0499999999999954,0.046002348660397305
2.0583333333333287,0.045021334544101198
2.066666666666662,0.044038518726938529
2.0749999999999953,0.043191113792083603
2.0833333333333286,0.042339146884115803
2.0916666666666619,0.041620045205537762
2.0999999999999952,0.040894010615840019
2.1083333333333285,0.040298674669736453
2.1166666666666618,0.039694409975182518
2.1249999999999951,0.03921904365981372
2.1333333333333284,0.038733115854863359
2.1416666666666617,0.038374641874562215
2.149999999999995,0.038004326917551845
2.1583333333333283,0.037760368409410799
2.1666666666666616,0.037503634956124715
2.1749999999999949,0.037372501260273236
2.1833333333333282,0.03722799849707599
2.1916666666666615,0.037208674993055899
2.1999999999999948,0.036134821649585723
2.2083333333333282,0.035045840209929166
2.2166666666666615,0.034078848095635293
2.2249999999999948,0.033093631643296345
2.2333333333333281,0.032227479853520195
2.2416666666666614,0.031340315164485461
2.2499999999999947,0.030569587280656903
2.258333333333328,0.029775348867551038
2.2666666666666613,0.029095200654820037
2.2749999999999946,0.028389320197721724
2.2833333333333279,0.027795450677745321
2.2916666666666612,0.027173889744050054
2.2999999999999945,0.026662515481662472
2.3083333333333278,0.026121741382551474
2.3166666666666611,0.025689573841631605
2.3249999999999944,0.025226538489069146
2.3333333333333277,0.024870764329187001
2.341666666666661,0.024482885973409033
2.3499999999999943,0.024201150174760766
2.3583333333333276,0.023886297917927214
2.3666666666666609,0.023676689637659284
2.3749999999999942,0.023433170634728669
2.3833333333333275,0.023294211713023542
2.3916666666666608,0.023120760985997024
2.3999999999999941,0.023051397035275565
2.4083333333333274,0.022947169841781634
2.4166666666666607,0.022946763867111825
2.424999999999994,0.021869895086952584
2.4333333333333274,0.020756491292980593
2.4416666666666607,0.019743713703212606
2.449999999999994,0.018691204468672239
2.4583333333333273,0.017736226109454575
2.4666666666666606,0.016738498373755691
2.4749999999999939,0.015835374491801443
2.4833333333333272,0.014886644265145587
2.4916666666666605,0.014029741732409126
2.4999999999999938,0.013124519477781092
2.5083333333333271,0.012308483056526124
2.5166666666666604,0.011441540816626232
2.5249999999999937,0.010661261074424092
2.533333333333327,0.0098276011518318527
2.5416666666666603,0.0090781838386922199
2.5499999999999936,0.0082730088457358929
2.5583333333333269,0.007549745553368307
2.5666666666666602,0.0067684296555038425
2.5749999999999935,0.0060667695856405496
2.5833333333333268,0.0053048307686117896
2.5916666666666601,0.0046203534433886251
2.5999999999999934,0.0038734266400496397
2.6083333333333267,0.0032018153926451952
2.61666666666666,0.0024656263100777181
2.6249999999999933,0.0018026423981567978
2.6333333333333266,0.001072981889617275
2.6416666666666599,0.0004144390776189724
2.6499999999999932,-0.00031286209309392386
2.6583333333333266,-0.00097112263413394603
2.6666666666666599,-0.0017002187860834541
2.6749999999999932,-0.0023623534106773361
2.6833333333333265,-0.0030974088457742773
2.6916666666666598,-0.0037675963466197687
2.6999999999999931,-0.0045128103044489902
2.7083333333333264,-0.0051952769539462765
2.7166666666666597,-0.005954908769972578
2.724999999999993,-0.0066539536396968101
2.7333333333333263,-0.0074323482564989905
2.7416666666666596,-0.0081523689652296116
2.7499999999999929,-0.0089539829483537472
2.7583333333333262,-0.0096995019916223165
2.7666666666666595,-0.010528930204423925
2.7749999999999928,-0.011304622021743217
2.7833333333333261,-0.012166625117207357
2.7916666666666594,-0.011935678926946471
2.7999999999999927,-0.011653210763320165
2.808333333333326,-0.011457670873597314
2.8166666666666593,-0.011209888588404163
2.8249999999999926,-0.011048367511977384
2.8333333333333259,-0.010833986820812215
2.8416666666666592,-0.010705301336080728
2.8499999999999925,-0.010523238492300163
2.8583333333333258,-0.01042640251451897
2.8666666666666591,-0.010275767778604684
2.8749999999999925,-0.010209986413282779
2.8833333333333258,-0.010090078685453256
2.8916666666666591,-0.010054743428323598
2.8999999999999924,-0.0099650460122573253
2.9083333333333257,-0.0099597310670192229
2.916666666666659,-0.0098999085392733541
2.9249999999999923,-0.0099243682309576656
2.9333333333333256,-0.0098942643972445461
2.9416666666666589,-0.0099484316655766031
2.9499999999999922,-0.0099480685915319493
2.9583333333333255,-0.010032054555101616
2.9666666666666588,-0.010061632665579176
2.9749999999999921,-0.01017572725400908
2.9833333333333254,-0.010235626501302905
2.9916666666666587,-0.010380300158969917
2.999999999999992,-0.010471082266732967
3.0083333333333253,-0.010646988737980543
3.0166666666666586,-0.010769400534012949
3.0249999999999919,-0.010977380746228895
3.0333333333333252,-0.011132358603786889
3.0416666666666585,-0.011373445671248457
3.0499999999999918,-0.011562121085111737
3.0583333333333251,-0.011837546463154004
3.0666666666666584,-0.012061252793421427
3.0749999999999917,-0.012372453619301655
3.083333333333325,-0.012632734042799482
3.0916666666666583,-0.012981361706647218
3.0999999999999917,-0.013279978422967154
3.108333333333325,-0.013667908419463049
3.1166666666666583,-0.014006853166036825
3.1249999999999916,-0.014436196284990842
3.1333333333333249,-0.014817702223290753
3.1416666666666582,-0.015290817145129105
3.1499999999999915,-0.015717372188097784
3.1583333333333248,-0.016236879558455458
3.1666666666666581,-0.016711241217650136
3.1749999999999914,-0.017280039283838599
3.1833333333333247,-0.017805251123561947
3.191666666666658,-0.018426533024676155
3.1999999999999913,-0.019005942819593311
3.2083333333333246,-0.019683215631472722
3.2166666666666579,-0.019278979275114454
3.2249999999999912,-0.01883425384364356
3.2333333333333245,-0.018487222793624105
3.2416666666666578,-0.018098509104734116
3.2499999999999911,-0.017806383740392177
3.2583333333333244,-0.017471548843601983
3.2666666666666577,-0.01723235913235114
3.274999999999991,-0.016949593463850665
3.2833333333333243,-0.016761687112355952
3.2916666666666576,-0.016529493610508261
3.2999999999999909,-0.016391526116981324
3.3083333333333242,-0.016208711207481383
3.3166666666666575,-0.016119637756312238
3.3249999999999909,-0.015985304153750213
3.3333333333333242,-0.015944373304446417
3.3416666666666575,-0.01585791458763644
3.3499999999999908,-0.015864663720554201
3.3583333333333241,-0.015825760649391382
3.3666666666666574,-0.015880013141067954
3.3749999999999907,-0.01588863169291525
3.383333333333324,-0.015990495803997366
3.3916666666666573,-0.016046886917731901
3.3999999999999906,-0.016196756386591318
3.4083333333333239,-0.016301457412505157
3.4166666666666572,-0.016500013757691223
3.4249999999999905,-0.016653851621496633
3.4333333333333238,-0.016902068166247206
3.4416666666666571,-0.017106164265531975
3.4499999999999904,-0.017405311907699374
3.4583333333333237,-0.017661088769363228
3.466666666666657,-0.018012743530361707
3.4749999999999903,-0.018321933267891825
3.4833333333333236,-0.018727985664686503
3.4916666666666569,-0.019092640284647276
3.4999999999999902,-0.019555306579431674
3.5083333333333235,-0.019977810197299641
3.5166666666666568,-0.020499645590396333
3.5249999999999901,-0.01994123176284332
3.5333333333333234,-0.019343337836774343
3.5416666666666567,-0.018843913115933753
3.5499999999999901,-0.018303356080267764
3.5583333333333234,-0.017859706847406759
3.5666666666666567,-0.017373443171311134
3.57499999999999,-0.016982690715230415
3.5833333333333233,-0.016548002841932502
3.5916666666666566,-0.016207586076724977
3.5999999999999899,-0.015822066109701997
3.6083333333333232,-0.015529726190841106
3.6166666666666565,-0.015191261430718155
3.6249999999999898,-0.014945028178895878
3.6333333333333231,-0.014651788425884625
3.6416666666666564,-0.014449968478439689
3.6499999999999897,-0.014200395025348738
3.658333333333323,-0.01404156164515262
3.6666666666666563,-0.013834357895828299
3.6749999999999896,-0.013717342377170096
3.6833333333333229,-0.013551466034724867
3.6916666666666562,-0.013475350655099728
3.6999999999999895,-0.013350007433497861
3.7083333333333228,-0.013314119909300298
3.7166666666666561,-0.013228758730840359
3.7249999999999894,-0.013232668143838779
3.7333333333333227,-0.013186977793844824
3.741666666666656,-0.013230491964011029
3.7499999999999893,-0.013224399182663406
3.7583333333333226,-0.013307563471496453
3.7666666666666559,-0.013341232471244253
3.7749999999999893,-0.013464330008206555
3.7833333333333226,-0.01353816341365178
3.7916666666666559,-0.013701716746772036
3.7999999999999892,-0.013816357962345498
3.8083333333333225,-0.014021132142483277
3.8166666666666558,-0.014177469161689471
3.8249999999999891,-0.014424476278444724
3.8333333333333224,-0.01462364695698215
3.8416666666666557,-0.014914152152815144
3.849999999999989,-0.015157550976524952
3.8583333333333223,-0.015493079974372614
3.8666666666666556,-0.015782366361776608
3.8749999999999889,-0.016164714550354842
3.8833333333333222,-0.016501822738559001
3.8916666666666555,-0.016933065868671885
3.8999999999999888,-0.016278635518210672
3.9083333333333221,-0.015579239534643366
3.9166666666666554,-0.014972686916992885
3.9249999999999887,-0.014319204772215655
3.933333333333322,-0.013756675578158489
3.9416666666666553,-0.013145388363359782
3.9499999999999886,-0.012623292858051112
3.9583333333333219,-0.012050735233624077
3.9666666666666552,-0.011565726718184781
3.9749999999999885,-0.011028666123800808
3.9833333333333218,-0.010577620849741887
3.9916666666666551,-0.010073038105869569
3.9999999999999885,-0.0096530365234786478
4.0083333333333222,-0.0091781077095073292
4.0166666666666559,-0.0087864169389590269
4.0249999999999897,-0.008338496440400989
4.0333333333333234,-0.0079725538613973149
4.0416666666666572,-0.0075491584853861022
4.0499999999999909,-0.0072065563476157108
4.0583333333333247,-0.0068053504121152976
4.0666666666666584,-0.006483821374767453
4.0749999999999922,-0.0061026026825830642
4.0833333333333259,-0.0058000061965881302
4.0916666666666597,-0.0054366928104486725
4.0999999999999934,-0.0051510022620664276
4.1083333333333272,-0.0048036200017543317
4.1166666666666609,-0.004532910540617309
4.1249999999999947,-0.0041995811273762484
4.1333333333333284,-0.003942018106139423
4.1416666666666622,-0.0036209478834146728
4.1499999999999959,-0.0033747758397852075
4.1583333333333297,-0.0030642450027643857
4.1666666666666634,-0.0028277771179045104
4.1749999999999972,-0.0025261293873458288
4.1833333333333309,-0.0022977373574747267
4.1916666666666647,-0.0020033700359512454
4.1999999999999984,-0.0017814742964334257
4.2083333333333321,-0.001492828647399353
4.2166666666666659,-0.0012758888907103685
4.2249999999999996,-0.00099144078272132212
4.2333333333333334,-0.0007779467134384425
4.2416666666666671,-0.00049619747344234369
4.2500000000000009,-0.00028465974482747578
4.2583333333333346,-4.1271656950429368e-06
4.2666666666666684,0.00020693155647222452
4.2750000000000021,0.00048772210808162541
4.2833333333333359,0.00069977600799551944
4.2916666666666696,0.00098230043673047098
4.3000000000000034,0.0011968293905009774
4.3083333333333371,0.0014825737233853343
4.3166666666666709,0.0017010721734239168
4.3250000000000046,0.0019915414699288908
4.3333333333333384,0.0022155273849541234
4.3416666666666721,0.0025122547594502555
4.3500000000000059,0.0027432787337885829
4.3583333333333396,0.003047834544411006
4.3666666666666734,0.0032874890910859753
4.3750000000000071,0.0036014903500253882
4.3833333333333409,0.0038514194432702365
4.3916666666666746,0.0041765395048070954
4.4000000000000083,0.0044384484291068267
4.4083333333333421,0.0047764270133445873
4.4166666666666758,0.0050520925779225252
4.4250000000000096,0.0054047461901559537
4.4333333333333433,0.0056960273699760604
4.4416666666666771,0.0060652601779636606
4.4500000000000108,0.0063741092448351177
4.4583333333333446,0.0067619244789425695
4.4666666666666783,0.0070903986892005286
4.4750000000000121,0.0074989106334591603
4.4833333333333458,0.007849184541970337
4.4916666666666796,0.0082806311875667626
4.5000000000000133,0.0086550096614872573
4.5083333333333471,0.0091117660980850178
4.5166666666666808,0.0095126981078990872
4.5250000000000146,0.0099972907325096942
4.5333333333333483,0.0093856869290270348
4.5416666666666821,0.0087187734103476924
4.5500000000000158,0.0081344269862164142
4.5583333333333496,0.0074928915422395508
4.5666666666666833,0.0069320846324496749
4.5750000000000171,0.0063122832336417493
4.5833333333333508,0.0057714397783516537
4.5916666666666845,0.0051698593480414929
4.6000000000000183,0.0046455236359889702
4.608333333333352,0.0040587609747500227
4.6166666666666858,0.0035475769088011352
4.6250000000000195,0.0029723182781743697
4.6333333333333533,0.0024710092394077138
4.641666666666687,0.0019040104832638439
4.6500000000000208,0.0014093596734411819
4.6583333333333545,0.00084742675838235147
4.6666666666666883,0.00035625790342972286
4.675000000000022,-0.00020377223794071974
4.6833333333333558,-0.00069461393871415682
4.6916666666666895,-0.0012558923760607372
4.7000000000000233,-0.0017495591688376872
4.708333333333357,-0.0023152438672004428
4.7166666666666908,-0.0017731485212981123
4.7250000000000245,-0.0011643209689481029
4.7333333333333583,-0.0016684950654047826
4.741666666666692,-0.0022445645712282796
4.7500000000000258,-0.0017127469150234318
4.7583333333333595,-0.0011141055225292055
4.7666666666666933,-0.00058663126482003071
4.775000000000027,9.3554937288088264e-06
4.7833333333333607,-0.00050590008785035459
4.7916666666666945,-0.0010913072178582819
4.8000000000000282,-0.00056709533618401703
4.808333333333362,2.5658641349640385e-05
4.8166666666666957,-0.00049280498432432507
4.8250000000000295,-0.0010814002270037328
4.8333333333333632,-0.00056036129700822736
4.841666666666697,2.9230122510286207e-05
4.8500000000000307,0.00054936873885660128
4.8583333333333645,0.0011397236121796271
4.8666666666666982,0.00062053164468353758
4.875000000000032,3.2877223252014921e-05
4.8833333333333657,-0.00048523149474114684
4.8916666666666995,-0.0010734605092467772
4.9000000000000332,-0.00055204347458252269
4.908333333333367,3.7938484392651148e-05
4.9166666666667007,-0.00048327849571830827
4.9250000000000345,-0.0010746125537527448
4.9333333333333682,-0.00055630199981752861
4.941666666666702,3.0567385525995507e-05
4.9500000000000357,0.00054798622678654536
4.9583333333333695,0.0011356195068363115
4.9666666666667032,0.00061370004405345436
4.9750000000000369,2.3308141261138964e-05
4.9833333333333707,-0.00049755214319606325
4.9916666666667044,-0.0010885509370990433
5.0000000000000382,-0.00056992606029292311
5.0083333333333719,1.7237192905811067e-05
5.0166666666667057,0.0005349298962164285
5.0250000000000394,0.0011228174395418111
5.0333333333333732,0.00060113301020738919
5.0416666666667069,1.0957277948417974e-05
5.0500000000000407,-0.00050970536669238018
5.0583333333333744,-0.0011005247586004384
5.0666666666667082,-0.00058173845949630401
5.0750000000000419,5.5684914080950332e-06
5.0833333333333757,0.00052338739081312703
5.0916666666667094,0.0011113838146801817
5.1000000000000432,0.00058979110284565744
5.1083333333333769,-3.0992461842566321e-07
5.1166666666667107,-0.00052091475784631503
5.1250000000000444,-0.0011116931481383139
5.1333333333333782,-0.00059288260602196382
5.1416666666667119,-5.5681219709445628e-06
5.1500000000000457,0.00051224161918297852
5.1583333333333794,0.0011002121766524407
5.1666666666667131,0.00057857684121256393
5.1750000000000469,-1.1583618570665217e-05
5.1833333333333806,-0.0005322647746800964
5.1916666666667144,-0.001123136495909936
5.2000000000000481,-0.00060443644340664709
5.2083333333333819,-1.724976041597685e-05
5.2166666666667156,0.00050041468411951876
5.2250000000000494,0.0010882222283925135
5.2333333333333831,0.00056640590796378345
5.2416666666667169,-2.3953766790727823e-05
5.2500000000000506,0.00049690649267198142
5.2583333333333844,0.0010879042936645651
5.2666666666667181,0.0005692774539653695
5.2750000000000519,-1.7888734348440101e-05
5.2833333333333856,-0.0005355853489800766
5.2916666666667194,-0.0011234777858710548
5.3000000000000531,-0.00060179924030685273
5.3083333333333869,-1.1630390096335116e-05
5.3166666666667206,0.00050902436433367083
5.3250000000000544,0.001099834845854273
5.3333333333333881,0.0005810386021997847
5.3416666666667219,-6.2793415651242073e-06
5.3500000000000556,-0.00052411029816882648
5.3583333333333893,-0.0011121198618412587
5.3666666666667231,-0.00059054139280033705
5.3750000000000568,-4.5573164757992011e-07
5.3833333333333906,0.00052013258920258166
5.3916666666667243,0.0011108932960854573
5.4000000000000581,0.00059206387227808905
5.4083333333333918,4.7292808415769108e-06
5.4166666666667256,-0.00051310182300494584
5.4250000000000593,-0.0011010950307297426
5.4333333333333931,-0.00057948366786906105
5.4416666666667268,1.0651462047333367e-05
5.4500000000000606,0.00053130589361827338
5.4583333333333943,0.0011221494553185871
5.4666666666667281,0.00060341976515041027
5.4750000000000618,1.6201923045688281e-05
5.4833333333333956,-0.00050149524810276372
5.4916666666667293,-0.0010893371358388331
5.5000000000000631,-0.00056755682820705772
5.5083333333333968,2.2765111642594424e-05
5.5166666666667306,-0.00049813466069114742
5.5250000000000643,-0.0010891738120499498
5.5333333333333981,-0.00057059022333629753
5.5416666666667318,1.6530749916230994e-05
5.5500000000000655,0.00053418011847658345
5.5583333333333993,0.0011220232070888922
5.566666666666733,0.00060029313568752741
5.5750000000000668,1.0070506483213734e-05
5.5833333333334005,-0.00051064035973452399
5.5916666666667343,-0.001101509370389892
5.600000000000068,-0.00058277416248494259
5.6083333333334018,4.4801492641694782e-06
5.6166666666667355,0.0005222447833192756
5.6250000000000693,0.0011101852339912015
5.633333333333403,0.00058853475609586044
5.6416666666667368,-1.6259155549379647e-06
5.6500000000000705,-0.000522292359688489
5.6583333333334043,-0.0011131344203334109
5.666666666666738,-0.00059438970480303697
5.6750000000000718,-7.143300640516749e-06
5.6833333333334055,0.00051059600624403251
5.6916666666667393,0.0010984936690377313
5.700000000000073,0.0005767828676735403
5.7083333333334068,-1.3455740521389359e-05
5.7166666666667405,0.00050754130803829748
5.7250000000000743,0.0010986918283672706
5.733333333333408,0.0005802338769093252
5.7416666666667417,-6.7470128784856576e-06
5.7500000000000755,-0.0005242416479736584
5.7583333333334092,-0.0011119151185069091
5.766666666666743,-0.00059000028067422423
5.7750000000000767,4.2252894456074655e-07
5.7833333333334105,-0.00052040986870426152
5.7916666666667442,-0.0011114150452344648
5.800000000000078,-0.00059283085088783158
5.8083333333334117,-5.7426157660094907e-06
5.8166666666667455,0.0005118406361235519
5.8250000000000792,0.0010995841243871521
5.833333333333413,0.00057772079882991312
5.8416666666667467,-1.2668913070475444e-05
5.8500000000000805,0.00050817822517983666
5.8583333333334142,0.0010991798040475441
5.866666666666748,0.00058057365714318787
5.8750000000000817,-6.5549047730712422e-06
5.8833333333334155,-0.00052419691025309457
5.8916666666667492,-0.0011120176703188203
5.900000000000083,-0.00059025026206082699
5.9083333333334167,2.4757043937195672e-08
5.9166666666667505,0.00052080313823545349
5.9250000000000842,0.0011117548929248809
5.9333333333334179,0.00059311779158522553
5.9416666666667517,5.9770846258639282e-06
5.9500000000000854,-0.00051165828278491919
5.9583333333334192,-0.0010994536083226813
5.9666666666667529,-0.0005776419193822325
5.9750000000000867,1.2696279006484681e-05
5.9833333333334204,-0.00050820232691798793
5.9916666666667542,-0.0010992554047772282
6.0000000000000879,-0.00058070086545231265
6.0083333333334217,6.3759030149813405e-06
6.0166666666667554,0.00052396585162145634
6.0250000000000892,0.0011117342132952045
6.0333333333334229,0.00058991398631381444
6.0416666666667567,-4.1435070975908004e-07
6.0500000000000904,-0.00052124662872021972
6.0583333333334242,-0.0011122529400390321
6.0666666666667579,-0.00059367113738648504
6.0750000000000917,-6.5865535136247935e-06
6.0833333333334254,0.00051099178264070975
6.0916666666667592,0.0010987290830835475
6.1000000000000929,0.00057685828756465283
6.1083333333334267,-1.3540186695271307e-05
6.1166666666667604,0.00050729688420474519
6.1250000000000941,0.001098287075414275
6.1333333333334279,0.00057966820266103225
6.1416666666667616,-7.4744413895195353e-06
6.1500000000000954,-0.0005251319058160866
6.1583333333334291,-0.0011129695250652548
6.1666666666667629,-0.00059122040238635497
6.1750000000000966,-9.6512160453738427e-07
6.1833333333334304,0.00051979203956029865
6.1916666666667641,0.0011107210604350379
6.2000000000000979,0.0005920596764544294
6.2083333333334316,4.8931027798790294e-06
6.2166666666667654,-0.00051276975351184401
6.2250000000000991,-0.0011005942316030398
6.2333333333334329,-0.00057881340363168858
6.2416666666667666,1.1492180365413717e-05
6.2500000000001004,-0.00050944084152418985
6.2583333333334341,-0.0011005301888304376
6.2666666666667679,-0.00058201382796673341
6.2750000000001016,5.0227971968464028e-06
6.2833333333334354,0.00052257057832738227
6.2916666666667691,0.001110294684768787
6.3000000000001029,0.00058842804712023176
6.3083333333334366,-1.9489239735530478e-06
6.3166666666667703,0.00051892702026606007
6.3250000000001041,0.0011099735163244021
6.3333333333334378,0.00059142847504977704
6.3416666666667716,4.3772868463428319e-06
6.3500000000001053,-0.00051317096784205094
6.3583333333334391,-0.0011008814565238952
6.3666666666667728,-0.00057898708071934602
6.3750000000001066,1.1431780071239381e-05
6.3833333333334403,-0.00050938806615494344
6.3916666666667741,-0.0011003641692670044
6.4000000000001078,-0.00058173432576355403
6.4083333333334416,5.4161904239427532e-06
6.4166666666667753,0.00052307844150218654
6.4250000000001091,0.0011109177685386955
6.4333333333334428,0.00058916727543593668
6.4416666666667766,-1.0924537439026616e-06
6.4500000000001103,-0.00052185714662146478
6.4583333333334441,-0.0011127967943775554
6.4666666666667778,-0.00059414915030315445
6.4750000000001116,-6.9994478386113007e-06
6.4833333333334453,0.00051064338199692224
6.4916666666667791,0.0010984446477887886
6.5000000000001128,0.00057663738491755493
6.5083333333334465,-1.3697893841283068e-05
6.5166666666667803,0.00050720213028104181
6.525000000000114,0.0010982551267750961
6.5333333333334478,0.00057969900549052354
6.5416666666667815,-7.3808468013900413e-06
6.5500000000001153,-0.0005249753850762426
6.558333333333449,-0.0011127498494141706
6.5666666666667828,-0.00059093724818559614
6.5750000000001165,-6.1807030058772006e-07
6.5833333333334503,0.00052020350211794955
6.591666666666784,0.0011111975450591729
6.6000000000001178,0.00059260189187302693
6.6083333333334515,5.5018557260585227e-06
6.6166666666667853,-0.00051209355691616979
6.625000000000119,-0.0010998495839571322
6.6333333333334528,-0.00057799919424083776
6.6416666666667865,1.237716565529545e-05
6.6500000000001203,-0.00050848376060194525
6.658333333333454,-0.0010994995842258271
6.6666666666667878,-0.00058090816047211313
6.6750000000001215,6.2051781797931592e-06
6.6833333333334553,0.00052383143767752215
6.691666666666789,0.0011116359053416995
6.7000000000001227,0.00058985163348446818
6.7083333333334565,-4.408452711374189e-07
6.7166666666667902,-0.0005212373080789144
6.725000000000124,-0.0011122077935722422
6.7333333333334577,-0.00059359010072350068
6.7416666666667915,-6.4695085312870622e-06
6.7500000000001252,0.00051114500798903366
6.758333333333459,0.0010989187151188918
6.7666666666667927,0.00057708460735767214
6.7750000000001265,-1.3276843283924908e-05
6.7833333333334602,0.00050759764245090794
6.791666666666794,0.0010986256958727732
6.8000000000001277,0.0005800451897760941
6.8083333333334615,-7.058526030840283e-06
6.8166666666667952,-0.00052467644251673188
6.825000000000129,-0.0011124738347242731
6.8333333333334627,-0.00059068374513785707
6.8416666666667965,-3.8669672323572939e-07
6.8500000000001302,0.000520413095061239
6.858333333333464,0.0011113856736137422
6.8666666666667977,0.0005927688402816364
6.8750000000001315,5.6478762703376691e-06
6.8833333333334652,-0.00051196824343263604
6.8916666666667989,-0.001099744787735659
6.9000000000001327,-0.00057791475614434366
6.9083333333334664,1.2441374129556303e-05
6.9166666666668002,-0.00050843968362420105
6.9250000000001339,-0.0010994755707840931
6.9333333333334677,-0.00058090417266111753
6.9416666666668014,6.1891482184645933e-06
6.9500000000001352,0.00052379536779368241
6.9583333333334689,0.0011115797433362616
6.9666666666668027,0.00058977529698640483
6.9750000000001364,-5.3746881373253674e-07
6.9833333333334702,-0.00052135436157833381
6.9916666666668039,-0.0011123454505964322
7.0000000000001377,-0.00059374856585466581
7.0083333333334714,-6.6490173911651514e-06
7.0166666666668052,0.00051094418833677103
7.0250000000001389,0.0010986962856120426
7.0333333333334727,0.00057684023633632184
7.0416666666668064,-1.3543520127488499e-05
7.0500000000001402,0.00050730826219468604
7.0583333333334739,0.0010983131805073808
7.0666666666668077,0.00057970907263932454
7.0750000000001414,-7.418746638711992e-06
7.0833333333334751,-0.00052506130420982048
7.0916666666668089,-0.0011128839121566597
7.1000000000001426,-0.00059111965114568205
7.1083333333334764,-8.4908240389043562e-07
7.1166666666668101,0.0005199235391999187
7.1250000000001439,0.0011108682162031323
7.1333333333334776,0.00059222270764670588
7.1416666666668114,5.0722523266683655e-06
7.1500000000001451,-0.0005125742186242395
7.1583333333334789,-0.0011003820197742747
7.1666666666668126,-0.00057858419806740388
7.1750000000001464,1.1738721700943319e-05
7.1833333333334801,-0.00050917659654008194
7.1916666666668139,-0.0011002478457147573
7.2000000000001476,-0.00058171296484836577
7.2083333333334814,5.3426296409735528e-06
7.2166666666668151,0.00052290985766140392
7.2250000000001489,0.0011106539177986477
7.2333333333334826,0.00058880777089729544
7.2416666666668164,-1.5481420807758744e-06
7.2500000000001501,-0.00052240969270072051
7.2583333333334838,-0.0011134470174801194
7.2666666666668176,-0.00059489801674061959
7.2750000000001513,-7.8480710711488712e-06
7.2833333333334851,0.00050969373945868284
7.2916666666668188,0.0010973925717525214
7.3000000000001526,0.00057548130667691604
7.3083333333334863,-1.4959697745985461e-05
7.3166666666668201,0.00050583271949533354
7.3250000000001538,0.0010967760662416591
7.3333333333334876,0.00057810808662522742
7.3416666666668213,-9.0859986436992072e-06
7.3500000000001551,-0.00052679731475033795
7.3583333333334888,-0.0011146912773121256
7.3666666666668226,-0.00059300107564650209
7.3750000000001563,-2.8073799801279835e-06
7.3833333333334901,0.0005178854408043875
7.3916666666668238,0.0011087472690689741
7.4000000000001576,0.00059001573769536914
7.4083333333334913,2.7759588868174337e-06
7.4166666666668251,-0.00051496326869553079
7.4250000000001588,-0.0011028673993070143
7.4333333333334926,-0.00058116962657162995
7.4416666666668263,9.0493774753330557e-06
7.45000000000016,0.0005297852742444652
7.4583333333334938,0.0011207080139114761
7.4666666666668275,0.00060205533181575781
7.4750000000001613,1.4912444959240313e-05
7.483333333333495,-0.00050271171052647292
7.4916666666668288,-0.0010904824130714551
7.5000000000001625,-0.00056863264503569523
7.5083333333334963,2.1757135806608135e-05
7.51666666666683,-0.0004990763125907456
7.5250000000001638,-0.0010900505578820266
7.5333333333334975,-0.00057140338445503406
7.5416666666668313,1.5779948431534737e-05
7.550000000000165,0.00053349054554270212
7.5583333333334988,0.0011213938232177256
7.5666666666668325,0.00059972299102544748
7.5750000000001663,9.5587406925983003e-06
7.5833333333335,-0.00051109451911293875
7.5916666666668338,-0.0011019066095910271
7.6000000000001675,-0.0005831150827780645
7.6083333333335013,4.1950314761113966e-06
7.616666666666835,0.00052201503549895276
7.6250000000001688,0.0011100105065367993
7.6333333333335025,0.00058841478172380331
7.6416666666668362,-1.6913218531490369e-06
7.65000000000017,-0.00052230330104777894
7.6583333333335037,-0.0011130909182508844
7.6666666666668375,-0.0005942916991199819
7.6750000000001712,-6.9906495406712907e-06
7.683333333333505,0.00051080352642608078
7.6916666666668387,0.0010987563642701154
7.7000000000001725,0.00057710112687594346
7.7083333333335062,-1.3081445422274459e-05
7.71666666666684,-0.00053378695680221869
7.7250000000001737,-0.0011246853129785667
7.7333333333335075,-0.00060601421648920925
7.7416666666668412,-1.8858852234245388e-05
7.750000000000175,0.0004987718649178194
7.7583333333335087,0.0010865432221541381
7.7666666666668425,0.00056468819928551369
7.7750000000001762,-2.5712749507477238e-05
7.78333333333351,0.00049510360349891403
7.7916666666668437,0.0010860547993653811
7.8000000000001775,0.00056737858435380937
7.8083333333335112,-1.9839821468677875e-05
7.816666666666845,-0.00053759157286068675
7.8250000000001787,-0.0011255421489497523
7.8333333333335124,-0.00060392483413186269
7.8416666666668462,-1.3820395668803827e-05
7.8500000000001799,0.00050676667083906829
7.8583333333335137,0.001097506086180772
7.8666666666668474,0.00057863528943849149
7.8750000000001812,-8.7608035226065865e-06
7.8833333333335149,-0.0005266736210294636
7.8916666666668487,-0.0011147688807104459
7.9000000000001824,-0.00059328007371633616
7.9083333333335162,-3.2881720974619989e-06
7.9166666666668499,0.00051720215295960887
7.9250000000001837,0.001107860480097575
7.9333333333335174,0.00058892413631372561
7.9416666666668512,1.4779277640586293e-06
7.9500000000001849,-0.00051646965562019147
7.9583333333335187,-0.0011045843808199297
7.9666666666668524,-0.00058309975873455794
7.9750000000001862,6.903220966308826e-06
7.9833333333335199,0.00052741989712488339
7.9916666666668537,0.0011181198906696939
8.0000000000001865,0.00059924060059615366
8.0083333333335194,1.1866907114483705e-05
8.0166666666668522,-0.00050599259780070025
8.0250000000001851,-0.0010940035462525758
8.033333333333518,-0.00057239928392639457
8.0416666666668508,1.7739367211261582e-05
8.0500000000001837,0.0005384079424741588
8.0583333333335165,0.001129276293460988
8.0666666666668494,0.00061058208208755326
8.0750000000001823,2.3410453387215454e-05
8.0833333333335151,-0.00049422970510840678
8.091666666666848,-0.0010820036934918328
8.1000000000001808,-0.00056014449147676569
8.1083333333335137,3.0267448108465434e-05
8.1166666666668466,-0.00049053108874298756
8.1250000000001794,-0.0010814576152959529
8.1333333333335123,-0.00056274983674817311
8.1416666666668451,2.4507069176246377e-05
8.150000000000178,0.00054230431198268683
8.1583333333335109,0.0011303074402490116
8.1666666666668437,0.00060874982168748716
8.1750000000001766,1.8712307633148068e-05
8.1833333333335094,-0.00050180050912679362
8.1916666666668423,-0.0010924582367154555
8.2000000000001751,-0.00057349818719396311
8.208333333333508,1.3994851839122876e-05
8.2166666666668409,0.0005320124507307857
8.2250000000001737,0.0011202204856109975
8.2333333333335066,0.00059885262179865443
8.2416666666668394,8.9900065233698878e-06
8.2500000000001723,-0.00051136249883793549
8.2583333333335052,-0.0011018742647425706
8.266666666666838,-0.00058278239298356919
8.2750000000001709,4.828536800312623e-06
8.2833333333335037,0.00052295027763628321
8.2916666666668366,0.0011112488593163384
8.3000000000001695,0.00058995807451150278
8.3083333333335023,1.5919606310608739e-07
8.3166666666668352,-0.00052014281335755125
8.325000000000168,-0.0011106172509194672
8.3333333333335009,-0.00059150117050148026
8.3416666666668338,-3.8791057463306801e-06
8.3500000000001666,0.00051424071868009483
8.3583333333334995,0.0011025243273352953
8.3666666666668323,0.00058120548239993315
8.3750000000001652,-8.6345756605828981e-06
8.3833333333334981,-0.00052899094025232372
8.3916666666668309,-0.0011195329924289675
8.4000000000001638,-0.00060049789574403685
8.4083333333334966,-1.2970295247719427e-05
8.4166666666668295,0.00050504144860178681
8.4250000000001624,0.0010932031958462139
8.4333333333334952,0.00057174851750914921
8.4416666666668281,-1.8241539325680981e-05
8.4500000000001609,-0.00053876228681632213
8.4583333333334938,-0.001129483355066941
8.4666666666668267,-0.00061064218540234983
8.4750000000001595,-2.3323702315551388e-05
8.4833333333334924,0.00049446342683427788
8.4916666666668252,0.0010823847225040009
8.5000000000001581,0.0005606733855734212
8.508333333333491,-2.9589909875452394e-05
8.5166666666668238,0.0004913582726624561
8.5250000000001567,0.0010824356709649274
8.5333333333334895,0.00056388021726764962
8.5416666666668224,-2.3222683410903571e-05
8.5500000000001553,-0.00054086401045218009
8.5583333333334881,-0.0011287090783346078
8.566666666666821,-0.00060699101630081766
8.5750000000001538,-1.6790436985635228e-05
8.5833333333334867,0.00050388831011428318
8.5916666666668196,0.0010947150824186008
8.6000000000001524,0.00057592744743826759
8.6083333333334853,-1.1389551231000455e-05
8.6166666666668181,-0.00052922722161718766
8.625000000000151,-0.0011172511693933085
8.6333333333334838,-0.00059569478112894507
8.6416666666668167,-5.6389247784527571e-06
8.6500000000001496,0.00051491182590085427
8.6583333333334824,0.0011056271394999167
8.6666666666668153,0.00058674442638753925
8.6750000000001481,-6.5142440213937633e-07
8.683333333333481,-0.00051855184604896408
8.6916666666668139,-0.0011066225354049396
8.7000000000001467,-0.00058509693923170804
8.7083333333334796,4.9440164855369808e-06
8.7166666666668124,0.00052549572880285667
8.7250000000001453,0.0011162278706432786
8.7333333333334782,0.00059737788742529195
8.741666666666811,1.0030705419018009e-05
8.7500000000001439,-0.00050780504245781077
8.7583333333334767,-0.0010957949531923707
8.7666666666668096,-0.00057417234255405887
8.7750000000001425,1.5981996959058421e-05
8.7833333333334753,0.00053666362531832755
8.7916666666668082,0.001127542413217194
8.800000000000141,0.0006088560365677798
8.8083333333334739,2.1689654121213973e-05
8.8166666666668068,-0.00049594783760916665
8.8250000000001396,-0.0010837217351905375
8.8333333333334725,-0.00056186501972658217
8.8416666666668053,2.8541854083025471e-05
8.8500000000001382,-0.00049226433432115059
8.8583333333334711,-0.0010832011100835176
8.8666666666668039,-0.00056450619531114897
8.8750000000001368,2.273521487100624e-05
8.8833333333334696,0.00054051430786487386
8.8916666666668025,0.0011284966045640777
8.9000000000001354,0.00060691543972510157
8.9083333333334682,1.6851631446754244e-05
8.9166666666668011,-0.00050369026570733406
8.9250000000001339,-0.0010943799039717773
8.9333333333334668,-0.00057545464497785214
8.9416666666667997,1.2000673623700169e-05
8.9500000000001325,0.00052997756689414518
8.9583333333334654,0.0011181418493995151
8.9666666666667982,0.00059672711891746747
8.9750000000001311,6.8144547602146127e-06
8.983333333333464,-0.0005135913553412113
8.9916666666667968,-0.0011041597623566652
9.0000000000001297,-0.00058512795508166074
9.0083333333334625,2.4193993301635781e-06
9.0166666666667954,0.00052047396011783921
9.0250000000001283,0.001108701655702752
9.0333333333334611,0.00058733617013182545
9.041666666666794,-2.5413328988809145e-06
9.0500000000001268,-0.00052292600688043139
9.0583333333334597,-0.0011134872736517159
9.0666666666667926,-0.00059446231992024104
9.0750000000001254,-6.9358127299501572e-06
9.0833333333334583,0.00051108388192462096
9.0916666666667911,0.0010992626376518163
9.100000000000124,0.00057783405646855579
9.1083333333334568,-1.2120782067650504e-05
9.1166666666667897,-0.00053259714124190304
9.1250000000001226,-0.0011232645829540447
9.1333333333334554,-0.00060436046223998096
9.1416666666667883,-1.6969616282657454e-05
9.1500000000001211,0.00050089939196388557
9.158333333333454,0.0010889122074548238
9.1666666666667869,0.00056730217409034717
9.1750000000001197,-2.2849889258553513e-05
9.1833333333334526,0.00049821961660986955
9.1916666666667854,0.0010894286129861017
9.2000000000001183,0.00057101523561508291
9.2083333333334512,-1.5934905083200535e-05
9.216666666666784,-0.00053341256407853132
9.2250000000001169,-0.0011210828085208471
9.2333333333334497,-0.00059917849835064072
9.2416666666667826,-8.779975639084113e-06
9.2500000000001155,0.00051210870176278921
9.2583333333334483,0.0011031577082129093
9.2666666666667812,0.00058460495205048886
9.275000000000114,-2.464180316850257e-06
9.2833333333334469,-0.0005200406309498226
9.2916666666667798,-0.0011077896114832545
9.3000000000001126,-0.00058594408748654939
9.3083333333334455,4.4154959554919713e-06
9.3166666666667783,-0.0005164741375945852
9.3250000000001112,-0.0011075306444812635
9.3333333333334441,-0.00058899194830429314
9.3416666666667769,-1.9434516992018076e-06
9.3500000000001098,0.00051560575928590773
9.3583333333334426,0.0011033208542537071
9.3666666666667755,0.00058143474386298871
9.3750000000001084,-8.9721826895026146e-06
9.3833333333334412,0.00051186328294071208
9.3916666666667741,0.0011028587146806603
9.4000000000001069,0.0005842519402825578
9.4083333333334398,-2.8717344939394083e-06
9.4166666666667727,-0.00052050333324003308
9.4250000000001055,-0.0011083081503806597
9.4333333333334384,-0.00058651923566815619
9.4416666666667712,3.7828815262693361e-06
9.4500000000001041,0.00052459399065054408
9.458333333333437,0.0011155841532083045
9.4666666666667698,0.00059699120081185971
9.4750000000001027,9.9004457678413915e-06
9.4833333333334355,-0.00050767909437706164
9.4916666666667684,-0.0010954126325327244
9.5000000000001013,-0.00057353309979616719
9.5083333333334341,1.6879096067732005e-05
9.516666666666767,-0.0005039392503522499
9.5250000000000998,-0.0010949056852843629
9.5333333333334327,-0.00057625798577927217
9.5416666666667656,1.091859499893154e-05
9.5500000000000984,0.00052861515480877048
9.5583333333334313,0.001116497087637929
9.5666666666667641,0.00059479756645797644
9.575000000000097,4.5972454996816097e-06
9.5833333333334298,-0.00051609951744807907
9.5916666666667627,-0.0011069626101674018
9.6000000000000956,-0.00058822966578976469
9.6083333333334284,-9.8579638484987682e-07
9.6166666666667613,0.00051676020436737719
9.6250000000000941,0.0011046738013624653
9.633333333333427,0.00058298820407331098
9.6416666666667599,-7.2158992115516866e-06
9.6500000000000927,-0.00052793414874029079
9.6583333333334256,-0.0011188364677328247
9.6666666666667584,-0.00060016055915881135
9.6750000000000913,-1.2991607310642356e-05
9.6833333333334242,0.00050466148952693515
9.691666666666757,0.0010924640536983615
9.7000000000000899,0.00057064911711157663
9.7083333333334227,-1.9702812405709703e-05
9.7166666666667556,0.00050117156268676287
9.7250000000000885,0.0010921898719099877
9.7333333333334213,0.00057358996762984452
9.7416666666667542,-1.3542822368127074e-05
9.750000000000087,-0.000531199528489374
9.7583333333334199,-0.0011190454856769016
9.7666666666667528,-0.00059731381536147347
9.7750000000000856,-7.0851207144467715e-06
9.7833333333334185,0.00051363628463612764
9.7916666666667513,0.0011045203247348567
9.8000000000000842,0.00058580466187028893
9.8083333333334171,-1.4255632716583341e-06
9.8166666666667499,-0.00051916153499737569
9.8250000000000828,-0.0011070687038199222
9.8333333333334156,-0.00058538027178103847
9.8416666666667485,4.8230797368218386e-06
9.8500000000000814,0.00052553699139912171
9.8583333333334142,0.0011164313792710479
9.8666666666667471,0.00059774393218163697
9.8750000000000799,1.0559819829980977e-05
9.8833333333334128,-0.00050711208066400791
9.8916666666667457,-0.0010949371204992905
9.9000000000000785,-0.0005731483675115868
9.9083333333334114,1.7173633925051429e-05
9.9166666666667442,-0.0005037344570406404
9.9250000000000771,-0.0010947903211104358
9.93333333333341,-0.00057623186929347734
9.9416666666667428,1.085551132854955e-05
9.9500000000000757,0.00052846278478936202
9.9583333333334085,0.0011162552111980471
9.9666666666667414,0.00059446582912245491
9.9750000000000743,4.1751583544305678e-06
9.9833333333334071,-0.00051661257853470902
9.99166666666674,-0.0011075674058334687
10.000000000000073,-0.00058892709474879078
10.008333333333406,-1.7768955446225402e-06
10.016666666666739,0.00051587425813890667
10.025000000000071,0.0011036916887851977
10.033333333333404,0.00058190846080341183
10.041666666666737,-8.3948827888420894e-06
10.05000000000007,0.00051254502132138139
10.058333333333403,0.0011036459037900668
10.066666666666736,0.00058514575117034958
10.075000000000069,-1.8699718124575339e-06
10.083333333333401,-0.00051939212750775308
10.091666666666734,-0.0011070858459888799
10.100000000000067,-0.0005851840093330519
10.1083333333334,5.2330210112562213e-06
10.116666666666733,-0.00051559794576809526
10.125000000000066,-0.0011065944778420025
10.133333333333399,-0.0005879944080404583
10.141666666666731,-8.8304803408236403e-07
10.150000000000064,0.0005167306097173689
10.158333333333397,0.001104511831724596
10.16666666666673,0.00058269362887003484
10.175000000000063,-7.6435091674669316e-06
10.183333333333396,0.00051326372976897585
10.191666666666729,0.001104333027560511
10.200000000000061,0.0005858023240418158
10.208333333333394,-1.2429626214316264e-06
10.216666666666727,-0.00051879373951624005
10.22500000000006,-0.0011065151794561392
10.233333333333393,-0.0005846402055489072
10.241666666666726,5.7507798533715863e-06
10.250000000000059,-0.00051510545344971112
10.258333333333391,-0.0011061265113714795
10.266666666666724,-0.0005875502630778265
10.275000000000057,-4.6205646969707566e-07
10.28333333333339,0.00051712908100083144
10.291666666666723,0.0011048883821954427
10.300000000000056,0.0005830488254815017
10.308333333333389,-7.3091318908535918e-06
10.316666666666721,0.00051357779080154456
10.325000000000054,0.0011046272450693513
10.333333333333387,0.00058607714126990512
10.34166666666672,-9.8713184000222233e-07
10.350000000000053,-0.00051855650998440756
10.358333333333386,-0.0011062961937951909
10.366666666666719,-0.00058443913352743332
10.375000000000052,5.9342413693866853e-06
10.383333333333384,-0.00051493932583128823
10.391666666666717,-0.0011059774669815114
10.40000000000005,-0.00058741807671940463
10.408333333333383,-3.465283831727974e-07
10.416666666666716,0.00051722812551967896
10.425000000000049,0.0011049710931694565
10.433333333333382,0.00058311532852418197
10.441666666666714,-7.2587355549727518e-06
10.450000000000047,0.00051361215746919804
10.45833333333338,0.0011046456350884786
10.466666666666713,0.00058607958372665066
10.475000000000046,-1.0006317868367391e-06
10.483333333333379,-0.00051858597107483698
10.491666666666712,-0.0011063416587023449
10.500000000000044,-0.00058450066895743475
10.508333333333377,5.856544669542151e-06
10.51666666666671,-0.00051503329873410042
10.525000000000043,-0.0011060878554428777
10.533333333333376,-0.00058754504480480047
10.541666666666709,-4.902648900488125e-07
10.550000000000042,0.00051706740674016798
10.558333333333374,0.0011047931527668623
10.566666666666707,0.00058291990116773765
10.57500000000004,-7.4719412135857325e-06
10.583333333333373,0.00051338085563510988
10.591666666666706,0.0011043958920189457
10.600000000000039,0.00058581102648752462
10.608333333333372,-1.288404057301127e-06
10.616666666666704,-0.00051889338786838691
10.625000000000037,-0.0011066691790403253
10.63333333333337,-0.00058484878230002945
10.641666666666703,5.4873183547177895e-06
10.650000000000036,-0.00051542418941435432
10.658333333333369,-0.0011065009944599578
10.666666666666702,-0.00058798104986237921
10.675000000000034,-9.4978751159377423e-07
10.683333333333367,0.00051658368005964384
10.6916666666667,0.0011042844991203612
10.700000000000033,0.00058238555981311865
10.708333333333366,-8.0327689635692626e-06
10.716666666666699,0.00051279270343960266
10.725000000000032,0.0011037795362142525
10.733333333333364,0.00058516554506516608
10.741666666666697,-1.9639760854343099e-06
10.75000000000003,-0.00051960006018007148
10.758333333333363,-0.0011074080081227213
10.766666666666696,-0.00058562087352762927
10.775000000000029,4.6808105647287837e-06
10.783333333333362,0.00052549283237280134
10.791666666666694,0.0011164852550132713
10.800000000000027,0.0005978959143278698
10.80833333333336,1.0810127026212577e-05
10.816666666666693,-0.00050676308248237718
10.825000000000026,-0.0010944889173687513
10.833333333333359,-0.00057260029634567308
10.841666666666692,1.7822385434265379e-05
10.850000000000025,-0.00050298406230220327
10.858333333333357,-0.0010939371677071311
10.86666666666669,-0.00057527468697427886
10.875000000000023,1.1918147829992568e-05
10.883333333333356,0.00052963245819724429
10.891666666666689,0.0011175336649964169
10.900000000000022,0.00059585497106317328
10.908333333333355,5.6770606861398809e-06
10.916666666666687,-0.00051499567543737603
10.92500000000002,-0.0011058330887718762
10.933333333333353,-0.00058707277291385684
10.941666666666686,2.0019984549081279e-07
10.950000000000019,0.00051797707870643468
10.958333333333352,0.001105923375179427
10.966666666666685,0.00058427234890629984
10.975000000000017,-5.8952613841643479e-06
10.98333333333335,-0.00052657504206709703
10.991666666666683,-0.0011174368583291956
11.000000000000016,-0.00059871835111208736
11.008333333333349,-1.1504642423136466e-05
11.016666666666682,0.00050619543561125841
11.025000000000015,0.0010940472761767381
11.033333333333347,0.00057228398648071573
11.04166666666668,-1.8013849956312294e-05
11.050000000000013,0.00050291714447743487
11.058333333333346,0.0010939946846101527
11.066666666666679,0.00057545671322698172
11.075000000000012,-1.1611351016751558e-05
11.083333333333345,-0.0005292004427026333
11.091666666666677,-0.0011169757948842193
11.10000000000001,-0.00059517042120823399
11.108333333333343,-4.8648166845613291e-06
11.116666666666676,0.00051593681895696674
11.125000000000009,0.0011069045306533031
11.133333333333342,0.00058827610831556029
11.141666666666675,1.1368207667444996e-06
11.150000000000007,-0.00051650438157747208
11.15833333333334,-0.0011043128064547004
11.166666666666673,-0.00058252150534398054
11.175000000000006,7.7889915270172928e-06
11.183333333333339,-0.0005131446680426185
11.191666666666672,-0.0011042402055063245
11.200000000000005,-0.0005857355999492887
11.208333333333337,1.283691236584219e-06
11.21666666666667,0.00051880853612883582
11.225000000000003,0.0011065040686739198
11.233333333333336,0.00058460317313196368
11.241666666666669,-5.8137869917498978e-06
11.250000000000002,0.00051501637959126551
11.258333333333335,0.0011060112396975167
11.266666666666667,0.00058740862311403345
11.275,2.938383410400364e-07
11.283333333333333,-0.00051732412691819914
11.291666666666666,-0.0011051105457920035
11.299999999999999,-0.00058329843750379567
11.308333333333332,7.0316997945178953e-06
11.316666666666665,-0.0005138834561630955
11.324999999999998,-0.0011049615992888291
11.33333333333333,-0.00058644068325405102
11.341666666666663,5.9385979967141666e-07
11.349999999999996,0.00051813292126575284
11.358333333333329,0.0011058416562178752
11.366666666666662,0.00058395296809740996
11.374999999999995,-6.4527605552052069e-06
11.383333333333328,0.00051438767879910367
11.39166666666666,0.0011053918682083792
11.399999999999993,0.00058679765087586353
11.408333333333326,-3.0965141978843842e-07
11.416666666666659,-0.00051792103936596683
11.424999999999992,-0.0011057017763935529
11.433333333333325,-0.00058388487375244497
11.441666666666658,6.4491782481283372e-06
11.44999999999999,-0.00051446293641617489
11.458333333333323,-0.0011055389072522409
11.466666666666656,-0.0005870166852051772
11.474999999999989,1.8300181432417116e-08
11.483333333333322,0.00051755694133477138
11.491666666666655,0.0011052643925425257
11.499999999999988,0.00058337355479028076
11.50833333333332,-7.0351919639632041e-06
11.516666666666653,0.00051380135666396706
11.524999999999986,0.0011048007767347501
11.533333333333319,0.00058620090375921432
11.541666666666652,-9.1294830704254242e-07
11.549999999999985,-0.00051853178958526124
11.558333333333318,-0.0011063208948439607
11.56666666666665,-0.00058451328844798386
11.574999999999983,5.8105260442812977e-06
11.583333333333316,-0.00051511278233640472
11.591666666666649,-0.0011062009200485544
11.599999999999982,-0.00058769185688507689
11.608333333333315,-6.7104138143422645e-07
11.616666666666648,0.00051685239808387635
11.62499999999998,0.0011045435928209659
11.633333333333313,0.00058263541878276375
11.641666666666646,-7.7917692629239708e-06
11.649999999999979,0.00051302520589454378
11.658333333333312,0.0011040038907709259
11.666666666666645,0.00058538208906219952
11.674999999999978,-1.7549172666016573e-06
11.68333333333331,-0.00051939817251741595
11.691666666666643,-0.0011072129882888824
11.699999999999976,-0.00058543242831072813
11.708333333333309,4.8629643038902702e-06
11.716666666666642,0.00052566896822097938
11.724999999999975,0.0011166556375846104
11.733333333333308,0.00059806079977108657
11.74166666666664,1.0969763057958187e-05
11.749999999999973,-0.00050660845612066313
11.758333333333306,-0.0010943390684027125
11.766666666666639,-0.00057245499952714445
11.774999999999972,1.7963348365248788e-05
11.783333333333305,-0.00050284722158553991
11.791666666666638,-0.00109380424367634
11.799999999999971,-0.00057514547985245508
11.808333333333303,1.2043832102239071e-05
11.816666666666636,0.00052975480831574432
11.824999999999969,0.001117652864692105
11.833333333333302,0.00059597119945598563
11.841666666666635,5.7904923077681064e-06
11.849999999999968,-0.00051488487032279198
11.858333333333301,-0.0011057247438068375
11.866666666666633,-0.00058696672532924899
11.874999999999966,3.0410925457603586e-07
11.883333333333299,0.00051807900587155819
11.891666666666632,0.0011060234730884628
11.899999999999965,0.00058437076789709082
11.908333333333298,-5.7983736016856254e-06
11.916666666666631,-0.00052647954014176633
11.924999999999963,-0.0011173425989612069
11.933333333333296,-0.00059862519277613347
11.941666666666629,-1.1412445350412054e-05
11.949999999999962,0.0005062868096884878
11.958333333333295,0.0010941379643175119
11.966666666666628,0.00057237412479778762
11.974999999999961,-1.7924126273689096e-05
11.983333333333293,0.00050300658803733591
11.991666666666626,0.001094083982161596
11.999999999999959,0.00057554599874594251
12.008333333333292,-1.1521943670099425e-05
12.016666666666625,-0.00052911077954280331
12.024999999999958,-0.0011168857415181561
12.033333333333291,-0.00059507984257359302
12.041666666666623,-4.773577032703405e-06
12.049999999999956,0.00051602885630688887
12.058333333333289,0.0011069975036030731
12.066666666666622,0.00058837015625512338
12.074999999999955,1.2320845942730634e-06
12.083333333333288,-0.00051640775920178269
12.091666666666621,-0.0011042146808080517
12.099999999999953,-0.00058242172935990349
12.108333333333286,7.8905672803676904e-06
12.116666666666619,-0.00051304114045374271
12.124999999999952,-0.0011041345710626526
12.133333333333285,-0.00058562770037633009
12.141666666666618,1.3940174919799194e-06
12.149999999999951,0.00051892145418792586
12.158333333333283,0.0011066197475735318
12.166666666666616,0.00058472178615430416
12.174999999999949,-5.6920622943405571e-06
12.183333333333282,0.00051514139810467791
12.191666666666615,0.0011061397391384507
12.199999999999948,0.00058754079593039733
12.208333333333281,4.2988234487515467e-07
12.216666666666613,-0.00051718400819713141
12.224999999999946,-0.0011049661426781369
12.233333333333279,-0.00058314953376608367
12.241666666666612,7.1853269739865011e-06
12.249999999999945,-0.00051372487573840488
12.258333333333278,-0.0011047978283487674
12.266666666666611,-0.00058627147659710117
12.274999999999944,7.687553421813677e-07
12.283333333333276,0.00051831376728109224
12.291666666666609,0.0011060287232618003
12.299999999999942,0.00058414653622382079
12.308333333333275,-6.2524017541437125e-06
12.316666666666608,0.0005145951279226258
12.324999999999941,0.0011056067179853739
12.333333333333274,0.00058702022292898273
12.341666666666606,-7.9024129740354413e-08
12.349999999999939,-0.00051768201194686081
12.358333333333272,-0.0011054539912970559
12.366666666666605,-0.00058362796007363504
12.374999999999938,6.7156048240798941e-06
12.383333333333271,-0.00051418659853235478
12.391666666666604,-0.0011052522447198563
12.399999999999936,-0.00058671926894263084
12.408333333333269,3.2691505872156321e-07
12.416666666666602,0.00051787721630639091
12.424999999999935,0.0011055968066528198
12.433333333333268,0.00058371860558712255
12.441666666666601,-6.676988357570108e-06
12.449999999999934,0.00051417324869892282
12.458333333333266,0.0011051869134342291
12.466666666666599,0.00058660186306770483
12.474999999999932,-4.9656665254056307e-07
12.483333333333265,-0.00051809936298811532
12.491666666666598,-0.0011058717765397047
12.499999999999931,-0.00058404680623612502
