Time,Theta
0.00833333377,-0.0582184754
0.0166666675,-0.0578266717
0.0250000022,-0.0574522242
0.0333333351,-0.0572331399
0.0416666679,-0.057030499
0.0500000007,-0.0569825917
0.0583333336,-0.0559109747
0.0666666701,-0.0548539124
0.075000003,-0.053948395
0.0833333358,-0.0530544594
0.0916666687,-0.0523093678
0.100000001,-0.0515733957
0.108333334,-0.0509840548
0.116666667,-0.050401818
0.125,-0.0499644652
0.13333334,-0.0495326668
0.141666681,-0.0492444411
0.150000021,-0.0489606783
0.158333361,-0.0488196202
0.166666701,-0.0476420894
0.175000042,-0.0464667007
0.183333382,-0.0454303622
0.191666722,-0.0443928353
0.200000063,-0.0434912592
0.208333403,-0.0425855815
0.216666743,-0.0418131277
0.225000083,-0.0410340428
0.233333424,-0.0403858721
0.241666764,-0.0397289097
0.250000089,-0.039200902
0.258333415,-0.0386623107
0.26666674,-0.0382510722
0.275000066,-0.0378278047
0.283333391,-0.0375306383
0.291666716,-0.0372203588
0.300000042,-0.0370352603
0.308333367,-0.0357953757
0.316666692,-0.0345398746
0.325000018,-0.0334056169
0.333333343,-0.0322521403
0.341666669,-0.031216491
0.349999994,-0.0301583223
0.358333319,-0.0292148367
0.366666645,-0.0282458253
0.37499997,-0.0273886267
0.383333296,-0.0265031587
0.391666621,-0.0257268939
0.399999946,-0.0249198526
0.408333272,-0.0242196415
0.416666597,-0.0234863795
0.424999923,-0.0228578001
0.433333248,-0.0221941229
0.441666573,-0.0216331892
0.449999899,-0.0210353099
0.458333224,-0.0205384344
0.466666549,-0.0200029649
0.474999875,-0.0195669495
0.4833332,-0.0190908834
0.491666526,-0.0187128987
0.499999851,-0.0182935707
0.508333206,-0.0179711264
0.516666532,-0.0176062249
0.524999857,-0.0173371714
0.533333182,-0.0170247015
0.541666508,-0.016807206
0.549999833,-0.0165454913
0.558333158,-0.0163780339
0.566666484,-0.016165711
0.574999809,-0.0160470605
0.583333135,-0.015883049
0.59166646,-0.0158122908
0.599999785,-0.0146542033
0.608333111,-0.0134487581
0.616666436,-0.0123330122
0.624999762,-0.0111664254
0.633333087,-0.0100861154
0.641666412,-0.00895159133
0.649999738,-0.0079000257
0.658333063,-0.006790963
0.666666389,-0.00576161873
0.674999714,-0.00467156945
0.683333039,-0.00365806185
0.691666365,-0.00258069416
0.69999969,-0.00157673447
0.708333015,-0.00050579221
0.716666341,0.000494850625
0.724999666,0.00156558317
0.733332992,0.00256912014
0.741666317,0.0036458564
0.749999642,0.00361676398
0.758332968,0.003523655
0.766666293,0.00350527768
0.774999619,0.003422715
0.783332944,0.00341473124
0.791666269,0.00334242638
0.799999595,0.00334457913
0.80833292,0.00328230415
0.816666245,0.00329439645
0.824999571,0.00324198534
0.833332896,0.0032638798
0.841666222,0.0032212236
0.849999547,0.0032528406
0.858332872,0.00321988948
0.866666198,0.00326120923
0.874999523,0.00323797227
0.883332849,0.00328903203
0.891666174,0.00327557675
0.899999499,0.00333647337
0.908332825,0.00333292433
0.91666615,0.00340381311
0.924999475,0.00341035635
0.933332801,0.00349145196
0.941666126,0.00350833265
0.949999452,0.0035999117
0.958332777,0.0036274374
0.966666102,0.00372983888
0.974999428,0.00376838096
0.983332753,0.0038820086
0.991666079,0.00393200433
0.999999404,0.00405733008
1.00833273,0.00411928492
1.01666605,0.00425684964
1.02499938,0.00433134148
1.03333271,0.00448175985
1.04166603,0.00456944155
1.04999936,0.00473340508
1.05833268,0.00483500725
1.06666601,0.00501328893
1.07499933,0.00512962835
1.08333266,0.0053230864
1.09166598,0.00545506598
1.09999931,0.00566464849
1.10833263,0.00581326289
1.11666596,0.00604001852
1.12499928,0.0062063653
1.13333261,0.00645143911
1.14166594,0.00663672155
1.14999926,0.00690137409
1.15833259,0.0071069072
1.16666591,0.00739251403
1.17499924,0.00761973439
1.18333256,0.00792779494
1.19166589,0.00817827135
1.19999921,0.00851042103
1.20833254,0.00878585782
1.21666586,0.00914387777
1.22499919,0.00944613107
1.23333251,0.00983195473
1.24166584,0.0101630408
1.24999917,0.0105787665
1.25833249,0.0109408712
1.26666582,0.0113887805
1.27499914,0.0117842816
1.28333247,0.0122668454
1.29166579,0.012698316
1.29999912,0.0132182147
1.30833244,0.0136884423
1.31666577,0.0142485788
1.32499909,0.0147605827
1.33333242,0.0153640974
1.34166574,0.0159211531
1.34999907,0.0165714491
1.3583324,0.0171770938
1.36666572,0.01787786
1.37499905,0.0185359232
1.38333237,0.0192911364
1.3916657,0.0189642347
1.39999902,0.0185963642
1.40833235,0.0183258262
1.41666567,0.0180133563
1.424999,0.0177973323
1.43333232,0.0175385848
1.44166565,0.0173755772
1.44999897,0.0171691999
1.4583323,0.0170580037
1.46666563,0.0169029571
1.47499895,0.0168426912
1.48333228,0.016738249
1.4916656,0.0167283323
1.49999893,0.0166740548
1.50833225,0.0167142078
1.51666558,0.0167099815
1.5249989,0.0168002341
1.53333223,0.0168462265
1.54166555,0.0169868954
1.54999888,0.0170835778
1.5583322,0.0172752906
1.56666553,0.0174234509
1.57499886,0.0176671427
1.58333218,0.0178678595
1.59166551,0.0181647707
1.59999883,0.0184194483
1.60833216,0.018771138
1.61666548,0.0190814994
1.62499881,0.0194898639
1.63333213,0.0198579766
1.64166546,0.0203252435
1.64999878,0.0207534973
1.65833211,0.0212822463
1.66666543,0.0217734165
1.67499876,0.0223666001
1.68333209,0.0218823757
1.69166541,0.021361582
1.69999874,0.020942267
1.70833206,0.0204849634
1.71666539,0.0201278254
1.72499871,0.0197314657
1.73333204,0.019434141
1.74166536,0.0190965459
1.74999869,0.0188570302
1.75833201,0.0185763817
1.76666534,0.0183930248
1.77499866,0.0181678273
1.78333199,0.0180393048
1.79166532,0.0178684071
1.79999864,0.0177937374
1.80833197,0.0176763162
1.81666529,0.0176548269
1.82499862,0.0175903738
1.83333194,0.0176217258
1.84166527,0.0176100507
1.84999859,0.0176941995
1.85833192,0.017735431
1.86666524,0.0178726744
1.87499857,0.017967267
1.88333189,0.0181582123
1.89166522,0.0183069222
1.89999855,0.018552484
1.90833187,0.0187564045
1.9166652,0.0190578457
1.92499852,0.0193183925
1.93333185,0.0196772981
1.94166517,0.0199962426
1.9499985,0.0204145536
1.95833182,0.020793993
1.96666515,0.0212739892
1.97499847,0.0206749234
1.9833318,0.0200374797
1.99166512,0.0194995496
1.99999845,0.018921474
2.00833178,0.0184412338
2.01666522,0.0179192573
2.02499866,0.0174936093
2.03333211,0.0170248002
2.04166555,0.0166509766
2.049999,0.0162327178
2.05833244,0.0159082543
2.06666589,0.0155382399
2.07499933,0.0152609786
2.08333278,0.0149371875
2.09166622,0.0147052472
2.09999967,0.0144259389
2.10833311,0.0142377112
2.11666656,0.0140014086
2.125,0.0138555467
2.13333344,0.0136610344
2.14166689,0.0135564525
2.15000033,0.0134027647
2.15833378,0.0133386133
2.16666722,0.0132250283
2.17500067,0.0132007124
2.18333411,0.0131267495
2.19166756,0.013141904
2.200001,0.0131073212
2.20833445,0.0131618232
2.21666789,0.0131666139
2.22500134,0.0132605731
2.23333478,0.0133049674
2.24166822,0.0134387361
2.25000167,0.0135231977
2.25833511,0.0136973588
2.26666856,0.0138225984
2.275002,0.0140379798
2.28333545,0.0142049501
2.29166889,0.0144626303
2.30000234,0.014672529
2.30833578,0.014973836
2.31666923,0.0152281253
2.32500267,0.015574649
2.33333611,0.0158750489
2.34166956,0.0162686538
2.350003,0.0166171696
2.35833645,0.0170599911
2.36666989,0.0164173301
2.37500334,0.0157299135
2.38333678,0.015135562
2.39167023,0.0144945262
2.40000367,0.013944705
2.40833712,0.0133464066
2.41667056,0.0128375972
2.42500401,0.0122786481
2.43333745,0.0118075889
2.44167089,0.0112848394
2.45000434,0.0108484877
2.45833778,0.0103590004
2.46667123,0.0099545233
2.47500467,0.00949556939
2.48333812,0.00912032742
2.49167156,0.00868935604
2.50000501,0.00834088586
2.50833845,0.00793551374
2.5166719,0.00761150988
2.52500534,0.00722950976
2.53333879,0.00692782039
2.54167223,0.00656710519
2.55000567,0.00628570607
2.55833912,0.00594431674
2.56667256,0.00568130892
2.57500601,0.00535740145
2.58333945,0.00511099491
2.5916729,0.00480283331
2.60000634,0.00457133958
2.60833979,0.0042772796
2.61667323,0.0040590982
2.62500668,0.00377758197
2.63334012,0.00357119483
2.64167356,0.00330074015
2.65000701,0.00310469884
2.65834045,0.00284388987
2.6666739,0.00265680836
2.67500734,0.00240428629
2.68334079,0.00222483254
2.69167423,0.00197928958
2.70000768,0.00180617766
2.70834112,0.00156634825
2.71667457,0.00139833044
2.72500801,0.00116298301
2.73334146,0.000998842297
2.7416749,0.000766772893
2.75000834,0.000605315901
2.75834179,0.00037534014
2.76667523,0.000215389955
2.77500868,-1.36638173e-05
2.78334212,-0.000173275243
2.79167557,-0.000402572827
2.80000901,-0.000563011039
2.80834246,-0.000793719606
2.8166759,-0.00095615501
2.82500935,-0.0011894498
2.83334279,-0.00135506445
2.84167624,-0.00159213622
2.85000968,-0.001762131
2.85834312,-0.00200419268
2.86667657,-0.00217979448
2.87501001,-0.00242808904
2.88334346,-0.00261055795
2.8916769,-0.00286636455
2.90001035,-0.00305700232
2.90834379,-0.00332164578
2.91667724,-0.00352180284
2.92501068,-0.00379666104
2.93334413,-0.00400774321
2.94167757,-0.00429425389
2.95001101,-0.00451773405
2.95834446,-0.00481740572
2.9666779,-0.00505483011
2.97501135,-0.0053692502
2.98334479,-0.00562224817
2.99167824,-0.0059530912
3.00001168,-0.00622338476
3.00834513,-0.00657242257
3.01667857,-0.00686184037
3.02501202,-0.00723095611
3.03334546,-0.00754143577
3.04167891,-0.00793263037
3.05001235,-0.00826623756
3.05834579,-0.00868164655
3.06667924,-0.00904058944
3.07501268,-0.00948249083
3.08334613,-0.00986912288
3.09167957,-0.0103399521
3.10001302,-0.010756799
3.10834646,-0.0112591665
3.11667991,-0.0106672449
3.12501335,-0.0100219334
3.1333468,-0.0094611384
3.14168024,-0.00884514302
3.15001369,-0.00831189938
3.15834713,-0.00772172818
3.16668057,-0.00721262395
3.17501402,-0.00664494094
3.18334746,-0.00615670951
3.19168091,-0.00560831372
3.20001435,-0.00513781607
3.2083478,-0.00460562482
3.21668124,-0.00414982531
3.22501469,-0.00363084953
3.23334813,-0.00318680401
3.24168158,-0.00267813704
3.25001502,-0.00224297261
3.25834846,-0.00174177019
3.26668191,-0.00131266692
3.27501535,-0.000816130254
3.2833488,-0.000390304544
3.29168224,0.000104337501
3.30001569,0.000529648212
3.30834913,0.00102515449
3.31668258,0.00145270955
3.32501602,0.00195184373
3.33334947,0.00238441559
3.34168291,0.00288996263
3.35001636,0.00333035248
3.3583498,0.00384513475
3.36668324,0.00429619057
3.37501669,0.00482308632
3.38335013,0.00528772036
3.39168358,0.00582967838
3.40001702,0.00526914466
3.40835047,0.00464712223
3.41668391,0.00410156325
3.42501736,0.00349276396
3.4333508,0.00295869703
3.44168425,0.00235967478
3.45001769,0.00183368544
3.45835114,0.00124105392
3.46668458,0.000719779171
3.47501802,0.00013019082
3.48335147,-0.000389705761
3.49168491,-0.00097957917
3.50001836,-0.000459665549
3.5083518,0.000128951709
3.51668525,0.000648265705
3.52501869,0.00123794435
3.53335214,0.000718223222
3.54168558,0.000130186163
3.55001903,-0.0003881593
3.55835247,-0.000976479496
3.56668591,-0.000455008005
3.57501936,0.000135173832
3.5833528,-0.000385697669
3.59168625,-0.000976539857
3.60001969,-0.000457590329
3.60835314,0.00013006595
3.61668658,0.000648420712
3.62502003,0.0012371405
3.63335347,0.000716459414
3.64168692,0.00012745992
3.65002036,-0.000391851907
3.65835381,-0.000981143909
3.66668725,-0.000460651238
3.67502069,0.00012854347
3.68335414,-0.000393325055
3.69168758,-0.00098517572
3.70002103,-0.000467247242
3.70835447,0.000119373522
3.71668792,0.00063667685
3.72502136,0.00122432748
3.73335481,0.000702558493
3.74168825,0.000112450332
3.7500217,-0.000407992746
3.75835514,-0.000998440082
3.76668859,-0.000479128386
3.77502203,0.000108857785
3.78335547,0.000627510657
3.79168892,0.00121649692
3.80002236,0.000696051458
3.80835581,0.000107257125
3.81668925,-0.00041187997
3.8250227,-0.0010010273
3.83335614,-0.000480419694
3.84168959,0.000108860222
3.85002303,-0.000412952562
3.85835648,-0.0010047768
3.86668992,-0.000486851612
3.87502337,9.97365714e-05
3.88335681,0.000616977981
3.89169025,0.00120453734
3.9000237,0.000682647165
3.90835714,9.2387847e-05
3.91669059,-0.000428236381
3.92502403,-0.0010188953
3.93335748,-0.000499825866
3.94169092,8.78868595e-05
3.95002437,0.000606234942
3.95835781,0.00119488477
3.96669126,0.000674070325
3.9750247,8.48739874e-05
3.98335814,-0.000434698595
3.99169159,-0.0010243156
4.0000248,-0.00050421257
4.008358,8.45273607e-05
4.01669121,0.000603897497
4.02502441,0.00119356543
4.03335762,0.000673767528
4.04169083,8.55871112e-05
4.05002403,-0.000432968547
4.05835724,-0.00102156622
4.06669044,-0.000500439957
4.07502365,8.9328656e-05
4.08335686,-0.000432024797
4.09169006,-0.00102341839
4.10002327,-0.000505090575
4.10835648,8.18729532e-05
4.11668968,0.00059946283
4.12502289,0.00118734443
4.13335609,0.00066575082
4.1416893,7.57626112e-05
4.15002251,-0.000444615376
4.15835571,-0.00103505235
4.16668892,-0.000515785418
4.17502213,7.2100971e-05
4.18335533,0.000590598967
4.19168854,0.00117937534
4.20002174,0.000658664212
4.20835495,6.95480048e-05
4.21668816,-0.000449967483
4.22502136,-0.00103955029
4.23335457,-0.000519435969
4.24168777,6.9292204e-05
4.25002098,0.000588627649
4.25835419,0.00117823842
4.26668739,0.000658359902
4.2750206,7.00757882e-05
4.28335381,-0.000448606734
4.29168701,-0.00103735446
4.30002022,-0.00051640172
4.30835342,7.31692853e-05
4.31668663,-0.000448405917
4.32501984,-0.00104004599
4.33335304,-0.000521989656
4.34168625,6.46770932e-05
4.35001945,0.00058194442
4.35835266,0.00116947724
4.36668587,0.000647507899
4.37501907,5.71168894e-05
4.38335228,-0.00046369186
4.39168549,-0.00105458824
4.40001869,-0.000535810017
4.4083519,5.15577776e-05
4.4166851,0.000569506432
4.42501831,0.00115770171
4.43335152,0.00063637743
4.44168472,4.66145029e-05
4.45001793,-0.000473581807
4.45835114,-0.00106388074
4.46668434,-0.000544518931
4.47501755,4.34192261e-05
4.48335075,0.000561926048
4.49168396,0.0011506679
4.50001717,0.000629879534
4.50835037,4.0642899e-05
4.51668358,-0.000479036273
4.52501678,-0.00106882607
4.53334999,-0.000548962504
4.5416832,3.94703384e-05
4.5500164,0.000558465836
4.55834961,0.00114769128
4.56668282,0.000627381727
4.57501602,3.86201391e-05
4.58334923,-0.000480586983
4.59168243,-0.00106990733
4.60001564,-0.000549576129
4.60834885,3.93237824e-05
4.61668205,0.000558786152
4.62501526,0.00114847883
4.63334846,0.000628637674
4.64168167,4.03463928e-05
4.65001488,-0.00047838781
4.65834808,-0.00106723199
4.66668129,-0.000546420459
4.6750145,4.29644497e-05
4.6833477,0.000562917208
4.69168091,0.00115310645
4.70001411,0.000633768737
4.70834732,4.5988545e-05
4.71668053,-0.000472226267
4.72501373,-0.00106054184
4.73334694,-0.000539191824
4.74168015,5.07423501e-05
4.75001335,-0.000470503292
4.75834656,-0.00106184708
4.76667976,-0.000543526839
4.77501297,4.33713831e-05
4.78334618,0.000560838322
4.79167938,0.00114853901
4.80001259,0.000626706053
4.80834579,3.64202933e-05
4.816679,-0.000484314136
4.82501221,-0.00107516721
4.83334541,-0.000556376472
4.84167862,3.0972893e-05
4.85001183,0.000548872282
4.85834503,0.00113698747
4.86667824,0.000615551951
4.87501144,2.56467301e-05
4.88334465,-0.000494723383
4.89167786,-0.00108522782
4.90001106,-0.000566103612
4.90834427,2.1564525e-05
4.91667747,0.000539768604
4.92501068,0.00112817471
4.93334389,0.000607016729
4.94167709,1.73761309e-05
4.9500103,-0.000502741779
4.95834351,-0.00109300599
4.96667671,-0.000573653146
4.97500992,1.42323452e-05
4.98334312,0.000532642705
4.99167633,0.00112124416
5.00000954,0.000600271218
5.00834274,1.08054574e-05
5.01667595,-0.000509147474
5.02500916,-0.00109925645
5.03334236,-0.000579757791
5.04167557,8.26428004e-06
5.05000877,0.000526802265
5.05834198,0.0011155227
5.06667519,0.000594659767
5.07500839,5.29586214e-06
5.0833416,-0.000514563522
5.0916748,-0.00110458711
5.10000801,-0.00058501109
5.10834122,3.0806732e-06
5.11667442,0.000521680573
5.12500763,0.00111045537
5.13334084,0.000589639647
5.14167404,3.1512036e-07
5.15000725,-0.000519512338
5.15834045,-0.00110951136
5.16667366,-0.000589917938
5.17500687,-1.81639825e-06
5.18334007,0.000516785949
5.19167328,0.00110555557
5.20000648,0.00058472727
5.20833969,-4.61700938e-06
5.2166729,-0.00052447163
5.2250061,-0.00111450523
5.23333931,-0.000594954065
5.24167252,-6.90221623e-06
5.25000572,0.000511642778
5.25833893,0.00110034773
5.26667213,0.000579446612
5.27500534,-9.97849202e-06
5.28333855,-0.000529921846
5.29167175,-0.00112005218
5.30000496,-0.000600606261
5.30833817,-1.2668107e-05
5.31667137,0.00050575455
5.32500458,0.00109432847
5.33333778,0.000573287602
5.34167099,-1.62864417e-05
5.3500042,-0.00053638831
5.3583374,-0.00112668681
5.36667061,-0.000607419002
5.37500381,-1.96690544e-05
5.38333702,0.00049855496
5.39167023,0.00108691934
5.40000343,0.000565657916
5.40833664,-2.41482485e-05
5.41666985,-0.00054449396
5.42500305,-0.00113504869
5.43333626,-0.000616049219
5.44166946,-2.85807437e-05
5.45000267,0.000489348371
5.45833588,0.00107740401
5.46666908,0.000555819483
5.47500229,-3.43242718e-05
5.48333549,0.000486736448
5.4916687,0.00107791962
5.50000191,0.000559462875
5.50833511,-2.75479379e-05
5.51666832,-0.000545103569
5.52500153,-0.00113286928
5.53333473,-0.000611078169
5.54166794,-2.08105175e-05
5.55000114,0.000499929243
5.55833435,0.0010908111
5.56666756,0.000572072517
5.57500076,-1.52010962e-05
5.58333397,-0.000533001148
5.59166718,-0.00112099329
5.60000038,-0.000599410501
5.60833359,-9.33398405e-06
5.61666679,0.000511231832
5.625,0.00110195659
5.63333321,0.000583077781
5.64166641,-4.31950411e-06
5.64999962,-0.00052222691
5.65833282,-0.00111031008
5.66666603,-0.000588802155
5.67499924,1.21532412e-06
5.68333244,0.000521737966
5.69166565,0.00111243536
5.69999886,0.000593544799
5.70833206,6.15149565e-06
5.71666527,-0.000511736143
5.72499847,-0.00109978393
5.73333168,-0.000578225008
5.74166489,1.18592634e-05
5.74999809,0.000532464765
5.7583313,0.00112326094
5.76666451,0.000604485569
5.77499771,1.7223505e-05
5.78333092,-0.000500516326
5.79166412,-0.00108839944
5.79999733,-0.000566658797
5.80833054,2.36247106e-05
5.81666374,-0.000497312343
5.82499695,-0.00108838768
5.83333015,-0.000569839089
5.84166336,1.72482887e-05
5.84999657,0.000534865074
5.85832977,0.00112267665
5.86666298,0.000600915926
5.87499619,1.06636053e-05
5.88332939,-0.000510075944
5.8916626,-0.00110097276
5.8999958,-0.000582264271
5.90832901,4.96408848e-06
5.91666222,0.000522703456
5.92499542,0.00111061928
5.93332863,0.000588944997
5.94166183,-1.23878999e-06
5.94999504,-0.000521927781
5.95832825,-0.00111279183
5.96666145,-0.00059406861
5.97499466,-6.84313636e-06
5.98332787,0.00051087566
5.99166107,0.0010987533
5.99999428,0.000577022787
6.00832748,-1.32351206e-05
6.01666069,0.000507743156
6.0249939,0.00109887507
6.0333271,0.000580398832
6.04166031,-6.60022715e-06
6.04999352,-0.000524112722
6.05832672,-0.00111180416
6.06665993,-0.00058990682
6.07499313,4.98632289e-07
6.08332634,-0.00052035111
6.09165955,-0.00111137377
6.09999275,-0.000592806668
6.10832596,-5.73565785e-06
6.11665916,0.000511830323
6.12499237,0.00109955645
6.13332558,0.000577675586
6.14165878,-1.27316926e-05
6.14999199,0.00050809799
6.1583252,0.00109908218
6.1666584,0.000580458436
6.17499161,-6.68801431e-06
6.18332481,-0.000524348114
6.19165802,-0.00111218716
6.19999123,-0.000590438372
6.20832443,-1.82166332e-07
6.21665764,0.000520577072
6.22499084,0.00111150939
6.23332405,0.000592852593
6.24165726,5.69155236e-06
6.24999046,-0.00051196455
6.25832367,-0.00109978113
6.26665688,-0.000577990955
6.27499008,1.23252812e-05
6.28332329,-0.000508596015
6.29165649,-0.00109967205
6.2999897,-0.000581141328
6.30832291,5.91110484e-06
6.31665611,0.000523476047
6.32498932,0.00111121847
6.33332253,0.000589371542
6.34165573,-9.84322469e-07
6.34998894,-0.00052184501
6.35832214,-0.00111288065
6.36665535,-0.000594328856
6.37498856,-7.27526276e-06
6.38332176,0.000510270998
6.39165497,0.00109797518
6.39998817,0.000576070219
6.40832138,-1.4363819e-05
6.41665459,0.00050643651
6.42498779,0.0010973888
6.433321,0.000578730542
6.44165421,-8.45286377e-06
6.44998741,-0.000526152609
6.45832062,-0.00111403374
6.46665382,-0.000592329947
6.47498703,-2.12147916e-06
6.48332024,0.000518587185
6.49165344,0.00110946596
6.49998665,0.000590752112
6.50831985,3.53124506e-06
6.51665306,-0.000514187966
6.52498627,-0.00110207091
6.53331947,-0.000580350519
6.54165268,9.89218279e-06
6.54998589,0.000530652993
6.55831909,0.00112160179
6.5666523,0.000602976477
6.5749855,1.58625171e-05
6.58331871,-0.000501731294
6.59165192,-0.00108947023
6.59998512,-0.00056758686
6.60831833,2.28378212e-05
6.61665154,-0.000497959263
6.62498474,-0.00108889549
6.63331795,-0.0005702083
6.64165115,1.70165677e-05
6.64998436,0.000534770545
6.65831757,0.00112271903
6.66665077,0.00060109538
6.67498398,1.09803113e-05
6.68331718,-0.000509621692
6.69165039,-0.00110038044
6.6999836,-0.000581533299
6.7083168,5.83482688e-06
6.71665001,0.000523715164
6.72498322,0.00111177366
6.73331642,0.000590243435
6.74164963,2.05636297e-07
6.74998283,-0.000520335161
6.75831604,-0.00111104886
6.76664925,-0.000592172262
6.77498245,-4.79083292e-06
6.78331566,0.000513087027
6.79164886,0.00110112689
6.79998207,0.000579562387
6.80831528,-1.05257004e-05
6.81664848,-0.000531132915
6.82498169,-0.00112192868
6.8333149,-0.000603151042
6.8416481,-1.58847979e-05
6.84998131,0.000501861214
6.85831451,0.00108975254
6.86664772,0.000568022253
6.87498093,-2.22490926e-05
6.88331413,0.000498702168
6.89164734,0.00108979363
6.89998055,0.000571263081
6.90831375,-1.5803691e-05
6.91664696,-0.000533397833
6.92498016,-0.00112118467
6.93331337,-0.000599397055
6.94164658,-9.11557436e-06
6.94997978,0.000511655468
6.95831299,0.00110258616
6.96664619,0.000583914225
6.9749794,-3.27517773e-06
6.98331261,-0.000520973117
6.99164581,-0.00110884511
6.99997902,-0.000587123854
7.00831223,3.10963969e-06
7.01664543,0.000523851137
7.02497864,0.00111477054
7.03331184,0.000596105529
7.04164505,8.9414516e-06
7.04997826,-0.000508712721
7.05831146,-0.00109652244
7.06664467,-0.0005747205
7.07497787,1.56122624e-05
7.08331108,-0.000505287549
7.09164429,-0.00109633745
7.09997749,-0.000577775121
7.1083107,9.31367686e-06
7.11664391,0.000526920077
7.12497711,0.00111470942
7.13331032,0.000592914468
7.14164352,2.61603009e-06
7.14997673,-0.000518181827
7.15830994,-0.00110914919
7.16664314,-0.000590523938
7.17497635,-3.39099779e-06
7.18330956,0.000514240528
7.19164276,0.00110203575
7.19997597,0.000580227817
7.20830917,-1.01027599e-05
7.21664238,0.000510807557
7.22497559,0.00110187626
7.23330879,0.000583341287
7.241642,-3.71193437e-06
7.2499752,-0.000521274284
7.25830841,-0.00110901101
7.26664162,-0.000587154937
7.27497482,3.21344305e-06
7.28330803,-0.000517669308
7.29164124,-0.00110872067
7.29997444,-0.000590178533
7.30830765,-3.1285399e-06
7.31664085,0.000514420331
7.32497406,0.0011021333
7.33330727,0.000580243242
7.34164047,-1.01694377e-05
7.34997368,0.000510658603
7.35830688,0.00110164471
7.36664009,0.000583026733
7.3749733,-4.10977918e-06
7.3833065,-0.000521756127
7.39163971,-0.00110957772
7.39997292,-0.000587807095
7.40830612,2.47468233e-06
7.41663933,0.000523263472
7.42497253,0.00111422944
7.43330574,0.000595610065
7.44163895,8.49068419e-06
7.44997215,-0.000509119593
7.45830536,-0.00109688612
7.46663857,-0.00057504134
7.47497177,1.53336296e-05
7.48330498,-0.000505524396
7.49163818,-0.00109653315
7.49997139,-0.000577929837
7.5083046,9.19988088e-06
7.5166378,0.000526846969
7.52497101,0.00111467706
7.53330421,0.000592922617
7.54163742,2.66461529e-06
7.54997063,-0.000518092769
7.55830383,-0.00110901939
7.56663704,-0.000590353156
7.57497025,-3.17888998e-06
7.58330345,0.000514494255
7.59163666,0.00110233168
7.59996986,0.000580566295
7.60830307,-9.72122871e-06
7.61663628,0.000511232647
7.62496948,0.00110234553
7.63330269,0.000583855202
7.64163589,-3.15265652e-06
7.6499691,-0.000520668807
7.65830231,-0.00110835838
7.66663551,-0.000586454291
7.67496872,3.96320684e-06
7.68330193,-0.000516869302
7.69163513,-0.00110786955
7.69996834,-0.000589274568
7.70830154,-2.17054867e-06
7.71663475,0.000515433843
7.72496796,0.00110320363
7.73330116,0.00058137218
7.74163437,-8.98023336e-06
7.74996758,0.000511909835
7.75830078,0.00110295997
7.76663399,0.000584407942
7.77496719,-2.66085954e-06
7.7833004,-0.000520237198
7.79163361,-0.00110798643
7.79996681,-0.000586141367
7.80830002,4.21761979e-06
7.81663322,-0.000516672968
7.82496643,-0.00110773044
7.83329964,-0.000589192903
7.84163284,-2.14581996e-06
7.84996605,0.000515401654
7.85829926,0.00110311469
7.86663246,0.000581225962
7.87496567,-9.18390197e-06
7.88329887,0.000511648424
7.89163208,0.00110264029
7.89996529,0.000584029593
7.90829849,-3.09827101e-06
7.9166317,-0.000520734466
7.9249649,-0.00110854406
7.93329811,-0.000586760114
7.94163132,3.53666019e-06
7.94996452,0.00052434206
7.95829773,0.0011153263
7.96663094,0.000596726662
7.97496414,9.62898775e-06
7.98329735,-0.000507957884
7.99163055,-0.00109569915
7.99996376,-0.000573827536
8.00829697,1.65763031e-05
8.01663017,-0.000504250987
8.02496338,-0.00109522685
8.03329659,-0.000576588791
8.04162979,1.05775507e-05
8.049963,0.000528263394
8.0582962,0.00111613399
8.06662941,0.000594422512
8.07496262,4.20976085e-06
8.08329582,-0.000516500033
8.09162903,-0.00110737653
8.09996223,-0.000588657742
8.10829544,-1.42865883e-06
8.11662865,0.000516301952
8.12496185,0.00110419956
8.13329506,0.000582497043
8.14162827,-7.72474323e-06
8.14996147,-0.000528461416
8.15829468,-0.00111938303
8.16662788,-0.000600726984
8.17496109,-1.3578785e-05
8.1832943,0.000504052616
8.1916275,0.00109183253
8.19996071,0.000569993863
8.20829391,-2.03827185e-05
8.21662712,0.000500466092
8.22496033,0.0010914579
8.23329353,0.000572830148
8.24162674,-1.4331421e-05
8.24995995,-0.000532018079
8.25829315,-0.00111989526
8.26662636,-0.000598196115
8.27495956,-8.00133421e-06
8.28329277,0.000512684754
8.29162598,0.00110353203
8.29995918,0.000584778085
8.30829239,-2.49210007e-06
8.3166256,-0.000520269619
8.3249588,-0.00110821996
8.33329201,-0.000586576294
8.34162521,3.58066063e-06
8.34995842,0.000524246367
8.35829163,0.0011150908
8.36662483,0.000596351165
8.37495804,9.11262941e-06
8.38329124,-0.000508615864
8.39162445,-0.00109649973
8.39995766,-0.000574772013
8.40829086,1.54865702e-05
8.41662407,-0.000505487667
8.42495728,-0.00109661231
8.43329048,-0.00057812559
8.44162369,8.88743944e-06
8.44995689,0.000526417338
8.4582901,0.00111412921
8.46662331,0.000592256081
8.47495651,1.87828982e-06
8.48328972,-0.000518999877
8.49162292,-0.00111004873
8.49995613,-0.000591506076
8.50828934,-4.45755177e-06
8.51662254,0.0005130879
8.52495575,0.00110079546
8.53328896,0.000578897831
8.54162216,-1.15243474e-05
8.54995537,0.00050929212
8.55828857,0.00110026472
8.56662178,0.000581631088
8.57495499,-5.52327128e-06
8.58328819,-0.000523189548
8.5916214,-0.00111103302
8.59995461,-0.000589286617
8.60828781,9.68823315e-07
8.61662102,0.00052172906
8.62495422,0.00111266412
8.63328743,0.000594011566
8.64162064,6.85684381e-06
8.64995384,-0.000510791258
8.65828705,-0.00109859812
8.66662025,-0.000576796534
8.67495346,1.3532861e-05
8.68328667,-0.000507373479
8.69161987,-0.00109843281
8.69995308,-0.00057988317
8.70828629,7.19003128e-06
8.71661949,0.000524777686
8.7249527,0.00111254514
8.7332859,0.000590725162
8.74161911,3.98203156e-07
8.74995232,-0.000520431495
8.75828552,-0.00111143396
8.76661873,-0.000592847005
8.77495193,-5.75602553e-06
8.78328514,0.000511829858
8.79161835,0.00109957601
8.79995155,0.000577715226
8.80828476,-1.2672007e-05
8.81661797,0.000508177676
8.82495117,0.00109918194
8.83328438,0.000580578519
8.84161758,-6.54756195e-06
8.84995079,-0.00052418717
8.858284,-0.00111200556
8.8666172,-0.000590235693
8.87495041,4.18231139e-08
8.88328362,0.00052082265
8.89161682,0.00111177692
8.89995003,0.000593142584
8.90828323,6.00439671e-06
8.91661644,-0.000511628401
8.92494965,-0.00109942106
8.93328285,-0.00057760661
8.94161606,1.27344938e-05
8.94994926,-0.000508161262
8.95828247,-0.0010992114
8.96661568,-0.000580653897
8.97494888,6.4259757e-06
8.98328209,0.000524019124
8.9916153,0.00111179077
8.9999485,0.000589973701
9.00828171,-3.51227754e-07
9.01661491,-0.000521179987
9.02494812,-0.00111218274
9.03328133,-0.000593597186
9.04161453,-6.50864376e-06
9.04994774,0.00051107374
9.05828094,0.001098815
9.06661415,0.000576948398
9.07494736,-1.34457896e-05
9.08328056,0.000507395889
9.09161377,0.00109839079
9.09994698,0.000579776708
9.10828018,-7.36101447e-06
9.11661339,-0.000525013369
9.12494659,-0.00111284596
9.1332798,-0.000591091579
9.14161301,-8.30740191e-07
9.14994621,0.000519932248
9.15827942,0.00111086725
9.16661263,0.000592212076
9.17494583,5.05178059e-06
9.18327904,-0.000512604485
9.19161224,-0.00110042212
9.19994545,-0.000578634092
9.20827866,1.16791543e-05
9.21661186,-0.00050924602
9.22494507,-0.00110032712
9.23327827,-0.000581802276
9.24161148,5.24337656e-06
9.24994469,0.000522800488
9.25827789,0.00111053442
9.2666111,0.000588677824
9.27494431,-1.68865472e-06
9.28327751,0.000519198307
9.29161072,0.00111025607
9.29994392,0.00059172255
9.30827713,4.68343524e-06
9.31661034,-0.000512852275
9.32494354,-0.00110054959
9.33327675,-0.000578641775
9.34160995,1.17912004e-05
9.34994316,-0.00050901412
9.35827637,-0.0010999752
9.36660957,-0.000581329572
9.37494278,5.83736573e-06
9.38327599,0.000523516675
9.39160919,0.00111137365
9.3999424,0.000589641277
9.4082756,-5.99614395e-07
9.41660881,-0.000521344715
9.42494202,-0.00111226388
9.43327522,-0.000593594974
9.44160843,-6.42325404e-06
9.44994164,0.000511242484
9.45827484,0.00109906751
9.46660805,0.000577284838
9.47494125,-1.30250191e-05
9.48327446,0.000507901539
9.49160767,0.00109898229
9.49994087,0.000580454944
9.50827408,-6.59512034e-06
9.51660728,-0.000524158706
9.52494049,-0.00111190102
9.5332737,-0.000590055075
9.5416069,2.98770374e-07
9.54994011,0.000521156297
9.55827332,0.00111218798
9.56660652,0.000593630946
9.57493973,6.57127111e-06
9.58327293,-0.000510982121
9.59160614,-0.00109869451
9.59993935,-0.000576798513
9.60827255,1.36252529e-05
9.61660576,-0.000507186516
9.62493896,-0.0010981512
9.63327217,-0.000579506508
9.64160538,7.66215453e-06
9.64993858,0.000525345968
9.65827179,0.00111321034
9.666605,0.000591488089
9.6749382,1.26027635e-06
9.68327141,-0.000519468915
9.69160461,-0.00111036934
9.69993782,-0.000591678894
9.70827103,-4.48268156e-06
9.71660423,0.000513210427
9.72493744,0.00110106566
9.73327065,0.000579316285
9.74160385,-1.09572538e-05
9.74993706,0.000510008715
9.75827026,0.00110113167
9.76660347,0.000582649664
9.77493668,-4.35146649e-06
9.78326988,-0.000521862763
9.79160309,-0.00110954931
9.79993629,-0.000587643881
9.8082695,2.77291838e-06
9.81660271,-0.000518062094
9.82493591,-0.00110906619
9.83326912,-0.000590477255
9.84160233,-3.38082236e-06
9.84993553,0.00051421416
9.85826874,0.001101973
9.86660194,0.000580128457
9.87493515,-1.02388467e-05
9.88326836,0.000510634389
9.89160156,0.00110166578
9.89993477,0.00058309309
9.90826797,-3.99837518e-06
9.91660118,-0.000521599373
9.92493439,-0.00110937515
9.93326759,-0.000587558956
9.9416008,2.76901528e-06
9.94993401,0.000523604336
9.95826721,0.0011146171
9.96660042,0.000596045225
9.97493362,8.97425161e-06
9.98326683,-0.000508586818
9.99160004,-0.00109630323
9.99993324,-0.000574407633
10.0082664,1.60191503e-05
10.0165997,-0.00050478609
10.0249329,-0.00109574082
10.0332661,-0.000577082508
10.0415993,1.01036985e-05
10.0499325,0.000527808617
10.0582657,0.00111569779
10.0665989,0.000594004057
10.0749321,3.80835672e-06
10.0832653,-0.00051688496
10.0915985,-0.00110774592
10.0999317,-0.00058901211
10.1082649,-1.76836465e-06
10.1165981,0.000515976339
10.1249313,0.00110388733
10.1332645,0.000582197856
10.1415977,-8.0111331e-06
10.149931,-0.000528735458
10.1582642,-0.00111964508
10.1665974,-0.000600977743
10.1749306,-1.38184287e-05
10.1832638,0.00050382386
10.191597,0.00109161437
10.1999302,0.000569786003
10.2082634,-2.05807719e-05
10.2165966,0.000500277616
10.2249298,0.00109127839
10.233263,0.000572659716
10.2415962,-1.4493261e-05
10.2499294,-0.000532171631
10.2582626,-0.00112004078
10.2665958,-0.00059833366
10.274929,-8.1310709e-06
10.2832623,0.000512562634
10.2915955,0.00110341725
10.2999287,0.000584670459
10.3082619,-2.59256512e-06
10.3165951,-0.000520363159
10.3249283,-0.00110830669
10.3332615,-0.000586656446
10.3415947,3.50672735e-06
10.3499279,0.000524178497
10.3582611,0.00111502875
10.3665943,0.000596294878
10.3749275,9.06234254e-06
10.3832607,-0.000508660276
10.3915939,-0.00109653815
10.3999271,-0.000574804435
10.4082603,1.54600966e-05
10.4165936,-0.000505508215
10.4249268,-0.00109662709
10.43326,-0.000578134204
10.4415932,8.8847064e-06
10.4499264,0.000526420597
10.4582596,0.00111413852
10.4665928,0.000592271215
10.474926,1.89945695e-06
10.4832592,-0.000518972753
10.4915924,-0.00111001555
10.4999256,-0.000591467018
10.5082588,-4.41231577e-06
10.516592,0.000513139297
10.5249252,0.00110085309
10.5332584,0.000578962092
10.5415916,-1.14536106e-05
10.5499249,0.000509369536
10.5582581,0.00110034912
10.5665913,0.000581722357
10.5749245,-5.42505177e-06
10.5832577,-0.000523084251
10.5915909,-0.00111092045
10.5999241,-0.000589166768
10.6082573,1.09604935e-06
10.6165905,0.000521863811
10.6249237,0.00111280649
10.6332569,0.000594161567
10.6415901,7.0148335e-06
10.6499233,-0.000510624901
10.6582565,-0.00109842315
10.6665897,-0.000576612423
10.6749229,1.37261941e-05
10.6832561,-0.000507170567
10.6915894,-0.00109822035
10.6999226,-0.000579660817
10.7082558,7.42257635e-06
10.716589,0.000525020761
10.7249222,0.00111279928
10.7332554,0.000590990647
10.7415886,6.75217052e-07
10.7499218,-0.000520142552
10.758255,-0.00111113279
10.7665882,-0.000592533092
10.7749214,-5.4291163e-06
10.7832546,0.000512170431
10.7915878,0.00109993096
10.799921,0.000578085019
10.8082542,-1.22868023e-05
10.8165874,0.000508578902
10.8249207,0.00109959964
10.8332539,0.000581013155
10.8415871,-6.09530935e-06
10.8499203,-0.000523716502
10.8582535,-0.00111151603
10.8665867,-0.000589726318
10.8749199,5.72002136e-07
10.8832531,0.000521374401
10.8915863,0.00111235119
10.8999195,0.000593739736
10.9082527,6.62578623e-06
10.9165859,-0.00051098183
10.9249191,-0.0010987483
10.9332523,-0.000576906779
10.9415855,1.34622878e-05
10.9499187,-0.000507404446
10.958252,-0.00109842443
10.9665852,-0.000579835323
10.9749184,7.27738552e-06
10.9832516,0.000524904579
10.9915848,0.00111271162
10.999918,0.000590931333
11.0082512,6.44565262e-07
11.0165844,-0.000520144473
11.0249176,-0.00111110602
11.0332508,-0.00059247762
11.041584,-5.34461697e-06
11.0499172,0.000512283994
11.0582504,0.00110007357
11.0665836,0.000578256906
11.0749168,-1.20853001e-05
11.08325,0.000508810394
11.0915833,0.00109986146
11.0999165,0.00058130559
11.1082497,-5.77150604e-06
11.1165829,-0.000523360912
11.1249161,-0.00111112779
11.1332493,-0.000589305069
11.1415825,1.02661397e-06
11.1499157,0.00052186317
11.1582489,0.00111287471
11.1665821,0.000594298821
11.1749153,7.22106415e-06
11.1832485,-0.00051034952
11.1915817,-0.00109807809
11.1999149,-0.000576197403
11.2082481,1.42118897e-05
11.2165813,-0.00050661352
11.2249146,-0.00109759113
11.2332478,-0.000578958425
11.241581,8.19899924e-06
11.2499142,0.000525872339
11.2582474,0.00111372711
11.2665806,0.000591995718
11.2749138,1.75938703e-06
11.283247,-0.000518977526
11.2915802,-0.00110988517
11.2999134,-0.000591201009
11.3082466,-4.01060242e-06
11.3165798,0.000513677369
11.324913,0.00110152841
11.3332462,0.000579775369
11.3415794,-1.05010022e-05
11.3499126,0.000510462851
11.3582458,0.00110158487
11.3665791,0.000583102636
11.3749123,-3.89841716e-06
11.3832455,-0.000521408976
11.3915787,-0.00110909424
11.3999119,-0.000587186834
11.4082451,3.23274207e-06
11.4165783,-0.000517598819
11.4249115,-0.00110859913
11.4332447,-0.000590005657
11.4415779,-2.90390426e-06
11.4499111,0.000514697167
11.4582443,0.00110246288
11.4665775,0.000580625958
11.4749107,-9.73311944e-06
11.4832439,0.000511149294
11.4915771,0.0011021907
11.4999104,0.0005836286
11.5082436,-3.45123226e-06
11.5165768,-0.000521039881
11.52491,-0.00110880251
11.5332432,-0.000586972106
11.5415764,3.37072061e-06
11.5499096,-0.000517537352
11.5582428,-0.00110861415
11.566576,-0.000590097159
11.5749092,-3.07209939e-06
11.5832424,0.000514451938
11.5915756,0.00110213994
11.5999088,0.000580224907
11.608242,-1.02126032e-05
11.6165752,0.0005105905
11.6249084,0.00110155146
11.6332417,0.000582908397
11.6415749,-4.2534266e-06
11.6499081,-0.00052192522
11.6582413,-0.00110977236
11.6665745,-0.000588027586
11.6749077,2.22802055e-06
11.6832409,0.000522990245
11.6915741,0.00111392897
11.6999073,0.000595282239
11.7082405,8.13516635e-06
11.7165737,-0.000509503356
11.7249069,-0.00109729881
11.7332401,-0.00057548366
11.7415733,1.48609197e-05
11.7499065,-0.000506028184
11.7582397,-0.00109706831
11.766573,-0.000578497595
11.7749062,8.59877582e-06
11.7832394,0.000526211632
11.7915726,0.00111400662
11.7999058,0.00059221586
11.808239,1.92050675e-06
11.8165722,-0.000518875197
11.8249054,-0.00110984151
11.8332386,-0.000591215969
11.8415718,-4.08423557e-06
11.849905,0.000513545063
11.8582382,0.00110133702
11.8665714,0.000579524902
11.8749046,-1.08108725e-05
11.8832378,0.000510093116
11.891571,0.0011011546
11.8999043,0.000582610897
11.9082375,-4.45203796e-06
11.9165707,-0.000522025221
11.9249039,-0.00110977411
11.9332371,-0.000587931194
11.9415703,2.42279975e-06
11.9499035,-0.000518475485
11.9582367,-0.00110954372
11.9665699,-0.000591019634
11.9749031,-3.98890143e-06
11.9832363,0.000513539417
11.9915695,0.00110123062
11.9999027,0.000579317391
12.0082359,-1.1119977e-05
12.0165691,0.000509681995
12.0249023,0.00110064098
12.0332355,0.000581994071
12.0415688,-5.17284752e-06
12.049902,-0.000522851245
12.0582352,-0.00111070625
12.0665684,-0.000588971074
12.0749016,1.27354133e-06
12.0832348,0.000522023358
12.091568,0.00111294852
12.0999012,0.000594286539
12.1082344,7.12254678e-06
12.1165676,-0.000510534388
12.1249008,-0.00109834981
12.133234,-0.000576556195
12.1415672,1.37655388e-05
12.1499004,-0.000507148041
12.1582336,-0.00109821465
12.1665668,-0.000579671876
12.1749001,7.39475308e-06
12.1832333,0.000524976058
12.1915665,0.00111273734
12.1998997,0.000590911543
12.2082329,5.79154857e-07
12.2165661,-0.000520255649
12.2248993,-0.00111126271
12.2332325,-0.000592680415
12.2415657,-5.59388445e-06
12.2498989,0.000511987892
12.2582321,0.00109973003
12.2665653,0.000577865459
12.2748985,-1.25252045e-05
12.2832317,0.000508321275
12.2915649,0.00109932234
12.2998981,0.000580715889
12.3082314,-6.41267161e-06
12.3165646,-0.000524054514
12.3248978,-0.00111187494
12.333231,-0.000590107113
12.3415642,1.68600309e-07
12.3498974,0.000520947797
12.3582306,0.00111190055
12.3665638,0.000593264529
12.374897,6.12525173e-06
12.3832302,-0.000511508493
12.3915634,-0.00109930185
12.3998966,-0.000577488041
12.4082298,1.28524707e-05
12.416563,-0.000508043682
12.4248962,-0.00109909393
12.4332294,-0.000580536202
12.4415627,6.54392534e-06
12.4498959,0.000524137518
12.4582291,0.00111190975
12.4665623,0.000590093725
12.4748955,-2.30065325e-07
12.4832287,-0.000521057518
12.4915619,-0.00111205876
12.4998951,-0.000593471457
