Time,Theta
0.00833333377,0.174654543
0.0166666675,0.174524456
0.0250000022,0.173562795
0.0333333351,0.171768025
0.0416666679,0.170160756
0.0500000007,0.168874845
0.0583333336,0.166747883
0.0666666701,0.164800972
0.075000003,0.16316767
0.0833333358,0.160683781
0.0916666687,0.158371031
0.100000001,0.156362489
0.108333334,0.154518649
0.116666667,0.152973413
0.125,0.150560468
0.13333334,0.148303583
0.141666681,0.146336287
0.150000021,0.144518793
0.158333361,0.142985314
0.166666701,0.140567467
0.175000042,0.138290882
0.183333382,0.136289179
0.191666722,0.134422377
0.200000063,0.132824823
0.208333403,0.130326048
0.216666743,0.127953276
0.225000083,0.125840276
0.233333424,0.123846583
0.241666764,0.122106642
0.250000089,0.119447798
0.258333415,0.116898783
0.26666674,0.11459329
0.275000066,0.112390332
0.283333391,0.110424243
0.291666716,0.108554445
0.300000042,0.106915861
0.308333367,0.104333565
0.316666692,0.101838507
0.325000018,0.0995647684
0.333333343,0.0973711088
0.341666669,0.0953921601
0.349999994,0.0934870169
0.358333319,0.0917908251
0.366666645,0.0891264379
0.37499997,0.0865265504
0.383333296,0.08412534
0.391666621,0.0817810968
0.399999946,0.079628475
0.408333272,0.0775260851
0.416666597,0.0756090134
0.424999923,0.0737360939
0.433333248,0.0720428675
0.441666573,0.0703884438
0.449999899,0.0689087212
0.458333224,0.0664242208
0.466666549,0.0639701635
0.474999875,0.0616812967
0.4833332,0.0594157614
0.491666526,0.0573086254
0.499999851,0.0552182458
0.508333206,0.0532800034
0.516666532,0.0513524488
0.524999857,0.0495712757
0.533333182,0.0477951989
0.541666508,0.0461601987
0.549999833,0.0445251577
0.558333158,0.0430262983
0.566666484,0.0415226966
0.574999809,0.0401507951
0.583333135,0.0377290286
0.59166646,0.0352946594
0.599999785,0.0329827406
0.608333111,0.0306510814
0.616666436,0.0284349322
0.624999762,0.026192205
0.633333087,0.0240583196
0.641666412,0.0218912885
0.649999738,0.0198266618
0.658333063,0.0177225247
0.666666389,0.0157145578
0.674999714,0.0136609059
0.683333039,0.011697338
0.691666365,0.00968205836
0.69999969,0.00775090419
0.708333015,0.00576211512
0.716666341,0.00385158346
0.724999666,0.0018775647
0.733332992,-2.40163208e-05
0.741666317,-0.00199489621
0.749999642,-0.00389913796
0.758332968,-0.00587848807
0.766666293,-0.00779701862
0.774999619,-0.00979650021
0.783332944,-0.0117410244
0.791666269,-0.0137724103
0.799999595,-0.0147131681
0.80833292,-0.0156064508
0.816666245,-0.0165924802
0.824999571,-0.0175338462
0.833332896,-0.0185708385
0.841666222,-0.0195661336
0.849999547,-0.0206600968
0.858332872,-0.0217154827
0.866666198,-0.0228727497
0.874999523,-0.0239947587
0.883332849,-0.0252220426
0.891666174,-0.0264175851
0.899999499,-0.027722029
0.908332825,-0.0289984681
0.91666615,-0.0303876642
0.924999475,-0.0317528397
0.933332801,-0.0332348868
0.941666126,-0.034697175
0.949999452,-0.0362807214
0.958332777,-0.036808148
0.966666102,-0.037321303
0.974999428,-0.037959706
0.983332753,-0.0385855362
0.991666079,-0.0393385179
0.999999404,-0.0400809832
1.00833273,-0.0409528129
1.01666605,-0.0418165363
1.02499938,-0.0428122096
1.03333271,-0.0438025445
1.04166603,-0.0449277908
1.04999936,-0.046050854
1.05833268,-0.0473121703
1.06666601,-0.0485748798
1.07499933,-0.0499796011
1.08333266,-0.0503494889
1.09166598,-0.0507254265
1.09999931,-0.0512466542
1.10833263,-0.0517752543
1.11666596,-0.0524507016
1.12499928,-0.0531353094
1.13333261,-0.0539687797
1.14166594,-0.0548136607
1.14999926,-0.055809889
1.15833259,-0.0568202734
1.16666591,-0.0579849891
1.17499924,-0.0581274629
1.18333256,-0.0582876578
1.19166589,-0.0586044416
1.19999921,-0.0589396544
1.20833254,-0.0594324097
1.21666586,-0.0599448122
1.22499919,-0.0606162474
1.23333251,-0.0613090806
1.24166584,-0.0621629581
1.24999917,-0.0630405396
1.25833249,-0.0640817434
1.26666582,-0.0641103014
1.27499914,-0.0641655773
1.28333247,-0.0643862039
1.29166579,-0.0646339506
1.29999912,-0.0650477037
1.30833244,-0.0654895529
1.31666577,-0.0660986826
1.32499909,-0.0667374656
1.33333242,-0.0675453618
1.34166574,-0.0673461258
1.34999907,-0.0671784952
1.3583324,-0.0671807081
1.36666572,-0.0672142506
1.37499905,-0.0674176589
1.38333237,-0.0676527396
1.3916657,-0.0680583417
1.39999902,-0.0684965402
1.40833235,-0.0691065118
1.41666567,-0.0687118322
1.424999,-0.0683508217
1.43333232,-0.068161428
1.44166565,-0.0680048391
1.44999897,-0.068019338
1.4583323,-0.0680664107
1.46666563,-0.0682846382
1.47499895,-0.0685358122
1.48333228,-0.0689588338
1.4916656,-0.0694158301
1.49999893,-0.0700459033
1.50833225,-0.0696728528
1.51666558,-0.0693349093
1.5249989,-0.0691700131
1.53333223,-0.0690394193
1.54166555,-0.0690814704
1.54999888,-0.0691577047
1.5583322,-0.0694067106
1.56666553,-0.0696903467
1.57499886,-0.0701475441
1.58333218,-0.0696017519
1.59166551,-0.0690909922
1.59999883,-0.0687529445
1.60833216,-0.0684486181
1.61666548,-0.0683160275
1.62499881,-0.0682164878
1.63333213,-0.0682883188
1.64166546,-0.068393141
1.64999878,-0.0686695725
1.65833211,-0.067940712
1.66666543,-0.0672444254
1.67499876,-0.066718109
1.68333209,-0.066222474
1.69166541,-0.0658952892
1.69999874,-0.0655975491
1.70833206,-0.0654673129
1.71666539,-0.0653658584
1.72499871,-0.0654315501
1.73333204,-0.0655259341
1.74166536,-0.0657876879
1.74999869,-0.06503959
1.75833201,-0.0643196926
1.76666534,-0.0637654141
1.77499866,-0.0632374212
1.78333199,-0.0628734007
1.79166532,-0.0625343174
1.79999864,-0.062358167
1.80833197,-0.0622061379
1.81666529,-0.0622165464
1.82499862,-0.0612114929
1.83333194,-0.0602289289
1.84166527,-0.059405908
1.84999859,-0.0586026534
1.85833192,-0.0579565205
1.86666524,-0.0573279485
1.87499857,-0.0568545796
1.88333189,-0.0563971139
1.89166522,-0.0560934544
1.89999855,-0.0558045283
1.90833187,-0.0556685254
1.9166652,-0.0555466078
1.92499852,-0.0555771962
1.93333185,-0.0545818657
1.94166517,-0.0535990894
1.9499985,-0.0527659878
1.95833182,-0.0519426875
1.96666515,-0.0512665659
1.97499847,-0.0505979843
1.9833318,-0.0500745811
1.99166512,-0.0495569147
1.99999845,-0.0491828583
2.00833178,-0.0488131866
2.01666522,-0.0485859998
2.02499866,-0.0483622812
2.03333211,-0.0482803732
2.04166555,-0.047161147
2.049999,-0.0460433438
2.05833244,-0.0450639538
2.06666589,-0.0440828241
2.07499933,-0.0432371683
2.08333278,-0.0423870198
2.09166622,-0.0416698083
2.09999967,-0.0409457386
2.10833311,-0.0403524451
2.11666656,-0.0397502966
2.125,-0.0392771363
2.13333344,-0.0387934931
2.14166689,-0.0384374037
2.15000033,-0.0380695648
2.15833378,-0.0378281809
2.16666722,-0.0375741236
2.17500067,-0.037445765
2.18333411,-0.0373041518
2.19166756,-0.0372878313
2.200001,-0.0362171009
2.20833445,-0.0351313688
2.21666789,-0.0341677442
2.22500134,-0.0331860296
2.23333478,-0.0323235281
2.24166822,-0.0314401574
2.25000167,-0.0306733698
2.25833511,-0.0298832227
2.26666856,-0.0292073302
2.275002,-0.0285058767
2.28333545,-0.0279166028
2.29166889,-0.0272998177
2.30000234,-0.0267934091
2.30833578,-0.0262577981
2.31666923,-0.0258309934
2.32500267,-0.025373539
2.33333611,-0.0250235628
2.34166956,-0.0246417113
2.350003,-0.0243662372
2.35833645,-0.0240578968
2.36666989,-0.0238550529
2.37500334,-0.0236185659
2.38333678,-0.0234869123
2.39167023,-0.0233210605
2.40000367,-0.0232595932
2.40833712,-0.0231635738
2.41667056,-0.0231717005
2.42500401,-0.0221037045
2.43333745,-0.0209995285
2.44167089,-0.0199963357
2.45000434,-0.0189537909
2.45833778,-0.0180091709
2.46667123,-0.017022213
2.47500467,-0.0161302835
2.48333812,-0.0151931867
2.49167156,-0.0143483756
2.50000501,-0.0134557206
2.50833845,-0.0126527473
2.5166719,-0.011799382
2.52500534,-0.0110332156
2.53333879,-0.0102142245
2.54167223,-0.00948005542
2.55000567,-0.00869072601
2.55833912,-0.00798393413
2.56667256,-0.00721974066
2.57500601,-0.00653587654
2.58333945,-0.00579243572
2.5916729,-0.00512718596
2.60000634,-0.00440024352
2.60833979,-0.00374940457
2.61667323,-0.00303480751
2.62500668,-0.00239426643
2.63334012,-0.00168793404
2.64167356,-0.00105363864
2.65000701,-0.000351541035
2.65834045,0.000280522625
2.6666739,0.00098238897
2.67500734,0.00161622057
2.68334079,0.00232185703
2.69167423,0.00296146586
2.70000768,0.00367489574
2.70834112,0.00432432536
2.71667457,0.00504961796
2.72500801,0.00571296969
2.73334146,0.00645426475
2.7416749,0.00713572372
2.75000834,0.00789725594
2.75834179,0.00860111322
2.76667523,0.00938723702
2.77500868,0.0101179136
2.78334212,0.01093313
2.79167557,0.0116952183
2.80000901,0.0125442035
2.80834246,0.0123008126
2.8166759,0.0120064495
2.82500935,0.011799545
2.83334279,0.0115409112
2.84167624,0.0113690356
2.85000968,0.0111447806
2.85834312,0.0110066878
2.86667657,0.0108156707
2.87501001,0.0107103195
2.88334346,0.0105515961
2.8916769,0.0104781399
2.90001035,0.0103509612
2.90834379,0.0103087444
2.91667724,0.0102125471
2.92501068,0.0102011031
2.93334413,0.0101355165
2.94167757,0.0101545639
2.95001101,0.0101193953
2.95834446,0.0101688355
2.9666779,0.0101640765
2.97501135,0.0102439914
2.98334479,0.0102698151
2.99167824,0.0103804693
3.00001168,0.0104372324
3.00834513,0.0105790738
3.01667857,0.0106673203
3.02501202,0.0108409859
3.03334546,0.0109614497
3.04167891,0.0111677675
3.05001235,0.0113213705
3.05834579,0.0115613658
3.06667924,0.0117492303
3.07501268,0.0120241251
3.08334613,0.012247581
3.09167957,0.0125588104
3.10001302,0.0128193982
3.10834646,0.0131686106
3.11667991,0.0134680951
3.12501335,0.0138571747
3.1333468,0.0141975535
3.14168024,0.0146286162
3.15001369,0.0150121301
3.15834713,0.0154875461
3.16668057,0.0159166921
3.17501402,0.0164390933
3.18334746,0.0169166476
3.19168091,0.0174889527
3.20001435,0.0180179793
3.2083478,0.0186433941
3.21668124,0.0192272607
3.22501469,0.0199093241
3.23334813,0.0195102207
3.24168158,0.0190709718
3.25001502,0.0187297761
3.25834846,0.0183472615
3.26668191,0.0180617124
3.27501535,0.0177338328
3.2833488,0.0175019875
3.29168224,0.0172269698
3.30001569,0.0170472246
3.30834913,0.0168236233
3.31668258,0.0166946836
3.32501602,0.0165213533
3.33334947,0.01644223
3.34168291,0.0163183287
3.35001636,0.0162883271
3.3583498,0.0162133146
3.36668324,0.0162320416
3.37501669,0.0162056666
3.38335013,0.0162730142
3.39168358,0.0162953157
3.40001702,0.0164114647
3.40835047,0.0164827742
3.41668391,0.0166482143
3.42501736,0.0167691633
3.4333508,0.0169846714
3.44168425,0.0171561744
3.45001769,0.0174228139
3.45835114,0.0176461078
3.46668458,0.0179652665
3.47501802,0.0182418879
3.48335147,0.0186152551
3.49168491,0.0189470593
3.50001836,0.0193766635
3.5083518,0.019765839
3.51668525,0.0202540308
3.52501869,0.0196616016
3.53335214,0.0190292764
3.54168558,0.0184949506
3.55001903,0.0179189779
3.55835247,0.0174393356
3.56668591,0.016916452
3.57501936,0.0164883975
3.5833528,0.0160156693
3.59168625,0.0156364199
3.60001969,0.0152112162
3.60835314,0.0148782786
3.61668658,0.014498245
3.62502003,0.0142094111
3.63335347,0.0138724716
3.64168692,0.0136257876
3.65002036,0.0133301178
3.65835381,0.0131238876
3.66668725,0.0128679164
3.67502069,0.0127006909
3.68335414,0.0124830836
3.69168758,0.0123536419
3.70002103,0.0121732969
3.70835447,0.0120806489
3.71668792,0.0119366823
3.72502136,0.0118800569
3.73335481,0.0117718084
3.74168825,0.0117506515
3.7500217,0.011677674
3.75835514,0.0116916429
3.76668859,0.011653699
3.77502203,0.0117026633
3.78335547,0.0116997287
3.79168892,0.0117837675
3.80002236,0.0118160248
3.80835581,0.0119354259
3.81668925,0.0120032709
3.8250227,0.0121585382
3.83335614,0.0122625791
3.84168959,0.0124544268
3.85002303,0.0125954887
3.85835648,0.0128248511
3.86668992,0.0130039826
3.87502337,0.0132720228
3.88335681,0.0134904971
3.89169025,0.0137986057
3.9000237,0.0140579334
3.90835714,0.0144077437
3.91669059,0.0147096813
3.92502403,0.0151030729
3.93335748,0.015449631
3.94169092,0.0158887468
3.95002437,0.0152406041
3.95835781,0.0145459371
3.96669126,0.0139425648
3.9750247,0.0132907173
3.98335814,0.0127282832
3.99169159,0.0121155502
4.0000248,0.0115904622
4.008358,0.0110133672
4.01669121,0.010522265
4.02502441,0.00997754652
4.03335762,0.009517272
4.04169083,0.00900187064
4.05002403,0.00856944639
4.05835724,0.00808047131
4.06669044,0.00767309079
4.07502365,0.00720781134
4.08335686,0.00682281796
4.09169006,0.00637864973
4.10002327,0.00601352286
4.10835648,0.0055880053
4.11668968,0.00524034351
4.12502289,0.00483112922
4.13335609,0.00449863356
4.1416893,0.00410347292
4.15002251,0.0037839408
4.15835571,0.00340067036
4.16668892,0.00309197372
4.17502213,0.00271850033
4.18335533,0.00241857697
4.19168854,0.00205286662
4.20002174,0.00175970921
4.20835495,0.0013997755
4.21668816,0.00111141498
4.22502136,0.000755306042
4.23335457,0.000469803985
4.24168777,0.000115591443
4.25002098,-0.000168973304
4.25835419,-0.000523206254
4.26668739,-0.000808748882
4.2750206,-0.0011649183
4.28335381,-0.00145335926
4.29168701,-0.00181339309
4.30002022,-0.00210666982
4.30835342,-0.00247251894
4.31668663,-0.00277259829
4.32501984,-0.00314624724
4.33335304,-0.00345513597
4.34168625,-0.00383861619
4.35001945,-0.00415837299
4.35835266,-0.00455377391
4.36668587,-0.00488652335
4.37501907,-0.00529600726
4.38335228,-0.00564394984
4.39168549,-0.00606976124
4.40001869,-0.00643518986
4.4083519,-0.00687967101
4.4166851,-0.00726498105
4.42501831,-0.00773058692
4.43335152,-0.00813829713
4.44168472,-0.00862760656
4.45001793,-0.00906036422
4.45835114,-0.00957610272
4.46668434,-0.00899500307
4.47501755,-0.00835800543
4.48335075,-0.00780303124
4.49168396,-0.00719036814
4.50001717,-0.00665797712
4.50835037,-0.00606617937
4.51668358,-0.00555296754
4.52501678,-0.0049786889
4.53334999,-0.00448136637
4.5416832,-0.00392136769
4.5500164,-0.00343673979
4.55834961,-0.00288786809
4.56668282,-0.00241281744
4.57501602,-0.00187198725
4.58334923,-0.00140345469
4.59168243,-0.000867628725
4.60001564,-0.000402594625
4.60834885,0.000131233683
4.61668205,0.000595767342
4.62501526,0.00113059196
4.63334846,0.00159761962
4.64168167,0.00213643978
4.65001488,0.00260897097
4.65834808,0.00315480982
4.66668129,0.00363588473
4.6750145,0.00419180701
4.6833477,0.00364277
4.69168091,0.00302980398
4.70001411,0.00249087811
4.70834732,0.00188629574
4.71668053,0.0013540379
4.72501373,0.000754418434
4.73334694,0.00126718602
4.74168015,0.00185124693
4.75001335,0.0013268292
4.75834656,0.000735008391
4.76667976,0.000213785999
4.77501297,-0.000376508426
4.78334618,0.000143888697
4.79167938,0.000733894121
4.80001259,0.000213743799
4.80834579,-0.000375478616
4.816679,0.00014599206
4.82501221,0.000737074413
4.83334541,0.000218005647
4.84167862,-0.000370128982
4.85001183,0.000152437351
4.85834503,0.000744624471
4.86667824,0.000226671866
4.87501144,-0.000360333943
4.88334465,0.000163375822
4.89167786,0.000756722875
4.90001106,0.000239948189
4.90834427,-0.000345859677
4.91667747,-0.000862689747
4.92501068,-0.00145020615
4.93334389,-0.000928641704
4.94167709,-0.000339077029
4.9500103,0.000180482864
4.95834351,0.000769705977
4.96667671,0.000248827273
4.97500992,-0.000341071049
4.98334312,0.000179775205
4.99167633,0.000770283688
5.00000954,0.000250690937
5.00834274,-0.000337918667
5.01667595,0.000184221004
5.02500916,0.00077602925
5.03334236,0.000257744861
5.04167557,-0.000329546019
5.05000877,0.00019392476
5.05834198,0.000787078636
5.06667519,0.000270156248
5.07500839,-0.000315754092
5.0833416,-0.000832641381
5.0916748,-0.00142017007
5.10000801,-0.000898572733
5.10834122,-0.00030893003
5.11667442,0.00021075306
5.12500763,0.0008001448
5.13334084,0.000279480242
5.14167404,-0.000310157979
5.15000725,0.000210994767
5.15834045,0.000801856513
5.16667366,0.000282664492
5.17500687,-0.000305496622
5.18334007,0.000217140099
5.19167328,0.000809494813
5.20000648,0.000291807053
5.20833969,-0.000294836267
5.2166729,-0.000812425104
5.2250061,-0.00140062498
5.23333931,-0.000879669446
5.24167252,-0.000290640106
5.25000572,0.000228457007
5.25833893,0.000817289401
5.26667213,0.000296091253
5.27500534,-0.000294055557
5.28333855,0.000226612799
5.29167175,0.000817013439
5.30000496,0.000297383114
5.30833817,-0.000291194126
5.31667137,0.000231047961
5.32500458,0.000823029084
5.33333778,0.000304987945
5.34167099,-0.00028198873
5.3500042,-0.000799891714
5.3583374,-0.00138838659
5.36667061,-0.000867707829
5.37500381,-0.000278937485
5.38333702,0.000239918241
5.39167023,0.000828526448
5.40000343,0.000307121169
5.40833664,-0.000283216301
5.41666985,0.00023727768
5.42500305,0.00082751998
5.43333626,0.000307746988
5.44166946,-0.000280957203
5.45000267,0.000241173344
5.45833588,0.000833057915
5.46666908,0.00031493546
5.47500229,-0.000272107689
5.48333549,-0.000790062186
5.4916687,-0.00137859397
5.50000191,-0.000857937557
5.50833511,-0.000269174634
5.51666832,0.000249688252
5.52500153,0.000838318199
5.53333473,0.000316949212
5.54166794,-0.000273337151
5.55000114,0.000247222721
5.55833435,0.000837545958
5.56666756,0.00031786898
5.57500076,-0.000270724122
5.58333397,0.000251532765
5.59166718,0.000843559275
5.60000038,0.000325594563
5.60833359,-0.00026127504
5.61666679,-0.000779039809
5.625,-0.00136736548
5.63333321,-0.000846485898
5.64166641,-0.000257482665
5.64999962,0.000261638022
5.65833282,0.000850543787
5.66666603,0.000329468865
5.67499924,-0.000260504632
5.68333244,0.000260387344
5.69166565,0.000851062417
5.69999886,0.00033175759
5.70833206,-0.000256442727
5.71666527,0.000266228337
5.72499847,0.000858691055
5.73333168,0.000341185165
5.74166489,-0.000245202187
5.74999809,-0.000762460637
5.7583313,-0.00135025498
5.76666451,-0.000828818709
5.77499771,-0.000239232453
5.78333092,0.000280498614
5.79166412,0.000870042946
5.79999733,0.000349635782
5.80833054,-0.000239639703
5.81666374,0.000281981542
5.82499695,0.000873418176
5.83333015,0.000354908174
5.84166336,-0.000232462669
5.84999657,-0.00075068546
5.85832977,-0.00133942661
5.86666298,-0.00081892038
5.87499619,-0.000230249279
5.88332939,0.000288580195
5.8916626,0.000877235143
5.8999958,0.000355949509
5.90832901,-0.000234194973
5.91666222,0.000286565424
5.92499542,0.000877148064
5.93332863,0.000357789802
5.94166183,-0.000230424645
5.94999504,0.000292271288
5.95832825,0.000884797715
5.96666145,0.00036739459
5.97499466,-0.000218850691
5.98332787,-0.000735927664
5.99166107,-0.00132350088
5.99999428,-0.000801802962
6.00832748,-0.000211914768
6.01666069,0.000308159157
6.0249939,0.000898087805
6.0333271,0.000378107012
6.04166031,-0.000210699625
6.04999352,0.000311433803
6.05832672,0.000903426728
6.06665993,0.000385518069
6.07499313,-0.000201205563
6.08332634,-0.000718734402
6.09165955,-0.00130673358
6.09999275,-0.000785436714
6.10832596,-0.000195924775
6.11665916,0.000323796878
6.12499237,0.000913396478
6.13332558,0.000393109804
6.14165878,-0.000195980203
6.14999199,0.000325891859
6.1583252,0.000917644938
6.1666584,0.000399517943
6.17499161,-0.00018740313
6.18332481,-0.000705108803
6.19165802,-0.00129326433
6.19999123,-0.000772103609
6.20832443,-0.000182707852
6.21665764,0.000336917525
6.22499084,0.000926440698
6.23332405,0.000406097097
6.24165726,-0.000183030323
6.24999046,0.000338823796
6.25832367,0.00093057839
6.26665688,0.000412472116
6.27499008,-0.000174408473
6.28332329,-0.000692054047
6.29165649,-0.00128013
6.2999897,-0.000758870214
6.30832291,-0.000169355597
6.31665611,0.000350408605
6.32498932,0.00094009086
6.33332253,0.000419926742
6.34165573,-0.000169000443
6.34998894,0.000353074924
6.35832214,0.000945072272
6.36665535,0.000427230465
6.37498856,-0.000159363612
6.38332176,-0.000676700205
6.39165497,-0.0012644442
6.39998817,-0.000742828881
6.40832138,-0.000152934386
6.41665459,0.000367234257
6.42498779,0.00095734623
6.433321,0.000437637558
6.44165421,-0.000150807697
6.44998741,-0.000669982459
6.45832062,-0.00125955441
6.46665382,-0.000739759533
6.47498703,-0.000151680884
6.48332024,0.000366673892
6.49165344,0.000954971358
6.49998665,0.000433444919
6.50831985,-0.000156824186
6.51665306,0.000363927626
6.52498627,0.000954617513
6.53331947,0.000435482769
6.54165268,-0.000152391774
6.54998589,-0.000670998241
6.55831909,-0.00126000342
6.5666523,-0.000739642419
6.5749855,-0.000150997541
6.58331871,0.000367924484
6.59165192,0.000956790755
6.59998512,0.000435835798
6.60831833,-0.000153858142
6.61665154,0.000367473229
6.62498474,0.000958748104
6.63331795,0.000440204458
6.64165115,-0.000147072089
6.64998436,-0.000665072585
6.65831757,-0.00125346298
6.66665077,-0.000732477347
6.67498398,-0.000143197292
6.68331718,0.00037637155
6.69165039,0.000965897285
6.6999836,0.000445615442
6.7083168,-0.000143390789
6.71665001,0.000378643861
6.72498322,0.000970638474
6.73331642,0.000452832319
6.74164963,-0.000133687892
6.74998283,-0.000650912116
6.75831604,-0.00123850501
6.76664925,-0.000716699287
6.77498245,-0.000126575556
6.78331566,0.000393861847
6.79164886,0.000984282349
6.79998207,0.000464922603
6.80831528,-0.000123132791
6.81664848,-0.000641876308
6.82498169,-0.0012309748
6.8333149,-0.000710663502
6.8416481,-0.000122024918
6.84998131,0.00039693428
6.85831451,0.00098588143
6.86664772,0.000465050776
6.87498093,-0.000124475249
6.88331413,0.000397068099
6.89164734,0.000988599262
6.89998055,0.000470356637
6.90831375,-0.00011657361
6.91664696,-0.000634182186
6.92498016,-0.00122213433
6.93331337,-0.000700663368
6.94164658,-0.000110850327
6.94997978,0.000409299973
6.95831299,0.000999456504
6.96664619,0.000479855807
6.9749794,-0.00010841831
6.98331261,-0.000627358328
6.99164581,-0.00121663173
6.99997902,-0.000696473697
7.00831223,-0.000107967258
7.01664543,0.000410880893
7.02497864,0.00099973788
7.03331184,0.000478838017
7.04164505,-0.000110736582
7.04997826,0.000410778739
7.05831146,0.00100230239
7.06664467,0.000484072836
7.07497787,-0.000102823775
7.08331108,-0.000620378181
7.09164429,-0.00120825542
7.09997749,-0.000686688814
7.1083107,-9.6759155e-05
7.11664391,0.000423528836
7.12497711,0.00101384439
7.13331032,0.000494424195
7.14164352,-9.36477227e-05
7.14997673,-0.00061236351
7.15830994,-0.00120139017
7.16664314,-0.000680962403
7.17497635,-9.21627652e-05
7.18330956,0.000427002116
7.19164276,0.00101619994
7.19997597,0.00049566559
7.20830917,-9.35182616e-05
7.21664238,-0.000613345706
7.22497559,-0.00120348553
7.23330879,-0.000684173894
7.241642,-9.64952633e-05
7.2499752,0.000421542325
7.25830841,0.00100960489
7.26664162,0.000487925485
7.27497482,-0.000102414953
7.28330803,0.000418347132
7.29164124,0.00100912887
7.29997444,0.00049016776
7.30830765,-9.74512077e-05
7.31664085,-0.00061571988
7.32497406,-0.00120430428
7.33330727,-0.000683438964
7.34164047,-9.42056286e-05
7.34997368,0.000425389881
7.35830688,0.00101501576
7.36664009,0.000494907785
7.3749733,-9.38509766e-05
7.3833065,-0.000613253855
7.39163971,-0.001202969
7.39997292,-0.000683232036
7.40830612,-9.5126823e-05
7.41663933,0.000423339225
7.42497253,0.00101183273
7.43330574,0.000490587379
7.44163895,-9.93148133e-05
7.44997215,0.000421890058
7.45830536,0.00101312005
7.46663857,0.000494613079
7.47497177,-9.25450295e-05
7.48330498,-0.000610345509
7.49163818,-0.00119845395
7.49997139,-0.000677103817
7.5083046,-8.73762328e-05
7.5166378,0.000432723726
7.52497101,0.0010228653
7.53330421,0.000503284391
7.54163742,-8.49345524e-05
7.54997063,-0.000603784341
7.55830383,-0.00119293225
7.56663704,-0.000672612805
7.57497025,-8.39092609e-05
7.58330345,0.000435172056
7.59163666,0.00102429849
7.59996986,0.000503704883
7.60830307,-8.55261242e-05
7.61663628,-0.000605388719
7.62496948,-0.00119555159
7.63330269,-0.000676251366
7.64163589,-8.85720874e-05
7.6499691,0.000429478067
7.65830231,0.00101756502
7.66663551,0.000495922053
7.67496872,-9.43700143e-05
7.68330193,0.000426452432
7.69163513,0.0010173067
7.69996834,0.000498430221
7.70830154,-8.90915835e-05
7.71663475,-0.000607250491
7.72496796,-0.0011957126
7.73330116,-0.000674711831
7.74163437,-8.53302117e-05
7.74996758,0.000434426911
7.75830078,0.00102422806
7.76663399,0.000504309079
7.77496719,-8.42465888e-05
7.7833004,-0.000603431952
7.79163361,-0.0011929149
7.79996681,-0.000672930735
7.80830002,-8.45627437e-05
7.81663322,0.000434181944
7.82496643,0.0010229703
7.83329964,0.000502036768
7.84163284,-8.75367114e-05
7.84996605,0.000434014481
7.85829926,0.00102560897
7.86663246,0.00050748518
7.87496567,-7.9270576e-05
7.88329887,-0.000596648781
7.89163208,-0.00118431426
7.89996529,-0.000662499922
7.90829849,-7.22864497e-05
7.9166317,0.000448321982
7.9249649,0.00103899511
7.93329811,0.000519970199
7.94163132,-6.76678246e-05
7.94996452,-0.000585910864
7.95829773,-0.00117442512
7.96663094,-0.000653444848
7.97496414,-6.40515646e-05
7.98329735,0.000455749047
7.99163055,0.00104562566
7.99996376,0.000525814074
8.00829697,-6.26018737e-05
8.01663017,-0.000581615139
8.02496338,-0.00117089332
8.03329659,-0.000650671253
8.04162979,-6.20320425e-05
8.049963,0.000457017653
8.0582962,0.00104614522
8.06662941,0.00052558555
8.07496262,-6.35788165e-05
8.08329582,-0.000583341811
8.09162903,-0.00117337203
8.09996223,-0.00065390626
8.10829544,-6.60278529e-05
8.11662865,0.000452255132
8.12496185,0.00104060897
8.13329506,0.0005192674
8.14162827,-7.06882856e-05
8.14996147,0.000450505962
8.15829468,0.001041768
8.16662788,0.000523336232
8.17496109,-6.37038029e-05
8.1832943,-0.000581342843
8.1916275,-0.00116924651
8.19996071,-0.000647647539
8.20829391,-5.76271123e-05
8.21662712,0.000462810276
8.22496033,0.00105333421
8.23329353,0.000534181658
8.24162674,-5.35629551e-05
8.24995995,-0.000571891374
8.25829315,-0.00116046984
8.26662636,-0.000639532518
8.27495956,-5.01616596e-05
8.28329277,0.000469637336
8.29162598,0.0010595331
8.29995918,0.000539761735
8.30829239,-4.85931705e-05
8.3166256,-0.000567524461
8.3249588,-0.00115669926
8.33329201,-0.000636352692
8.34162521,-4.75675479e-05
8.34995842,0.00047164975
8.35829163,0.00106096698
8.36662483,0.000540619018
8.37495804,-4.83111398e-05
8.38329124,-0.000567817187
8.39162445,-0.00115756714
8.39995766,-0.000637796998
8.40829086,-4.95904133e-05
8.41662407,0.000469045423
8.42495728,0.0010577772
8.43329048,0.000536839361
8.44162369,-5.26863041e-05
8.44995689,-0.000572794292
8.4582901,-0.00116315368
8.46662331,-0.000644001295
8.47495651,-5.64215952e-05
8.48328972,0.000461577118
8.49162292,0.0010496605
8.49995613,0.000528062053
8.50828934,-6.21371073e-05
8.51662254,0.000458826544
8.52495575,0.00104987074
8.53328896,0.000531233381
8.54162216,-5.60005974e-05
8.54995537,-0.000573822064
8.55828857,-0.00116189651
8.56662178,-0.00064045738
8.57495499,-5.05860407e-05
8.58328819,0.000469712773
8.5916214,0.0010601083
8.59995461,0.000540837529
8.60828781,-4.70152154e-05
8.61662102,-0.000565442024
8.62495422,-0.00115410914
8.63328743,-0.000633251271
8.64162064,-4.39501782e-05
8.64995384,0.000475788402
8.65828705,0.00106563291
8.66662025,0.000545819406
8.67495346,-4.25685648e-05
8.68328667,-0.000561523892
8.69161987,-0.00115071365
8.69995308,-0.000630373252
8.70828629,-4.15851755e-05
8.71661949,0.000477643945
8.7249527,0.00106698193
8.7332859,0.000546664
8.74161911,-4.22270532e-05
8.74995232,-0.000561684777
8.75828552,-0.00115137734
8.76661873,-0.000631540315
8.77495193,-4.32574925e-05
8.78328514,0.00047546401
8.79161835,0.00106429122
8.79995155,0.000543458504
8.80828476,-4.59520161e-05
8.81661797,-0.00056593481
8.82495117,-0.00115615875
8.83328438,-0.000636860612
8.84161758,-4.91243627e-05
8.84995079,0.000469041726
8.858284,0.00105730374
8.8666172,0.000535895524
8.87495041,-5.4101758e-05
8.88328362,0.000467075821
8.89161682,0.00105834601
8.89995003,0.000539947243
8.90828323,-4.70348314e-05
8.91661644,-0.00056459097
8.92494965,-0.00115238642
8.93328285,-0.000630654336
8.94161606,-4.04749408e-05
8.94994926,0.00048014705
8.95828247,0.0010708815
8.96661568,0.000551965612
8.97494888,-3.55155244e-05
8.98328209,-0.000553553517
8.9916153,-0.00114181428
8.9999485,-0.0006205315
9.00828171,-3.07863556e-05
9.01661491,0.000489416008
9.02494812,0.00107974501
9.03328133,0.00056043698
9.04161453,-2.74236263e-05
9.04994774,-0.000545828836
9.05828094,-0.00113444484
9.06661415,-0.000613506243
9.07494736,-2.40949339e-05
9.08328056,0.000495783635
9.09161377,0.00108579814
9.09994698,0.000566184986
9.10828018,-2.19721005e-05
9.11661339,-0.000540665584
9.12494659,-0.00112956227
9.1332798,-0.000608896837
9.14161301,-1.97518966e-05
9.14994621,0.000499866903
9.15827942,0.00108962797
9.16661263,0.000569767086
9.17494583,-1.86324687e-05
9.18327904,-0.000537563465
9.19161224,-0.00112669321
9.19994545,-0.000606256537
9.20827866,-1.7336004e-05
9.21661186,0.000502061972
9.22494507,0.00109160529
9.23327827,0.00057152973
9.24161148,-1.70817329e-05
9.24994469,-0.000536222244
9.25827789,-0.00112555921
9.2666111,-0.00060532795
9.27494431,-1.66119098e-05
9.28327751,0.000502582756
9.29161072,0.00109192391
9.29994392,0.00057164632
9.30827713,-1.71669981e-05
9.31661034,-0.00053650944
9.32494354,-0.00112604897
9.33327675,-0.000606021087
9.34160995,-1.75091955e-05
9.34994316,0.000501479895
9.35827637,0.00109061354
9.36660957,0.000570126867
9.37494278,-1.88977792e-05
9.38327599,-0.000538454158
9.39160919,-0.00112821057
9.3999424,-0.000608402945
9.4082756,-2.01146395e-05
9.41660881,0.000498647103
9.42494202,0.00108754926
9.43327522,0.000566826435
9.44160843,-2.24393807e-05
9.44994164,-0.000542242196
9.45827484,-0.00113225065
9.46660805,-0.000612701115
9.47494125,-2.46774744e-05
9.48327446,0.000493812666
9.49160767,0.00108243595
9.49994087,0.000561426627
9.50827408,-2.81336052e-05
9.51660728,-0.00054823939
9.52494049,-0.00113855978
9.5332737,-0.000619331433
9.5416069,-3.16389123e-05
9.54994011,0.000486509787
9.55827332,0.00107478071
9.56660652,0.000553407532
9.57493973,-3.6528425e-05
9.58327293,-0.00055702246
9.59160614,-0.00114774413
9.59993935,-0.000628930808
9.60827255,-4.16677867e-05
9.61660576,0.000476036337
9.62493896,0.0010638471
9.63327217,0.000541997259
9.64160538,-4.84326411e-05
9.64993858,0.000472320826
9.65827179,0.00106317492
9.666605,0.000544367358
9.6749382,-4.3016953e-05
9.68327141,-0.000560969405
9.69160461,-0.00114915567
9.69993782,-0.000627809088
9.70827103,-3.8011367e-05
9.71660423,0.000482232717
9.72493744,0.00107259233
9.73327065,0.00055330433
9.74160385,-3.45469416e-05
9.74993706,-0.00055295357
9.75827026,-0.0011415818
9.76660347,-0.000620666135
9.77493668,-3.12884513e-05
9.78326988,0.000488545687
9.79160309,0.00107850495
9.79993629,0.000558825501
9.8082695,-2.94087331e-05
9.81660271,-0.000548190554
9.82493591,-0.00113718689
9.83326912,-0.000616632868
9.84160233,-2.76104474e-05
9.84993553,0.00049187406
9.85826874,0.00108148891
9.86660194,0.000561469467
9.87493515,-2.71008539e-05
9.88326836,-0.000546215218
9.89160156,-0.00113554148
9.89993477,-0.000615314522
9.90826797,-2.66173902e-05
9.91660118,0.000492543215
9.92493439,0.00108183525
9.93326759,0.000561493332
9.9416008,-2.73992409e-05
9.94993401,-0.000546836236
9.95826721,-0.00113648584
9.96660042,-0.00061658374
9.97493362,-2.8213406e-05
9.98326683,0.000490618055
9.99160004,0.00107957807
9.99993324,0.000558900938
10.0082664,-3.03309789e-05
10.0165997,-0.000550111756
10.0249329,-0.00114010985
10.0332661,-0.000620561827
10.0415993,-3.25513247e-05
10.0499325,0.000485913886
10.0582657,0.0010745005
10.0665989,0.000553442456
10.0749321,-3.61783968e-05
10.0832653,-0.000556356856
10.0915985,-0.00114676205
10.0999317,-0.000627630972
10.1082649,-4.00479694e-05
10.1165981,0.00047797861
10.1249313,0.00106611464
10.1332645,0.000544593378
10.1415977,-4.55039117e-05
10.149931,0.000475586567
10.1582642,0.0010667824
10.1665974,0.00054832187
10.1749306,-3.87094587e-05
10.1832638,-0.000556302373
10.191597,-0.00114412198
10.1999302,-0.000622401538
10.2082634,-3.22216547e-05
10.2165966,0.000488413265
10.2249298,0.00107917318
10.233263,0.000560295302
10.2415962,-2.71354529e-05
10.2499294,-0.000545110495
10.2582626,-0.00113329536
10.2665958,-0.000611923926
10.274929,-2.20772326e-05
10.2832623,0.000498239708
10.2915955,0.0010886963
10.2999287,0.000569529599
10.3082619,-1.81762098e-05
10.3165951,-0.000536412816
10.3249283,-0.00112484628
10.3332615,-0.000603710883
10.3415947,-1.40881075e-05
10.3499279,0.000506016891
10.3582611,0.00109627331
10.3665943,0.000576917431
10.3749275,-1.09663288e-05
10.3832607,-0.000529370038
10.3915939,-0.00111795997
10.3999271,-0.000596970494
10.4082603,-7.48340381e-06
10.4165936,0.00051249587
10.4249268,0.0011026361
10.43326,0.00058317394
10.4415932,-4.80677181e-06
10.4499264,-0.000523298164
10.4582596,-0.00111196679
10.4665928,-0.000591046875
10.474926,-1.62063998e-06
10.4832592,0.000518306682
10.4915924,0.00110840367
10.4999256,0.000588906754
10.5082588,9.00085524e-07
10.516592,-0.000517608714
10.5249252,-0.00110628642
10.5332584,-0.000585366914
10.5415916,4.06751178e-06
10.5499249,0.000524011441
10.5582581,0.00111413363
10.5665913,0.00059467036
10.5749245,6.70592044e-06
10.5832577,-0.000511752034
10.5915909,-0.00110037008
10.5999241,-0.000579382468
10.6082573,1.01292153e-05
10.6165905,0.00053015945
10.6249237,0.0011203771
10.6332569,0.000601019012
10.6415901,1.3169044e-05
10.6499233,-0.000505164673
10.6582565,-0.00109364861
10.6665897,-0.000572516816
10.6749229,1.71492757e-05
10.6832561,0.000537344313
10.6915894,0.00112773746
10.6999226,0.000608565693
10.7082558,2.09136779e-05
10.716589,-0.000497210596
10.7249222,-0.00108547334
10.7332554,-0.000564108021
10.7415886,2.58042164e-05
10.7499218,0.00054625835
10.758255,0.00113692402
10.7665882,0.000618038524
10.7749214,3.06868569e-05
10.7832546,-0.000487122365
10.7915878,-0.00107505498
10.799921,-0.000553343853
10.8082542,3.69303052e-05
10.8165874,-0.00048399606
10.8249207,-0.00107504043
10.8332539,-0.000556440966
10.8415871,3.07169503e-05
10.8499203,0.000548424548
10.8582535,0.00113634719
10.8665867,0.000614717777
10.8749199,2.46175568e-05
10.8832531,-0.000495949062
10.8915863,-0.00108665181
10.8999195,-0.000567727897
10.9082527,1.97377321e-05
10.9165859,0.000537736574
10.9249191,0.00112593453
10.9332523,0.000604564964
10.9415855,1.47092978e-05
10.9499187,-0.000505627599
10.958252,-0.00109611498
10.9665852,-0.000576990074
10.9749184,1.06624702e-05
10.9832516,0.000528834527
10.9915848,0.00111719221
10.999918,0.000595969381
11.0082512,6.24753693e-06
11.0165844,-0.000513968349
11.0249176,-0.00110434752
11.0332508,-0.000585126632
11.041584,2.60978595e-06
11.0499172,0.000520853675
11.0582504,0.00110927119
11.0665836,0.000588096038
11.0749168,-1.58992589e-06
11.08325,-0.000521781622
11.0915833,-0.00111214828
11.0999165,-0.000592926459
11.1082497,-5.20098092e-06
11.1165829,0.000513020263
11.1249161,0.0011014035
11.1332493,0.000580182648
11.1415825,-9.56114491e-06
11.1499157,-0.000529822602
11.1582489,-0.00112027116
11.1665821,-0.000601143634
11.1749153,-1.35245191e-05
11.1832485,0.000504577998
11.1915817,0.00109282974
11.1999149,0.000571464421
11.2082481,-1.84365817e-05
11.2165813,-0.000538868597
11.2249146,-0.00112950115
11.2332478,-0.000610571529
11.241581,-2.31644262e-05
11.2499142,0.000494711567
11.2582474,0.00108272198
11.2665806,0.000561100198
11.2749138,-2.90726912e-05
11.283247,0.000491966784
11.2915802,0.00108313642
11.2999134,0.00056467409
11.3082466,-2.23344941e-05
11.3165798,-0.000539880188
11.324913,-0.00112762814
11.3332462,-0.000605811249
11.3415794,-1.55100934e-05
11.3499126,0.000505271018
11.3582458,0.00109620229
11.3665791,0.000577521394
11.3749123,-9.68660061e-06
11.3832455,-0.000527412689
11.3915787,-0.00111532246
11.3999119,-0.000593648758
11.4082451,-3.47251489e-06
11.4165783,0.000517201901
11.4249115,0.00110804418
11.4332447,0.000589292031
11.4415779,2.03049103e-06
11.4499111,-0.000515731634
11.4582443,-0.00110365974
11.4665775,-0.000581987144
11.4749107,8.20539208e-06
11.4832439,0.000528913573
11.4915771,0.00111980736
11.4999104,0.000601124368
11.5082436,1.39496933e-05
11.5165768,-0.000503707677
11.52491,-0.00109151308
11.5332432,-0.000569699565
11.5415764,2.0652431e-05
11.5499096,-0.000500220573
11.5582428,-0.00109123602
11.566576,-0.000572632067
11.5749092,1.45064578e-05
11.5832424,0.00053217035
11.5915756,0.00112002506
11.5999088,0.000598303275
11.608242,8.08614823e-06
11.6165752,-0.000512622239
11.6249084,-0.00110349164
11.6332417,-0.000584759633
11.6415749,2.48840661e-06
11.6499081,0.000520243775
11.6582413,0.00110817212
11.6665745,0.00058650627
11.6749077,-3.67288567e-06
11.6832409,-0.000524360919
11.6915741,-0.00111522782
11.6999073,-0.000596510828
11.7082405,-9.29533235e-06
11.7165737,0.000508409808
11.7249069,0.00109627005
11.7332401,0.000574518228
11.7415733,-1.57647319e-05
11.7499065,0.000505184638
11.7582397,0.0010962839
11.766573,0.000577771163
11.7749062,-9.26824578e-06
11.7832394,-0.000526825141
11.7915726,-0.00111456471
11.7999058,-0.000592719647
11.808239,-2.37087397e-06
11.8165722,0.000518477638
11.8249054,0.00110949611
11.8332386,0.000590921962
11.8415718,3.84120403e-06
11.849905,-0.000513737439
11.8582382,-0.00110147905
11.8665714,-0.000579616753
11.8749046,1.07689393e-05
11.8832378,-0.000510085258
11.891571,-0.00110109651
11.8999043,-0.000582503155
11.9082375,4.60992032e-06
11.9165707,0.000522233546
11.9249039,0.0011100329
11.9332371,0.000588241208
11.9415703,-2.0614084e-06
11.9499035,-0.000522870396
11.9582367,-0.00111385575
11.9665699,-0.000595255522
11.9749031,-8.15486783e-06
11.9832363,0.000509437232
11.9915695,0.00109718612
11.9999027,0.000575324288
12.0082359,-1.50674523e-05
12.0165691,0.000505774166
12.0249023,0.00109676644
12.0332355,0.00057814765
12.0415688,-8.99728002e-06
12.049902,-0.000526659307
12.0582352,-0.0011145036
12.0665684,-0.000592763419
12.0749016,-2.51967958e-06
12.0832348,0.00051822362
12.091568,0.00110913627
12.0999012,0.000590455951
12.1082344,3.26824829e-06
12.1165676,-0.00051441812
12.1249008,-0.00110226881
12.133234,-0.000580516469
12.1415672,9.75806324e-06
12.1499004,-0.000511208666
12.1582336,-0.00110233424
12.1665668,-0.000583856832
12.1749001,3.13820465e-06
12.1832333,0.000520641624
12.1915665,0.00110831845
12.1998997,0.000586401438
12.2082329,-4.02898786e-06
12.2165661,0.000516790547
12.2248993,0.00110777747
12.2332325,0.000589169213
12.2415657,2.05156948e-06
12.2498989,-0.000515566615
12.2582321,-0.00110335054
12.2665653,-0.000581533182
12.2748985,8.80478547e-06
12.2832317,-0.000512099999
12.2915649,-0.00110316521
12.2998981,-0.000584628491
12.3082314,2.42448414e-06
12.3165646,0.000519984693
12.3248978,0.0011077174
12.333231,0.000585855334
12.3415642,-4.52103359e-06
12.3498974,0.000516351778
12.3582306,0.00110739144
12.3665638,0.000588835392
12.374897,1.76952881e-06
12.3832302,-0.000515797234
12.3915634,-0.00110353017
12.3998966,-0.000581662112
12.4082298,8.72640794e-06
12.416563,-0.000512127939
12.4248962,-0.00110314286
12.4332294,-0.000584555732
12.4415627,2.54784982e-06
12.4498959,0.00052015885
12.4582291,0.00110794255
12.4665623,0.000586131937
12.4748955,-4.19228809e-06
12.4832287,-0.000525026058
12.4915619,-0.0011160397
12.4998951,-0.000597470673
