Time,Theta
0.0083333333333333332,-0.2910880715480596
0.016666666666666666,-0.29121969328620828
0.025000000000000001,-0.29072241703289831
0.033333333333333333,-0.28959541369948721
0.041666666666666664,-0.28783671575155217
0.049999999999999996,-0.28544321513176779
0.058333333333333327,-0.2824106599471099
0.066666666666666666,-0.27873364997805944
0.074999999999999997,-0.2744056310905883
0.083333333333333329,-0.27041486729077485
0.09166666666666666,-0.26788483483224457
0.099999999999999992,-0.26581514310030657
0.10833333333333332,-0.26307174787076287
0.11666666666666665,-0.25964980618480671
0.12499999999999999,-0.25554326713872444
0.13333333333333333,-0.25074486668281171
0.14166666666666666,-0.24624964340700525
0.14999999999999999,-0.24318887897471295
0.15833333333333333,-0.2405537944269372
0.16666666666666666,-0.23720074540374378
0.17499999999999999,-0.23312386035425967
0.18333333333333332,-0.22831599671794767
0.19166666666666665,-0.22377876507821232
0.19999999999999998,-0.220650675315199
0.20833333333333331,-0.21791636141886203
0.21666666666666665,-0.21442480017541915
0.22499999999999998,-0.21016993969609377
0.23333333333333331,-0.20514440325162009
0.24166666666666664,-0.20035563740317491
0.24999999999999997,-0.19694866214885814
0.2583333333333333,-0.19491950493801499
0.26666666666666666,-0.19324743735449834
0.27500000000000002,-0.19077574553758356
0.28333333333333338,-0.18750022337333452
0.29166666666666674,-0.18341527900808599
0.3000000000000001,-0.17851393378740416
0.30833333333333346,-0.17381019105268511
0.31666666666666682,-0.17045613270446422
0.32500000000000018,-0.16844766641473788
0.33333333333333354,-0.16675806751295946
0.3416666666666669,-0.16422389867374851
0.35000000000000026,-0.16084091311315107
0.35833333333333361,-0.15660342336139826
0.36666666666666697,-0.15150430187101549
0.37500000000000033,-0.1465628127905434
0.38333333333333369,-0.14293680045969609
0.39166666666666705,-0.14062165454074446
0.40000000000000041,-0.13858483361848375
0.40833333333333377,-0.13565634412304609
0.41666666666666713,-0.13183135600527707
0.42500000000000049,-0.12710354871147611
0.43333333333333385,-0.12249708425506851
0.44166666666666721,-0.11917489110650351
0.45000000000000057,-0.11713258384057854
0.45833333333333393,-0.11533414033252781
0.46666666666666728,-0.11260571727937679
0.47500000000000064,-0.10894289557846049
0.483333333333334,-0.10433972601665675
0.49166666666666736,-0.099823924498887773
0.50000000000000067,-0.096562135008480446
0.50833333333333397,-0.094549912675220685
0.51666666666666727,-0.092748229464503854
0.52500000000000058,-0.08997989724274176
0.53333333333333388,-0.08624050974762118
0.54166666666666718,-0.08152409846862109
0.55000000000000049,-0.076860926516911371
0.55833333333333379,-0.073420309380427123
0.5666666666666671,-0.071197422124558471
0.5750000000000004,-0.069150456707804314
0.5833333333333337,-0.066099145069731427
0.59166666666666701,-0.062038717361264449
0.60000000000000031,-0.05800228871103718
0.60833333333333361,-0.055161957948948633
0.61666666666666692,-0.053513630451292378
0.62500000000000022,-0.052014885657797216
0.63333333333333353,-0.049484772536929893
0.64166666666666683,-0.045919412242521315
0.65000000000000013,-0.041313314710361579
0.65833333333333344,-0.036700167819485457
0.66666666666666674,-0.033252662417386621
0.67500000000000004,-0.030965727132845813
0.68333333333333335,-0.028794768412169689
0.69166666666666665,-0.025556498064751479
0.69999999999999996,-0.021246035441415741
0.70833333333333326,-0.016898395375239881
0.71666666666666656,-0.013687463929007857
0.72499999999999987,-0.011608407299010517
0.73333333333333317,-0.009616366588494029
0.74166666666666647,-0.0065277823623540489
0.74999999999999978,-0.0023380937359666785
0.75833333333333308,0.0019171389246950179
0.76666666666666639,0.0050636475252491819
0.77499999999999969,0.00710626358689015
0.78333333333333299,0.0090898924485422073
0.7916666666666663,0.012198099213864437
0.7999999999999996,0.016435382846407744
0.8083333333333329,0.020766333023710021
0.81666666666666621,0.024017049919916753
0.82499999999999951,0.026192613817422411
0.83333333333333282,0.027296468947101277
0.84166666666666612,0.028371703730262269
0.84999999999999942,0.030600009940946568
0.85833333333333273,0.033984515810334459
0.86666666666666603,0.037489032311174675
0.87499999999999933,0.039939080544551947
0.88333333333333264,0.041338573813742001
0.89166666666666594,0.042730471811549028
0.89999999999999925,0.045296223177388767
0.90833333333333255,0.049039383189541118
0.91666666666666585,0.052925001834722603
0.92499999999999916,0.055780110740681725
0.93333333333333246,0.057609314646404217
0.94166666666666576,0.058415606832932176
0.94999999999999907,0.059239985315612663
0.95833333333333237,0.061261845141627261
0.96666666666666567,0.06448390985547775
0.97499999999999898,0.067871512074732465
0.98333333333333228,0.070252190565562492
0.99166666666666559,0.07162984904736909
0.99999999999999889,0.072006792596470595
1.0083333333333322,0.072422250425953266
1.0166666666666655,0.074053764062482985
1.0249999999999988,0.076903474073972966
1.0333333333333321,0.079937235164963358
1.0416666666666654,0.081983300754575619
1.0499999999999987,0.083045071436793724
1.058333333333332,0.0831243619173474
1.0666666666666653,0.083258860113905597
1.0749999999999986,0.084624482475768051
1.0833333333333319,0.087222977731428536
1.0916666666666652,0.090020869711067986
1.0999999999999985,0.091847256252161169
1.1083333333333318,0.09270520613765891
1.1166666666666651,0.092596214564360096
1.1249999999999984,0.09255663450881664
1.1333333333333317,0.093760957908680012
1.1416666666666651,0.096210694666283111
1.1499999999999984,0.098873160777553634
1.1583333333333317,0.10057841827250982
1.166666666666665,0.10132935693200955
1.1749999999999983,0.10112730499855298
1.1833333333333316,0.10100743771430584
1.1916666666666649,0.10214296599031299
1.1999999999999982,0.10453529022256297
1.2083333333333315,0.10715266207909449
1.2166666666666648,0.10882626264224529
1.2249999999999981,0.10955894595758663
1.2333333333333314,0.10935201687650625
1.2416666666666647,0.10923956502735806
1.249999999999998,0.1103935885304813
1.2583333333333313,0.11281549498317278
1.2666666666666646,0.11547467006876212
1.2749999999999979,0.11720364046115103
1.2833333333333312,0.11800536776475617
1.2916666666666645,0.11788127785061123
1.2999999999999978,0.11786438806742661
1.3083333333333311,0.11912545927694371
1.3166666666666644,0.12063320317065818
1.3249999999999977,0.1212193547244418
1.333333333333331,0.12088498402455236
1.3416666666666643,0.12066232355804939
1.3499999999999976,0.12172134710053172
1.358333333333331,0.12303087967122543
1.3666666666666643,0.12342278260158249
1.3749999999999976,0.12289780368281752
1.3833333333333309,0.12248756245414971
1.3916666666666642,0.12336143135545387
1.3999999999999975,0.12448823506769337
1.4083333333333308,0.12469982776595934
1.4166666666666641,0.12399665702463317
1.4249999999999974,0.12340988562180334
1.4333333333333307,0.12410845478722295
1.441666666666664,0.12506106874104689
1.4499999999999973,0.12509943472220583
1.4583333333333306,0.12422371139166688
1.4666666666666639,0.12346474756532994
1.4749999999999972,0.12399121043163983
1.4833333333333305,0.12477155596064234
1.4916666666666638,0.12463719666201538
1.4999999999999971,0.12358800314789575
1.5083333333333304,0.12265464214980135
1.5166666666666637,0.12300565375475103
1.524999999999997,0.12360910824192888
1.5333333333333303,0.12329596515282773
1.5416666666666636,0.12206579750596315
1.5499999999999969,0.12094921313091052
1.5583333333333302,0.12111476411072211
1.5666666666666635,0.12256255938508283
1.5749999999999968,0.12426207201883219
1.5833333333333302,0.12504592905084352
1.5916666666666635,0.12491553236417789
1.5999999999999968,0.12387075910850755
1.6083333333333301,0.12294223950268127
1.6166666666666634,0.12329847119641948
1.6249999999999967,0.12390757619852745
1.63333333333333,0.12360057382920075
1.6416666666666633,0.12237704720053597
1.6499999999999966,0.12126756734533813
1.6583333333333299,0.12144064279020475
1.6666666666666632,0.12186386786212024
1.6749999999999965,0.12136764609463672
1.6833333333333298,0.11995124667827792
1.6916666666666631,0.11864529669457012
1.6999999999999964,0.11861844743691992
1.7083333333333297,0.11883760324922467
1.716666666666663,0.11813236656571512
1.7249999999999963,0.11650166163108704
1.7333333333333296,0.11497628060160488
1.7416666666666629,0.11472514386784194
1.7499999999999962,0.11471428695629582
1.7583333333333295,0.11377230817272035
1.7666666666666628,0.11189774379073768
1.7749999999999961,0.11012165306880867
1.7833333333333294,0.10961334486700647
1.7916666666666627,0.1103720482039432
1.799999999999996,0.11136455657825589
1.8083333333333294,0.11142036806343701
1.8166666666666627,0.11053967097027252
1.824999999999996,0.10872110678008516
1.8333333333333293,0.10699626489220154
1.8416666666666626,0.10653501332430548
1.8499999999999959,0.10733664003736001
1.8583333333333292,0.10836758826207749
1.8666666666666625,0.10845695009030219
1.8749999999999958,0.10760496924597429
1.8833333333333291,0.10581033795459523
1.8916666666666624,0.10410507639164442
1.8999999999999957,0.10365951501627348
1.908333333333329,0.10343791329280615
1.9166666666666623,0.10226683640307974
1.9249999999999956,0.10014445856937841
1.9333333333333289,0.098103009996117638
1.9416666666666622,0.097313166461038297
1.9499999999999955,0.097773770220945314
1.9583333333333288,0.098449582425486529
1.9666666666666621,0.098167748397429547
1.9749999999999954,0.096927904358636435
1.9833333333333287,0.09472812025862834
1.991666666666662,0.092601169057342156
1.9999999999999953,0.091718340606636792
2.0083333333333289,0.092078344289539316
2.0166666666666622,0.092645130566724077
2.0249999999999955,0.092244909258222388
2.0333333333333288,0.090877126348997875
2.0416666666666621,0.088539653413514677
2.0499999999999954,0.086265761975450175
2.0583333333333287,0.08522732273178274
2.066666666666662,0.08542282410442005
2.0749999999999953,0.085815252703183381
2.0833333333333286,0.085229710123473162
2.0916666666666619,0.083665346245748118
2.0999999999999952,0.081119727539215078
2.1083333333333285,0.078626594890993218
2.1166666666666618,0.077358381073544549
2.1249999999999951,0.077313245849023174
2.1333333333333284,0.077453015237560485
2.1416666666666617,0.076601463856086169
2.149999999999995,0.074757320735095473
2.1583333333333283,0.072956065011591659
2.1666666666666616,0.072371799315980825
2.1749999999999949,0.071965127289489034
2.1833333333333282,0.07055845024283787
2.1916666666666615,0.068149615230760657
2.1999999999999948,0.065773813607425832
2.2083333333333282,0.064604982842349515
2.2166666666666615,0.064641392279514417
2.2249999999999948,0.064843856946652442
2.2333333333333281,0.064034979516006757
2.2416666666666614,0.062213572264182913
2.2499999999999947,0.060416241588695956
2.258333333333328,0.059818290336591626
2.2666666666666613,0.059379253742585569
2.2749999999999946,0.057920316918524242
2.2833333333333279,0.055439269090967844
2.2916666666666612,0.052972196522533606
2.2999999999999945,0.051693987661062632
2.3083333333333278,0.051602731551846359
2.3166666666666611,0.051658110550137526
2.3249999999999944,0.050681429997065056
2.3333333333333277,0.048671253778165266
2.341666666666661,0.046664854577875843
2.3499999999999943,0.045838273139224922
2.3583333333333276,0.046190227884914628
2.3666666666666609,0.046680708205270552
2.3749999999999942,0.046131315890555288
2.3833333333333275,0.044541291401979752
2.3916666666666608,0.04190824676607717
2.3999999999999941,0.03926888677461101
2.4083333333333274,0.037798750355864316
2.4166666666666607,0.037495621483109774
2.424999999999994,0.037318083943487651
2.4333333333333274,0.036086200413908129
2.4416666666666607,0.033798159369995258
2.449999999999994,0.031491600145152156
2.4583333333333273,0.030342965826365292
2.4666666666666606,0.030350487506860892
2.4749999999999939,0.030472895871491924
2.4833333333333272,0.029530371284189158
2.4916666666666605,0.027521561290286375
2.4999999999999938,0.025484787148710882
2.5083333333333271,0.02459714989033818
2.5166666666666604,0.024857250196443345
2.5249999999999937,0.025223999127291317
2.533333333333327,0.024517735228299625
2.5416666666666603,0.022737476395196046
2.5499999999999936,0.020922052241793554
2.5583333333333269,0.020249053492488914
2.5666666666666602,0.020717389043516849
2.5749999999999935,0.021286159497086194
2.5833333333333268,0.02077587651999949
2.5916666666666601,0.019185862198778207
2.5999999999999934,0.016513788785183336
2.6083333333333267,0.01379729400147541
2.61666666666666,0.012212794535316013
2.6249999999999933,0.01175784480110126
2.6333333333333266,0.01138999523885445
2.6416666666666599,0.0099281360784591738
2.6499999999999932,0.007370156506770296
2.6583333333333266,0.0047540279436433059
2.6666666666666599,0.0032564511275855867
2.6749999999999932,0.0028750878192667158
2.6833333333333265,0.0025675105283664906
2.6916666666666598,0.0011526139879335761
2.6999999999999931,-0.0013716219519764484
2.7083333333333264,-0.0039671192567727461
2.7166666666666597,-0.0054571273908340786
2.724999999999993,-0.0058439931804859869
2.7333333333333263,-0.0051284035000449023
2.7416666666666596,-0.0043511291707615061
2.7499999999999929,-0.0046916365442924088
2.7583333333333262,-0.0061503292094667195
2.7666666666666595,-0.0076875465564018048
2.7749999999999928,-0.0081249788870893288
2.7833333333333261,-0.0074633906989976222
2.7916666666666594,-0.0067436144898317249
2.7999999999999927,-0.0071451824749661288
2.808333333333326,-0.0086685876873420879
2.8166666666666593,-0.01027428566368296
2.8249999999999926,-0.010784099091464657
2.8333333333333259,-0.010198903724389511
2.8416666666666592,-0.0095596158355135824
2.8499999999999925,-0.010045854208401272
2.8583333333333258,-0.011658235529502714
2.8666666666666591,-0.013357381085497009
2.8749999999999925,-0.013965301135389858
2.8833333333333258,-0.013483022758248274
2.8916666666666591,-0.012951568010450554
2.8999999999999924,-0.013550661688418474
2.9083333333333257,-0.015281084444598785
2.916666666666659,-0.017103687701060948
2.9249999999999923,-0.017840742093104846
2.9333333333333256,-0.017493474928102541
2.9416666666666589,-0.017103034302603754
2.9499999999999922,-0.017849266630684452
2.9583333333333255,-0.019733164782453842
2.9666666666666588,-0.021715896481316159
2.9749999999999921,-0.022620091591322281
2.9833333333333254,-0.02244723839081934
2.9916666666666587,-0.02223862611826917
2.999999999999992,-0.023174229671910952
3.0083333333333253,-0.025255312376500607
3.0166666666666586,-0.027443476404377495
3.0249999999999919,-0.028561848183002961
3.0333333333333252,-0.028612253386917318
3.0416666666666585,-0.027594872406604649
3.0499999999999918,-0.026549541574644567
3.0583333333333251,-0.02665482023957734
3.0666666666666584,-0.027910756768074439
3.0749999999999917,-0.029277823840058149
3.083333333333325,-0.029577999316585959
3.0916666666666583,-0.028811848970007329
3.0999999999999917,-0.028019549882809039
3.108333333333325,-0.02837998601173182
3.1166666666666583,-0.029893576244620284
3.1249999999999916,-0.031521240024942283
3.1333333333333249,-0.032085435978151833
3.1416666666666582,-0.0315871390283654
3.1499999999999915,-0.03106683062268626
3.1583333333333248,-0.031703676604231609
3.1666666666666581,-0.033498494176656922
3.1749999999999914,-0.035412750908761115
3.1833333333333247,-0.036269509563428962
3.191666666666658,-0.036070202186877398
3.1999999999999913,-0.034814621537155976
3.2083333333333246,-0.033541949634396988
3.2166666666666579,-0.03343009836163479
3.2249999999999912,-0.034478801072134704
3.2333333333333245,-0.035648475593748195
3.2416666666666578,-0.035761093230689184
3.2499999999999911,-0.034816931038147828
3.2583333333333244,-0.03385564985587055
3.2666666666666577,-0.034055617908131136
3.274999999999991,-0.035417018843142127
3.2833333333333243,-0.036900766648513675
3.2916666666666576,-0.037329360683807669
3.2999999999999909,-0.036703569187558668
3.3083333333333242,-0.036063457263947309
3.3166666666666575,-0.036587768752267422
3.3249999999999909,-0.038277153505211513
3.3333333333333242,-0.040093130568346971
3.3416666666666575,-0.040858860795827241
3.3499999999999908,-0.040575639788276871
3.3583333333333241,-0.039243127868941352
3.3666666666666574,-0.03790017851389875
3.3749999999999907,-0.037724372779825752
3.383333333333324,-0.038715352814516032
3.3916666666666573,-0.039833641858759379
3.3999999999999906,-0.039901354676935417
3.4083333333333239,-0.038918698778569266
3.4166666666666572,-0.037925083384775578
3.4249999999999905,-0.03809861777892562
3.4333333333333238,-0.039439446196677809
3.4416666666666571,-0.040908635118511678
3.4499999999999904,-0.041328878366321924
3.4583333333333237,-0.040700933368729569
3.466666666666657,-0.040064666679753266
3.4749999999999903,-0.040598609746175886
3.4833333333333236,-0.041262713848390205
3.4916666666666569,-0.040878503292087177
3.4999999999999902,-0.039445480707802107
3.5083333333333235,-0.038002334305597928
3.5166666666666568,-0.037726487651742593
3.5249999999999901,-0.038617439122707875
3.5333333333333234,-0.039635561840657751
3.5416666666666567,-0.039602811503354311
3.5499999999999901,-0.03851923911848814
3.5583333333333234,-0.037424118000388314
3.5666666666666567,-0.037495430686590656
3.57499999999999,-0.038733174583614541
3.5833333333333233,-0.04009823270276295
3.5916666666666566,-0.040413099383586337
3.5999999999999899,-0.039678367358747545
3.6083333333333232,-0.038933790330815149
3.6166666666666565,-0.03935779950934834
3.6249999999999898,-0.039910124987917656
3.6333333333333231,-0.039412049085164026
3.6416666666666564,-0.037862897915310709
3.6499999999999897,-0.03630125917406591
3.658333333333323,-0.035904467933279567
3.6666666666666563,-0.0366718476134568
3.6749999999999896,-0.03756350145210717
3.6833333333333229,-0.037401086649638746
3.6916666666666562,-0.036184452862231618
3.6999999999999895,-0.03495277975830563
3.7083333333333228,-0.034883971662558508
3.7166666666666561,-0.035977824242768928
3.7249999999999894,-0.03719488559547339
3.7333333333333227,-0.0373572753712509
3.741666666666656,-0.036465348146911568
3.7499999999999893,-0.035558770421611714
3.7583333333333226,-0.035815908284916188
3.7666666666666559,-0.037237027158691614
3.7749999999999893,-0.038783208061472542
3.7833333333333226,-0.039277141344652197
3.7916666666666559,-0.038719698024982714
3.7999999999999892,-0.037110112305510728
3.8083333333333225,-0.035486915096619172
3.8166666666666558,-0.035027390388136397
3.8249999999999891,-0.035730770627740743
3.8333333333333224,-0.036557023837246974
3.8416666666666557,-0.036327658430641625
3.849999999999989,-0.035042420385421408
3.8583333333333223,-0.033740435899930997
3.8666666666666556,-0.033599562831789893
3.8749999999999889,-0.034619492649260522
3.8833333333333222,-0.035760607115724555
3.8916666666666555,-0.035844840793112384
3.8999999999999888,-0.034872426689068828
3.9083333333333221,-0.033882979737526811
3.9166666666666554,-0.034054824176747343
3.9249999999999887,-0.035388103044145316
3.933333333333322,-0.036843688059117648
3.9416666666666553,-0.037244033970542871
3.9499999999999886,-0.03658986508309315
3.9583333333333219,-0.034880267102465543
3.9666666666666552,-0.033153720672117901
3.9749999999999885,-0.032587469033834575
3.9833333333333218,-0.033180588599984864
3.9916666666666551,-0.033892778077848427
3.9999999999999885,-0.033545246096397134
4.0083333333333222,-0.032137556634315591
4.0166666666666559,-0.030708773183004287
4.0249999999999897,-0.030436702788209997
4.0333333333333234,-0.031320846111114777
4.0416666666666572,-0.032321253559777191
4.0499999999999909,-0.032259488608178545
4.0583333333333247,-0.031135558166234315
4.0666666666666584,-0.029989002005139528
4.0749999999999922,-0.029998085822569447
4.0833333333333259,-0.031162717800940678
4.0916666666666597,-0.032443352859755838
4.0999999999999934,-0.032661975532412256
4.1083333333333272,-0.031819026585031739
4.1166666666666609,-0.029913304391991649
4.1249999999999947,-0.02798319786899969
4.1333333333333284,-0.02720587175690058
4.1416666666666622,-0.027580090762131318
4.1499999999999959,-0.028065022398500578
4.1583333333333297,-0.02748128639170027
4.1666666666666634,-0.025828086206087578
4.1749999999999972,-0.024144346681221267
4.1833333333333309,-0.023607750988764213
4.1916666666666647,-0.02421741069723193
4.1999999999999984,-0.02493273153517871
4.2083333333333321,-0.024574560074144582
4.2166666666666659,-0.023142449031952308
4.2249999999999996,-0.021675747096157147
4.2333333333333334,-0.021352547912059098
4.2416666666666671,-0.022172273478308118
4.2500000000000009,-0.023094580874687611
4.2583333333333346,-0.022940563472846807
4.2666666666666684,-0.021710088076889254
4.2750000000000021,-0.020442852845520363
4.2833333333333359,-0.02031729048380148
4.2916666666666696,-0.021333112161420299
4.3000000000000034,-0.022450242079726433
4.3083333333333371,-0.022490043355286669
4.3166666666666709,-0.021452680004941833
4.3250000000000046,-0.020378151723435253
4.3333333333333384,-0.020445183970693604
4.3416666666666721,-0.020612278372593815
4.3500000000000059,-0.019699328991166148
4.3583333333333396,-0.017705042871869112
4.3666666666666734,-0.015668060010511756
4.3750000000000071,-0.01476577939142781
4.3833333333333409,-0.014996766288089105
4.3916666666666746,-0.015319643669853703
4.4000000000000083,-0.014554405524769966
4.4083333333333421,-0.012699991040846442
4.4166666666666758,-0.010795357165752499
4.4250000000000096,-0.010018199644915434
4.4333333333333433,-0.010367262369301534
4.4416666666666771,-0.010801270698066398
4.4500000000000108,-0.010140303373304909
4.4583333333333446,-0.0083834629103857212
4.4666666666666783,-0.0065699184801844149
4.4750000000000121,-0.0058775599655358718
4.4833333333333458,-0.0063052524686574131
4.4916666666666796,-0.0068117970678079542
4.5000000000000133,-0.0062173335360265957
4.5083333333333471,-0.0045210688940617964
4.5166666666666808,-0.002762301464401215
4.5250000000000146,-0.0021190331654967463
4.5333333333333483,-0.0025901984833852829
4.5416666666666821,-0.0031346439022040718
4.5500000000000158,-0.0025725422965894125
4.5583333333333496,-0.0009031528383334304
4.5666666666666833,0.00083416738071260502
4.5750000000000171,0.0014613750438588495
4.5833333333333508,0.00097951503361756471
4.5916666666666845,0.00042972726387524872
4.6000000000000183,0.0009918354494557744
4.608333333333352,0.0026665771697989512
4.6166666666666858,0.0044146012996692753
4.6250000000000195,0.0050578895593541267
4.6333333333333533,0.0045975143775714095
4.641666666666687,0.0040746341723016874
4.6500000000000208,0.0046690991461132555
4.6583333333333545,0.0063816917804418926
4.6666666666666883,0.0081731322089245093
4.675000000000022,0.0088654960307910351
4.6833333333333558,0.0084599334193398226
4.6916666666666895,0.0079976527698274961
4.7000000000000233,0.0086585594291119471
4.708333333333357,0.010443530717915692
4.7166666666666908,0.012313430162508555
4.7250000000000245,0.01309050545967605
4.7333333333333583,0.012776039569457191
4.741666666666692,0.011369658521946569
4.7500000000000258,0.0099110198982332188
4.7583333333333595,0.0095785046472460257
4.7666666666666933,0.010371515213135665
4.775000000000027,0.011249437490278104
4.7833333333333607,0.011033020215115381
4.7916666666666945,0.0097220389633988439
4.8000000000000282,0.0083563194672375742
4.808333333333362,0.0081144041553746597
4.8166666666666957,0.0089958293059116921
4.8250000000000295,0.009960096829998176
4.8333333333333632,0.0098280662065720996
4.841666666666697,0.0085996412174315813
4.8500000000000307,0.0073147865305644138
4.8583333333333645,0.0071521787572842973
4.8666666666666982,0.0081114717593356086
4.875000000000032,0.0091522747882310726
4.8833333333333657,0.0090955515201877734
4.8916666666666995,0.0079413198313870587
4.9000000000000332,0.006729663948837364
4.908333333333367,0.0066393769026679228
4.9166666666667007,0.0076702200396837061
4.9250000000000345,0.0087819053681961693
4.9333333333333682,0.0087954982023067604
4.941666666666702,0.0077111227799550536
4.9500000000000357,0.0065689712468968943
4.9583333333333695,0.0065479427702177309
4.9666666666667032,0.0076479017485475706
4.9750000000000369,0.0088286630959245899
4.9833333333333707,0.0089113959846749344
4.9916666666667044,0.0078963291976356844
5.0000000000000382,0.0068237574876629905
5.0083333333333719,0.0068726819690134939
5.0166666666667057,0.0080430711072528721
5.0250000000000394,0.0092948483124671473
5.0333333333333732,0.009449294504893211
5.0416666666667069,0.0085067469998374896
5.0500000000000407,0.0075076032137915529
5.0583333333333744,0.0076309671248811746
5.0666666666667082,0.0088769177757105199
5.0750000000000419,0.010205499075682989
5.0833333333333757,0.010438118455398158
5.0916666666667094,0.0095752317870120007
5.1000000000000432,0.0086573438631186682
5.1083333333333769,0.0088636667479130172
5.1166666666667107,0.010194402377604954
5.1250000000000444,0.011609735011306523
5.1333333333333782,0.011931221978382032
5.1416666666667119,0.0111594543614848
5.1500000000000457,0.010335053038155302
5.1583333333333794,0.010637346839920318
5.1666666666667131,0.012066679303789967
5.1750000000000469,0.013583404882556101
5.1833333333333806,0.014009265425620112
5.1916666666667144,0.013345011504180793
5.2000000000000481,0.012631391942266389
5.2083333333333819,0.013047863293079375
5.2166666666667156,0.014594936661904975
5.2250000000000494,0.016233179741833581
5.2333333333333831,0.016784568651015221
5.2416666666667169,0.01625004682247182
5.2500000000000506,0.014628903093432857
5.2583333333333844,0.012960411884040081
5.2666666666667181,0.012422585540951827
5.2750000000000519,0.013014524467838053
5.2833333333333856,0.013695352793324234
5.2916666666667194,0.013285566263414541
5.3000000000000531,0.011784645805297986
5.3083333333333869,0.010232099306914599
5.3166666666667206,0.0098061614804262481
5.3250000000000544,0.010506096403592629
5.3333333333333881,0.011291153148057124
5.3416666666667219,0.010981942320325653
5.3500000000000556,0.0095780988588675727
5.3583333333333893,0.0081193100576190339
5.3666666666667231,0.0077839813760078643
5.3750000000000568,0.0085715101957376857
5.3833333333333906,0.0094412541753340316
5.3916666666667243,0.0092139247637619652
5.4000000000000581,0.0078892817107628545
5.4083333333333918,0.0065071525917242603
5.4166666666667256,0.0062460764810877414
5.4250000000000593,0.0071055604950626397
5.4333333333333931,0.008045056283320088
5.4416666666667268,0.0078853634498429626
5.4500000000000606,0.0066263444624686052
5.4583333333333943,0.005307938924680713
5.4666666666667281,0.0051087929104308002
5.4750000000000618,0.0060285053861415536
5.4833333333333956,0.0070266099223401527
5.4916666666667293,0.0069239837974637425
5.5000000000000631,0.0057205758927134261
5.5083333333333968,0.0044564176939343213
5.5166666666667306,0.0043102434921977505
5.5250000000000643,0.0052817310343433749
5.5333333333333981,0.0063304865977284281
5.5416666666667318,0.0062774572863083774
5.5500000000000655,0.0051226669180788886
5.5583333333333993,0.0039062249435042667
5.566666666666733,0.0038069411069607383
5.5750000000000668,0.0048245630312083012
5.5833333333334005,0.0059187634759736768
5.5916666666667343,0.0059105543699860316
5.600000000000068,0.0048000271501213339
5.6083333333334018,0.003627360272126204
5.6166666666667355,0.0035714309705213768
5.6250000000000693,0.0046320515561002074
5.633333333333403,0.0057689581195654611
5.6416666666667368,0.0058032254244084454
5.6500000000000705,0.004735008942606575
5.6583333333334043,0.0036045512933196456
5.666666666666738,0.003590793236333021
5.6750000000000718,0.0046936100349402946
5.6833333333334055,0.0058728011641457
5.6916666666667393,0.0059495054564098829
5.700000000000073,0.0049239423611134219
5.7083333333334068,0.0038364174009148802
5.7166666666667405,0.0038659343828662839
5.7250000000000743,0.0050124331496995177
5.733333333333408,0.0062357800727915434
5.7416666666667417,0.0063571828591961104
5.7500000000000755,0.0053769283986069344
5.7583333333334092,0.004335387120439879
5.766666666666743,0.0044116285749199527
5.7750000000000767,0.0056056622545570698
5.7833333333334105,0.0068774288436919094
5.7916666666667442,0.0070482138627159813
5.800000000000078,0.0061183788217634306
5.8083333333334117,0.0051283641493537705
5.8166666666667455,0.0052573108143751717
5.8250000000000792,0.0065053067276807357
5.833333333333413,0.0078323789257445289
5.8416666666667467,0.0080599046872196246
5.8500000000000805,0.0071883314515395315
5.8583333333334142,0.006258177727073543
5.866666666666748,0.0064486643956947667
5.8750000000000817,0.0077599706917069093
5.8833333333334155,0.0091522277642508837
5.8916666666667492,0.0094469249184642862
5.900000000000083,0.0086446116143785081
5.9083333333334167,0.0077858953940250939
5.9166666666667505,0.008050088126800364
5.9250000000000842,0.0094374780495818066
5.9333333333334179,0.010908325542989455
5.9416666666667517,0.011284260485750026
5.9500000000000854,0.010565956172356599
5.9583333333334192,0.0097941227476335355
5.9666666666667529,0.01014817624032544
5.9750000000000867,0.011628537200314539
5.9833333333334204,0.01319563012800638
5.9916666666667542,0.01367126518912278
6.0000000000000879,0.013056268340846095
6.0083333333334217,0.011349808882020229
6.0166666666667554,0.0095910905087264135
6.0250000000000892,0.0089580473985418786
6.0333333333334229,0.0094496358828474129
6.0416666666667567,0.010024782274672956
6.0500000000000904,0.00950376524681458
6.0583333333334242,0.0078858998755398108
6.0666666666667579,0.0062105710994042216
6.0750000000000917,0.0056558802498701795
6.0833333333334254,0.0062208970910937536
6.0916666666667592,0.0068646270085086242
6.1000000000000929,0.0064074155176888246
6.1083333333334267,0.0048486765977259309
6.1166666666667604,0.0032279132806865628
6.1250000000000941,0.0027233322071432671
6.1333333333334279,0.0033340755163436069
6.1416666666667616,0.004019200988586602
6.1500000000000954,0.0035990961231094874
6.1583333333334291,0.0020732328351752674
6.1666666666667629,0.00048117985868366712
6.1750000000000966,1.197240024949473e-06
6.1833333333334304,0.00063246191402763381
6.1916666666667641,0.001334057020501793
6.2000000000000979,0.00092638642874371541
6.2083333333334316,-0.0005910574365433571
6.2166666666667654,-0.0021786867180010787
6.2250000000000991,-0.0026582349355586169
6.2333333333334329,-0.0020305263785345791
6.2416666666667666,-0.0013364795830053471
6.2500000000001004,-0.0017557001309380276
6.2583333333334341,-0.0032887110703269263
6.2666666666667679,-0.0048959503243582872
6.2750000000001016,-0.0053991913199530677
6.2833333333334354,-0.0047992959416951293
6.2916666666667691,-0.0041372113880907462
6.3000000000001029,-0.0045925784329809228
6.3083333333334366,-0.0061659720828783791
6.3166666666667703,-0.0078179031818601755
6.3250000000001041,-0.0083702349784521325
6.3333333333334378,-0.0078239056712791182
6.3416666666667716,-0.0061781934954464341
6.3500000000001053,-0.0044724591308433394
6.3583333333334391,-0.0038847733719051029
6.3666666666667728,-0.0044141552998080971
6.3750000000001066,-0.0050195458035746906
6.3833333333334403,-0.0045212187106257202
6.3916666666667741,-0.0029185274807351806
6.4000000000001078,-0.0012509213677973749
6.4083333333334416,-0.00069654521636508321
6.4166666666667753,-0.0012544651357184152
6.4250000000001091,-0.0018836547975574923
6.4333333333334428,-0.0014044104186917885
6.4416666666667766,0.00018388335560150162
6.4500000000001103,0.0018417454131205075
6.4583333333334441,0.00239101399982607
6.4666666666667778,0.0018326178787937146
6.4750000000001116,0.001207580251597989
6.4833333333334453,0.0016956105537765497
6.4916666666667791,0.0032973348514396001
6.5000000000001128,0.0049732939724847249
6.5083333333334465,0.0055453647280541765
6.5166666666667803,0.0050145127671369551
6.525000000000114,0.0033800421330046925
6.5333333333334478,0.0016813517060602927
6.5416666666667815,0.0010965382798198496
6.5500000000001153,0.0016246227717525525
6.558333333333449,0.0022245346784409399
6.5666666666667828,0.0017165271068134849
6.5750000000001165,9.9941257516501813e-05
6.5833333333334503,-0.0015857846622813183
6.591666666666784,-0.0021625303567204199
6.6000000000001178,-0.0016312656385204878
6.6083333333334515,8.7031488736382041e-06
6.6166666666667853,0.001717972715795229
6.625000000000119,0.0023184582228940997
6.6333333333334528,0.0018111652469460734
6.6416666666667865,0.00019543598349517429
6.6500000000001203,-0.0014892902460892444
6.658333333333454,-0.0020648915500644468
6.6666666666667878,-0.0015323359405501468
6.6750000000001215,0.00010907209188824705
6.6833333333334553,0.0018199312605006292
6.691666666666789,0.0024221592438518607
6.7000000000001227,0.0019167643265738448
6.7083333333334565,0.0003030914681040268
6.7166666666667902,-0.001379417129890919
6.725000000000124,-0.0019526361558428527
6.7333333333334577,-0.0014175299518828471
6.7416666666667915,0.00022660072154161108
6.7500000000001252,0.0019403584954404188
6.758333333333459,0.0025456655720390037
6.7666666666667927,0.0020435349686352558
6.7750000000001265,0.00043331644448476437
6.7833333333334602,-0.0012455428815570048
6.791666666666794,-0.0018149121332885175
6.8000000000001277,-0.0012757497606385357
6.8083333333334615,-0.00066910915177057655
6.8166666666667952,-0.001174728409836197
6.825000000000129,-0.0027932603561995912
6.8333333333334627,-0.0044852698859024001
6.8416666666667965,-0.0050726551624232256
6.8500000000001302,-0.0045564044888853038
6.858333333333464,-0.0029358442978376499
6.8666666666667977,-0.0012503968712255084
6.8750000000001315,-0.00067818027783073706
6.8833333333334652,-0.0012182339174974638
6.8916666666667989,-0.0018295046535767357
6.9000000000001327,-0.001332261740244791
6.9083333333334664,0.00027413714185796546
6.9166666666668002,0.001950237934237794
6.9250000000001339,0.0025179063940004485
6.9333333333334677,0.0019780990102068892
6.9416666666668014,0.00033010899190507562
6.9500000000001352,-0.0013866730385941831
6.9583333333334689,-0.0019941731722510694
6.9666666666668027,-0.0014934072213042412
6.9750000000001364,0.00011627255468544807
6.9833333333334702,0.0017954172362047703
6.9916666666668039,0.0023658969150317215
7.0000000000001377,0.0018286721722808952
7.0083333333334714,0.00018304022776912608
7.0166666666668052,-0.0015316044663332533
7.0250000000001389,-0.0021371849231119483
7.0333333333334727,-0.0016347142032190382
7.0416666666668064,-2.3541890386657657e-05
7.0500000000001402,0.0016568855528469259
7.0583333333334739,0.0022284399654150504
7.0666666666668077,0.0016920834253460533
7.0750000000001414,4.7114575895747306e-05
7.0833333333334751,-0.0016670708919573284
7.0916666666668089,-0.0022723954485274435
7.1000000000001426,-0.0017698718919555466
7.1083333333334764,-0.0001588496156856796
7.1166666666668101,0.0015212249255294455
7.1250000000001439,0.0020922228951354409
7.1333333333334776,0.0015551054209161218
7.1416666666668114,-9.0829876951803283e-05
7.1500000000001451,-0.0018061885347390929
7.1583333333334789,-0.0024128949586349354
7.1666666666668126,-0.0019119641471567364
7.1750000000001464,-0.00030274776979537926
7.1833333333334801,0.0013753052801866296
7.1916666666668139,0.0019440630064296801
7.2000000000001476,0.0014044830502839153
7.2083333333334814,-0.00024414053371652245
7.2166666666668151,-0.0019624170958669148
7.2250000000001489,-0.0025722756483153252
7.2333333333334826,-0.0020747360651277198
7.2416666666668164,-0.00046915497786205918
7.2500000000001501,0.0012050136089497559
7.2583333333334838,0.001769631761537804
7.2666666666668176,0.0012256507645802875
7.2750000000001513,0.00061411687195197032
7.2833333333334851,0.0011147609331784345
7.2916666666668188,0.0027282283688426189
7.3000000000001526,0.004415076368776364
7.3083333333334863,0.0049971950046640585
7.3166666666668201,0.0044755645878795597
7.3250000000001538,0.0028495035157848846
7.3333333333334876,0.0011584262467983204
7.3416666666668213,0.00058044266440524244
7.3500000000001551,0.0011145834552653798
7.3583333333334888,0.0017197865136965461
7.3666666666668226,0.0012163117958751064
7.3750000000001563,-0.00039649227811354416
7.3833333333334901,-0.0020791811164176371
7.3916666666668238,-0.002653630570300216
7.4000000000001576,-0.0021208074240324577
7.4083333333334913,-0.00048001525582297368
7.4166666666668251,0.0012293448266112777
7.4250000000001588,0.0018291876791691514
7.4333333333334926,0.0013205174784929967
7.4416666666668263,-0.0002973252411016028
7.45000000000016,-0.0019849035661342477
7.4583333333334938,-0.0025641005181913949
7.4666666666668275,-0.0020358899328901873
7.4750000000001613,-0.00039958239227480834
7.483333333333495,0.0013054140859865338
7.4916666666668288,0.0019010078603054
7.5000000000001625,0.0013881967967324586
7.5083333333334963,-0.00023368484382682418
7.51666666666683,-0.0019252062912500836
7.5250000000001638,-0.0025082563841971632
7.5333333333334975,-0.001983814694763609
7.5416666666668313,-0.00035119751207440993
7.550000000000165,0.0013501815034063006
7.5583333333334988,0.0019422253164584988
7.5666666666668325,0.0014259265035777428
7.5750000000001663,-0.00019938594272626389
7.5833333333335,-0.0018942864477294716
7.5916666666668338,-0.0024806688693442191
7.6000000000001675,-0.0019595177581838681
7.6083333333335013,-0.00033015436766328717
7.616666666666835,0.0013680027130842693
7.6250000000001688,0.0019568516304085924
7.6333333333335025,0.0014373801802683871
7.6416666666668362,-0.00019108741822472294
7.65000000000017,-0.0018891303372130231
7.6583333333335037,-0.0024786471385175339
7.6666666666668375,-0.001960627076144859
7.6750000000001712,-0.00033439610642001173
7.683333333333505,0.0013606224870435261
7.6916666666668387,0.0019463221384957725
7.7000000000001725,0.0014236859098022336
7.7083333333335062,-0.00020796672021805213
7.71666666666684,-0.0019092196806290392
7.7250000000001737,-0.0025019763765577949
7.7333333333335075,-0.0019872309460208198
7.7416666666668412,-0.00036431424255467916
7.750000000000175,0.0013273455356118185
7.7583333333335087,0.0019096367615924052
7.7666666666668425,0.001383537351838884
7.7750000000001762,-0.0002516383803583325
7.78333333333351,-0.0019564795927524276
7.7916666666668437,-0.0025528951439248897
7.8000000000001775,-0.0020418847094408584
7.8083333333335112,-0.00042278470856847115
7.816666666666845,0.0012649710530689012
7.8250000000001787,0.001843265052747378
7.8333333333335124,0.0013130691530840682
7.8416666666668462,-0.00032630842238291682
7.8500000000001799,-0.0020354630419251864
7.8583333333335137,-0.0026363101608844345
7.8666666666668474,-0.0021298561819383913
7.8750000000001812,-0.00051544429742120539
7.8833333333335149,0.0011674848512786707
7.8916666666668487,0.0017408064494775235
7.9000000000001824,0.0012054848132287432
7.9083333333335162,-0.00043917943557279066
7.9166666666668499,-0.0021537894670315438
7.9250000000001837,-0.0027602691259906789
7.9333333333335174,-0.0022596333830118419
7.9416666666668512,-0.00065123406661648088
7.9500000000001849,0.0010254794699282408
7.9583333333335187,0.0015923730357669927
7.9666666666668524,0.00105040118000036
7.9750000000001862,0.00044061349191223758
7.9833333333335199,0.00094274368362418407
7.9916666666668537,0.0025574395427453889
8.0000000000001865,0.0042452598117839226
8.0083333333335194,0.0048280951787405468
8.0166666666668522,0.0043069268887512731
8.0250000000001851,0.0026810741780882944
8.033333333333518,0.00098995267306442548
8.0416666666668508,0.00041167264397075907
8.0500000000001837,0.00094526418825852522
8.0583333333335165,0.0015496642257081103
8.0666666666668494,0.0010451312262037952
8.0750000000001823,-0.00056898783767468045
8.0833333333335151,-0.0022532501731652543
8.091666666666848,-0.0028295343199945728
8.1000000000001808,-0.0022988099670107872
8.1083333333335137,-0.00066038369225026087
8.1166666666668466,0.0010463402677957469
8.1250000000001794,0.0016432727372985268
8.1333333333335123,0.00113141336217613
8.1416666666668451,-0.00048990195317935494
8.150000000000178,-0.0021812412892540782
8.1583333333335109,-0.0027644936543564096
8.1666666666668437,-0.0022406391454166947
8.1750000000001766,-0.00060899471452513228
8.1833333333335094,0.0010910250922332291
8.1916666666668423,0.001681321059217853
8.2000000000001751,0.0011628829120552359
8.208333333333508,-0.00046496334643307091
8.2166666666668409,-0.0021627956222099115
8.2250000000001737,-0.002752512623047806
8.2333333333335066,-0.0022351041426427322
8.2416666666668394,-0.00060989682458914942
8.2500000000001723,0.0010836851202356895
8.2583333333335052,0.001667532818328366
8.266666666666838,0.0011426263115786946
8.2750000000001709,-0.00049171808944214004
8.2833333333335037,-0.0021960880136736192
8.2916666666668366,-0.002792392033675194
8.3000000000001695,-0.0022816298691417914
8.3083333333335023,-0.00066313811260898623
8.3166666666668352,0.0010236490683151603
8.325000000000168,0.0016006125905130544
8.3333333333335009,0.0010687221130465485
8.3416666666668338,-0.00057271647286016294
8.3500000000001666,-0.0022843013618287994
8.3583333333334995,-0.0028879521182384482
8.3666666666668323,-0.0023846795791340344
8.3750000000001652,-0.00077383150784706702
8.3833333333334981,0.00090514672592353852
8.3916666666668309,0.0014741243040770837
8.4000000000001638,0.00093405880157936688
8.4083333333334966,0.00032600285952420397
8.4166666666668295,0.00082969292469746772
8.4250000000001624,0.002445779214335031
8.4333333333334952,0.0041348223859345558
8.4416666666668281,0.0047187144351501934
8.4500000000001609,0.0041984381032254634
8.4583333333334938,0.0025733140614444192
8.4666666666668267,0.00088275956012885052
8.4750000000001595,0.00030488598793997046
8.4833333333334924,0.00083872395863006334
8.4916666666668252,0.0014432106842628264
8.5000000000001581,0.00093860460860128395
8.508333333333491,-0.00067574731760101784
8.5166666666668238,-0.0023604025617237987
8.5250000000001567,-0.0029372404765540274
8.5333333333334895,-0.0024072316743772929
8.5416666666668224,-0.00076968371506208892
8.5500000000001553,0.00093599812233223164
8.5583333333334881,0.0015317230745901533
8.566666666666821,0.0010184888778368832
8.5750000000001538,-0.00060437053254810253
8.5833333333334867,-0.0022974254464472356
8.5916666666668196,-0.002882567675556144
8.6000000000001524,-0.0023607802568290552
8.6083333333334853,-0.00073138314657271355
8.6166666666668181,0.00096620603585387342
8.625000000000151,0.0015538843947447189
8.6333333333334838,0.0010326376183895356
8.6416666666668167,-0.00059821239562236547
8.6500000000001496,-0.0022992479315612014
8.6583333333334824,-0.0028923727692256079
8.6666666666668153,-0.0023785819421907359
8.6750000000001481,-0.00075720741026822963
8.683333333333481,0.00093232122398758581
8.6916666666668139,0.0015118889698120855
8.7000000000001467,0.00098246931577540444
8.7083333333334796,-0.00065662806384425934
8.7166666666668124,-0.0023659977775516037
8.7250000000001453,-0.002967556240711937
8.7333333333334782,-0.0024623112191978088
8.741666666666811,-0.00084960744778371305
8.7500000000001439,0.0008311126896573905
8.7583333333334767,0.0014017209831878987
8.7666666666668096,0.00086317739194901049
8.7750000000001425,0.00025653694870346087
8.7833333333334753,0.00076153829731174399
8.7916666666668082,0.0023788336756288666
8.800000000000141,0.004068985459480247
8.8083333333334739,0.0046538870010688835
8.8166666666668068,0.0041345225047272069
8.8250000000001396,0.0025102140687462571
8.8333333333334725,0.00082038047249778602
8.8416666666668053,0.00024313433463765672
8.8500000000001382,0.00077750715493664498
8.8583333333334711,0.0013824369092166897
8.8666666666668039,0.00087818262343152735
8.8750000000001368,-0.00073590817392666448
8.8833333333334696,-0.002420392514455463
8.8916666666668025,-0.0029971496272393375
8.9000000000001354,-0.0024671500542728414
8.9083333333334682,-0.000829701317605971
8.9166666666668011,0.00087579131283425395
8.9250000000001339,0.0014712367839699923
8.9333333333334668,0.00095763235928201357
8.9416666666667997,-0.000665688530469103
8.9500000000001325,-0.0023592968166474822
8.9583333333334654,-0.0029450852715140322
8.9666666666667982,-0.0024240379566787275
8.9750000000001311,-0.00079547588708894562
8.983333333333464,0.00090118222911674862
8.9916666666667968,0.001487832090408093
9.0000000000001297,0.00096545778509249825
9.0083333333334625,-0.00066662042427887737
9.0166666666667954,-0.0023689866070557204
9.0250000000001283,-0.0029635466857971535
9.0333333333334611,-0.0024512979121197672
9.041666666666794,-0.0008315745027513995
9.0500000000001268,0.00085619165391553269
9.0583333333334597,0.0014338829166200195
9.0666666666667926,0.00090246989297431931
9.0750000000001254,-0.00073874066512756532
9.0833333333334583,-0.0024503464732504826
9.0916666666667911,-0.0030542674863084421
9.100000000000124,-0.0025515150959677388
9.1083333333334568,-0.00094143771044161303
9.1166666666667897,0.00073651859169380335
9.1250000000001226,0.0013042214606153047
9.1333333333334554,0.0007626264166607766
9.1416666666667883,0.00015278405626413546
9.1500000000001211,0.00065442831931683391
9.158333333333454,0.0022682065025344941
9.1666666666667869,0.003954675569439456
9.1750000000001197,0.0045357228400990952
9.1833333333334526,0.0040123266189534641
9.1916666666667854,0.0023838030377307294
9.2000000000001183,0.00068956512822886682
9.2083333333334512,0.0001077191928064807
9.216666666666784,0.00063728972820896869
9.2250000000001169,0.0012372074434947825
9.2333333333334497,0.00072772367690367211
9.2416666666667826,-0.00089182176531864136
9.2500000000001155,-0.0025819940039363636
9.2583333333334483,-0.0031646811766238825
9.2666666666667812,-0.0026408628764049312
9.275000000000114,-0.0010098557683515038
9.2833333333334469,0.00068892570266351934
9.2916666666667798,0.0012773804309217139
9.3000000000001126,0.00075649502733267197
9.3083333333334455,-0.00087440783339104563
9.3166666666667783,-0.0025759103180036324
9.3250000000001112,-0.003169917533604042
9.3333333333334441,-0.0026574260828479213
9.3416666666667769,-0.00103776964549181
9.3500000000001098,0.00064962036342864011
9.3583333333334426,0.0012266257604759815
9.3666666666667755,0.00069421594725646574
9.3750000000001084,-0.00094830363943741443
9.3833333333334412,-0.0026615325549758555
9.3916666666667741,-0.003267393700413135
9.4000000000001069,-0.002766901572673024
9.4083333333334398,-0.0011594078017060536
9.4166666666667727,0.00051563828825817852
9.4250000000001055,0.0010801000441218248
9.4333333333334384,0.00053492793895408715
9.4416666666667712,-7.8832521010869031e-05
9.4500000000001041,0.00041854689260086995
9.458333333333437,0.0020277072789870012
9.4666666666667698,0.003709198424083791
9.4750000000001027,0.0042848991466144766
9.4833333333334355,0.0037557794954014645
9.4916666666667684,0.0021211472060898738
9.5000000000001013,0.00042040729164905726
9.5083333333334341,-0.00016834317467498002
9.516666666666767,0.00035390972459254364
9.5250000000000998,0.001987844419559316
9.5333333333334327,0.0036940477924408232
9.5416666666667656,0.0042944356315532967
9.5500000000000984,0.0037900151221373218
9.5583333333334313,0.0021801311463532469
9.5666666666667641,0.00050422567186504262
9.575000000000097,-5.9567117145464445e-05
9.5833333333334298,0.00048780416395071227
9.5916666666667627,0.0011052968608303375
9.6000000000000956,0.00061318852557594027
9.6083333333334284,-0.00098915487348715274
9.6166666666667613,-0.0026622726119079391
9.6250000000000941,-0.0032280274661845012
9.633333333333427,-0.0026873736458900011
9.6416666666667599,-0.0010396024647442641
9.6500000000000927,0.00067589690267402303
9.6583333333334256,0.0012810484294651316
9.6666666666667584,0.00077686376261519845
9.6750000000000913,-0.00083730938140498252
9.6833333333334242,-0.0025220280937514683
9.691666666666757,-0.0030991721909449316
9.7000000000000899,-0.0025697128832201516
9.7083333333334227,-0.0009329584163285438
9.7166666666667556,0.00077168517953820465
9.7250000000000885,0.0013661255793940862
9.7333333333334213,0.00085135844669304353
9.7416666666667542,-0.00077328444342033512
9.750000000000087,-0.0024683759275554188
9.7583333333334199,-0.0030558112454854018
9.7666666666667528,-0.00253657702839512
9.7750000000000856,-0.00090999692119335407
9.7833333333334185,0.00078450769911493471
9.7916666666667513,0.0013688292990853685
9.8000000000000842,0.00084394837229012209
9.8083333333334171,-0.00079081847657754023
9.8166666666667499,-0.0024960592604685288
9.8250000000000828,-0.0030936844983394146
9.8333333333334156,-0.0025846961604157402
9.8416666666667485,-0.00096843325336690503
9.8500000000000814,0.00071566751128242451
9.8583333333334142,0.0012894830028733764
9.8666666666667471,0.00075397789417186358
9.8750000000000799,0.00015021193080289887
9.8833333333334128,0.0006579281677154354
9.8916666666667457,0.0022777829959820511
9.9000000000000785,0.003970342496565288
9.9083333333334114,0.0045575031845845031
9.9166666666667442,0.0040402525799575796
9.9250000000000771,0.0024179160431437256
9.93333333333341,0.00072991575222255219
9.9416666666667428,0.00015436728200849111
9.9500000000000757,0.00069030459741767282
9.9583333333334085,0.001296667973399014
9.9666666666667414,0.00079371847826219244
9.9750000000000743,-0.00081919433205114621
9.9833333333334071,-0.0025026256685264257
9.99166666666674,-0.0030784533716210032
10.000000000000073,-0.0025476466565516913
10.008333333333406,-0.00090951176259507639
10.016666666666739,0.0007965472882727197
10.025000000000071,0.001392440292344289
10.033333333333404,0.00087916511441439094
10.041666666666737,-0.00074394425486217224
10.05000000000007,-0.0024374583713563935
10.058333333333403,-0.0030232700393393089
10.066666666666736,-0.0025023634230198987
10.075000000000069,-0.0008740596823571306
10.083333333333401,0.00082222229622420755
10.091666666666734,0.0014083776436499694
10.100000000000067,0.00088538963748729569
10.1083333333334,-0.00074742231242227205
10.116666666666733,-0.0024506433155711141
10.125000000000066,-0.0030461807578785285
10.133333333333399,-0.0025350334316763356
10.141666666666731,-0.00091653713946169895
10.150000000000064,0.00076987461721518037
10.158333333333397,0.0013460821674961979
10.16666666666673,0.00081305381902189023
10.175000000000063,-0.00082990602273269728
10.183333333333396,-0.0025433976369454324
10.191666666666729,-0.0031493440237751092
10.200000000000061,-0.0026487597023098623
10.208333333333394,-0.001040996260389058
10.216666666666727,0.00063449703043750216
10.22500000000006,0.0011995841460343026
10.233333333333393,0.00065521659707355197
10.241666666666726,4.2440958634251841e-05
10.250000000000059,0.00054098685932966138
10.258333333333391,0.0021514970464622807
10.266666666666724,0.0038345234525325443
10.275000000000057,0.0044119477183801594
10.28333333333339,0.0038847425929911341
10.291666666666723,0.0022522185830771706
10.300000000000056,0.00055378329995198043
10.308333333333389,-3.2462973699976993e-05
10.316666666666721,0.00049249754847588477
10.325000000000054,0.0010875886190035834
10.333333333333387,0.00057305419159938591
10.34166666666672,-0.0010517733755112688
10.350000000000053,-0.0027474670606511854
10.358333333333386,-0.0033359237070763343
10.366666666666719,-0.0028181317237321759
10.375000000000052,-0.0011934166860142524
10.383333333333384,0.00049879805945274509
10.391666666666717,0.0010804016206386853
10.40000000000005,0.00055237016643090264
10.408333333333383,-0.0010859841750053658
10.416666666666716,-0.0027952546600851936
10.425000000000049,-0.0033973586138031434
10.433333333333382,-0.0028933050043074304
10.441666666666714,-0.001282440002768616
10.450000000000047,0.00039579251651563664
10.45833333333338,0.0009632607427262405
10.466666666666713,0.00042091955724977683
10.475000000000046,-0.00019018117278385302
10.483333333333379,0.00030969082143980289
10.491666666666712,0.0019211804636010833
10.500000000000044,0.0036048409397238931
10.508333333333377,0.0041825539019144133
10.51666666666671,0.0036552923382487125
10.525000000000043,0.0020223668671417012
10.533333333333376,0.00032318548417127439
10.541666666666709,-0.00026415223347599269
10.550000000000042,0.00025936966347799863
10.558333333333374,0.00085267275029328004
10.566666666666707,0.00033599812978210949
10.57500000000004,-0.0012913248504057414
10.583333333333373,-0.0029898728716863002
10.591666666666706,-0.0035815477534370875
10.600000000000039,-0.0030673429546531532
10.608333333333372,-0.0014465892358217784
10.616666666666704,0.00024128493160714551
10.625000000000037,0.00081816231138475836
10.63333333333337,0.000285011763119558
10.641666666666703,-0.00031710294639482263
10.650000000000036,0.00019156396378878482
10.658333333333369,0.0018116706972534694
10.666666666666702,0.0035037832784057849
10.675000000000034,0.0040897956360944187
10.683333333333367,0.0035706931588528235
10.6916666666667,0.0019457988155932903
10.700000000000033,0.00025453298917130451
10.708333333333366,-0.00032499275802471903
10.716666666666699,0.00020624917082295104
10.725000000000032,0.00080719193059369863
10.733333333333364,0.00029808805380890336
10.741666666666697,-0.001321721725783793
10.75000000000003,-0.0030128028231140446
10.758333333333363,-0.003597045936225631
10.766666666666696,-0.0030754333686292606
10.775000000000029,-0.0014472847323898962
10.783333333333362,0.00024798261568584871
10.791666666666694,0.0008322625247285673
10.800000000000027,0.00030653495984994152
10.80833333333336,-0.0013298842836638094
10.816666666666693,-0.0030375855279900902
10.825000000000026,-0.0036384844585941119
10.833333333333359,-0.0031335884472664553
10.841666666666692,-0.0015222422006033992
10.850000000000025,0.00015611193526432715
10.858333333333357,0.00072334251797459006
10.86666666666669,0.00018040387061105681
10.875000000000023,-0.00043165484862133982
10.883333333333356,6.6897244875126829e-05
10.891666666666689,0.0016767032947670117
10.900000000000022,0.0033583138080072136
10.908333333333355,0.0039336064397671048
10.916666666666687,0.0034035503274158305
10.92500000000002,0.0017674521005969163
10.933333333333353,6.4716004629643276e-05
10.941666666666686,-0.00052656334166324985
10.950000000000019,-7.3761235257334434e-06
10.958333333333352,0.0016229518010658795
10.966666666666685,0.0033250016817532937
10.975000000000017,0.0039206816872500759
10.98333333333335,0.0034109915939960133
10.991666666666683,0.0017952686673345529
11.000000000000016,0.00011294767100305344
11.008333333333349,-0.00045784620974122361
11.016666666666682,8.1927587876293452e-05
11.025000000000015,0.00069121503815332155
11.033333333333347,0.00019028113734686109
11.04166666666668,-0.0014215210397356306
11.050000000000013,-0.0031047449102388392
11.058333333333346,-0.00368126968557894
11.066666666666679,-0.003152066141061235
11.075000000000012,-0.0015164424055057447
11.083333333333345,0.00018619563801771058
11.091666666666677,0.00077775294963511722
11.10000000000001,0.00025922035225101015
11.108333333333343,-0.0013700755280460753
11.116666666666676,-0.0030707143336448674
11.125000000000009,-0.0036646012686982195
11.133333333333342,-0.0031527331894365723
11.141666666666675,-0.0015344442996304023
11.150000000000007,0.00015083353071799343
11.15833333333334,0.00072497925116256595
11.166666666666673,0.00018895754816462864
11.175000000000006,-0.00041617205150336134
11.183333333333339,8.9331725660268463e-05
11.191666666666672,0.0017061224263807272
11.200000000000005,0.0033947610432402638
11.208333333333337,0.003977135895338442
11.21666666666667,0.0034542268049561559
11.225000000000003,0.0018253511118111708
11.233333333333336,0.00012992369312355871
11.241666666666669,-0.0004539499525793426
11.250000000000002,7.2751147099883078e-05
11.258333333333335,0.00066895336689317417
11.266666666666667,0.00015490207738854794
11.275,-0.0014700692871660759
11.283333333333333,-0.0031665338991443003
11.291666666666666,-0.0037563910161120557
11.299999999999999,-0.0032406315175341751
11.308333333333332,-0.0016185836800300705
11.316666666666665,7.0326577049075004e-05
11.324999999999998,0.00064798373431915971
11.33333333333333,0.00011535767377824521
11.341666666666663,-0.00048648694227371365
11.349999999999996,2.2196086188495016e-05
11.358333333333329,0.0016420651278345713
11.366666666666662,0.0033336857600152264
11.374999999999995,0.0039189505520608606
11.383333333333328,0.0033988436209731509
11.39166666666666,0.0017726865695854833
11.399999999999993,7.9898565291495864e-05
11.408333333333326,-0.00050141086728708523
11.416666666666659,2.7783044384451072e-05
11.424999999999992,0.00062641042754693111
11.433333333333325,0.00011472027750404142
11.441666666666658,-0.0015079503973293965
11.44999999999999,-0.0032021713285834046
11.458333333333323,-0.0037898385296329571
11.466666666666656,-0.0032719396172446974
11.474999999999989,-0.0016477996233150442
11.483333333333322,4.3158783982625816e-05
11.491666666666655,0.00062282318763991228
11.499999999999988,9.2166455445880213e-05
11.50833333333332,-0.00050774378487384794
11.516666666666653,2.8415659796828614e-06
11.524999999999986,0.0016245837448556739
11.533333333333319,0.0033180511300413178
11.541666666666652,0.003905139003407521
11.549999999999985,0.0033868342107747753
11.558333333333318,0.0017624610765168284
11.56666666666665,7.1441488490005576e-05
11.574999999999983,-0.0005081123646957092
11.583333333333316,2.2826913717540379e-05
11.591666666666649,0.00062319206997760309
11.599999999999982,0.0001132347041288648
11.608333333333315,-0.0015077055759601242
11.616666666666648,-0.0032001959073769287
11.62499999999998,-0.0037861297031690226
11.633333333333313,-0.0032664919712803611
11.641666666666646,-0.0016406051324150254
11.649999999999979,5.2110744170960816e-05
11.658333333333312,0.00063354586821682841
11.666666666666645,0.00010467576980702887
11.674999999999978,-0.00049342925035587252
11.68333333333331,1.8982614585416042e-05
11.691666666666643,0.0016425753263829401
11.699999999999976,0.0033379200451482227
11.708333333333309,0.0039269149363759318
11.716666666666642,0.0034105497317337839
11.724999999999975,0.0017881516538270888
11.733333333333308,9.9145460585232185e-05
11.74166666666664,-0.00047835367445985108
11.749999999999973,5.4684749186425374e-05
11.758333333333306,0.00065719661459272825
11.766666666666639,0.00014943674907624837
11.774999999999972,-0.0014692519745370077
11.783333333333305,-0.0031594333082563997
11.791666666666638,-0.0037429970691612397
11.799999999999971,-0.0032209246654765363
11.808333333333303,-0.001592534894025341
11.816666666666636,0.00010275576246652572
11.824999999999969,0.00068684132262245088
11.833333333333302,0.00016070133395100017
11.841666666666635,-0.0014763489015438382
11.849999999999968,-0.0031849006686545389
11.858333333333301,-0.0037868714013501335
11.866666666666633,-0.0032832702142614606
11.874999999999966,-0.001673443638655101
11.883333333333299,3.1642398787534292e-06
11.891666666666632,0.000568419520262889
11.899999999999965,2.3273435566836782e-05
11.908333333333298,-0.00059122808299902558
11.916666666666631,-9.5357824200901066e-05
11.924999999999963,0.0015115234669291352
11.933333333333296,0.0031899618492190452
11.941666666666629,0.0037618296413285605
11.949999999999962,0.0032280906868635724
11.958333333333295,0.0015880462265730243
11.966666666666628,-0.00011890475594190483
11.974999999999961,-0.00071467375589434612
11.983333333333293,-0.00020025785138115028
11.991666666666626,0.0014250101082261212
11.999999999999959,0.0031217037318759227
12.008333333333292,0.0037117224738640619
12.016666666666625,0.0031960574176857141
12.024999999999958,0.0015740370194597462
12.033333333333291,-0.00011491259935764752
12.041666666666623,-0.00069267593205453275
12.049999999999956,-0.00016022305811472202
12.058333333333289,0.00044138112570636336
12.066666666666622,-6.7609941345836793e-05
12.074999999999955,-0.0016878550519548784
12.083333333333288,-0.003379920368222291
12.091666666666621,-0.0039656992910031032
12.099999999999953,-0.0034461767506264798
12.108333333333286,-0.001820675189152544
12.116666666666619,-0.00012861457373872101
12.124999999999952,0.00045189454398531528
12.133333333333285,-7.8173850232477466e-05
12.141666666666618,-0.00067775117871702163
12.149999999999951,-0.00016708787503956981
12.158333333333283,0.0014544775564072354
12.166666666666616,0.0031475131779692528
12.174999999999949,0.0037339130454687262
12.183333333333282,0.0032146628222453643
12.191666666666615,0.001589085555758633
12.199999999999948,-0.00010339803203280428
12.208333333333281,-0.00068467774786349397
12.216666666666613,-0.00015572893318791428
12.224999999999946,0.00044237825741187133
12.233333333333279,-7.0107980295583272e-05
12.241666666666612,-0.0016938516767254423
12.249999999999945,-0.0033894242418082694
12.258333333333278,-0.0039787243668232605
12.266666666666611,-0.0034627422873693774
12.274999999999944,-0.0018408057586470036
12.283333333333276,-0.00015234002786189687
12.291666666666609,0.00042453899232457789
12.299999999999942,-0.00010920017374018795
12.308333333333275,-0.00071249444408259832
12.316666666666608,-0.00020559983662594695
12.324999999999941,0.001412139524914697
12.333333333333274,0.0031012859587613768
12.341666666666606,0.0036837275418297268
12.349999999999939,0.0031604439446468852
12.358333333333272,0.0015307521935617797
12.366666666666605,-0.00016593296441779534
12.374999999999938,-0.00075150757775265594
12.383333333333271,-0.00022695348143546258
12.391666666666604,0.0014084117011671615
12.399999999999936,0.0031151767172062656
12.408333333333269,0.0037152560946690665
12.416666666666602,0.0032096560417117104
12.424999999999935,0.001597720143272588
12.433333333333268,-8.1110408915745748e-05
12.441666666666601,-0.00064870496211108573
12.449999999999934,-0.00010601832184429556
12.458333333333266,0.00050589993245708602
12.466666666666599,7.318706090624568e-06
12.474999999999932,-0.001602405248865282
12.483333333333265,-0.0032838222837713454
12.491666666666598,-0.0038588095012309117
12.499999999999931,-0.0033283355160585327
