Time,Theta
0.0083333333333333332,0.52394150058774258
0.016666666666666666,0.52457581652611707
0.025000000000000001,0.52500412789675732
0.033333333333333333,0.52522724783747421
0.041666666666666664,0.52524561114085022
0.049999999999999996,0.52505927512873785
0.058333333333333327,0.52466791980535754
0.066666666666666666,0.52407084728934661
0.074999999999999997,0.52326698052394482
0.083333333333333329,0.52225486126334519
0.09166666666666666,0.52103264733209875
0.099999999999999992,0.51959810915333815
0.10833333333333332,0.51794862554049903
0.11666666666666665,0.51608117874617643
0.12499999999999999,0.51399234876075783
0.13333333333333333,0.51167830685255522
0.14166666666666666,0.50913480834031866
0.14999999999999999,0.50635718458827095
0.15833333333333333,0.50334033421319846
0.16666666666666666,0.50007871349265354
0.17499999999999999,0.49656632596304789
0.18333333333333332,0.49279671119632823
0.19166666666666665,0.48876293274411309
0.19999999999999998,0.48445756523863936
0.20833333333333331,0.47987268064070704
0.21666666666666665,0.47499983362606346
0.22499999999999998,0.46983004610342516
0.23333333333333331,0.46435379085967488
0.24166666666666664,0.45856097433079845
0.24999999999999997,0.45244091850096463
0.2583333333333333,0.44598234193692976
0.26666666666666666,0.43917333997083463
0.27500000000000002,0.43200136405162715
0.28333333333333338,0.42445320029400407
0.29166666666666674,0.41651494726416188
0.3000000000000001,0.40817199305403107
0.30833333333333346,0.39940899171037325
0.31666666666666682,0.39020983910246559
0.32500000000000018,0.38150875680703672
0.33333333333333354,0.37437353371475968
0.3416666666666669,0.36784101566368449
0.35000000000000026,0.36081619634319739
0.35833333333333361,0.35328623389131075
0.36666666666666697,0.3452373809404074
0.37500000000000033,0.3366549657390292
0.38333333333333369,0.32752337286150368
0.39166666666666705,0.31880350740747154
0.40000000000000041,0.31159237643613724
0.40833333333333377,0.30490034381364184
0.41666666666666713,0.29760312382799803
0.42500000000000049,0.28968757399557643
0.43333333333333385,0.28113947137546297
0.44166666666666721,0.27194349859544631
0.45000000000000057,0.26308055118614593
0.45833333333333393,0.25566940542993649
0.46666666666666728,0.24870033649319528
0.47500000000000064,0.24102694753014473
0.483333333333334,0.23263569507356932
0.49166666666666736,0.22351182016522861
0.50000000000000067,0.21465107878664721
0.50833333333333397,0.20718816144888585
0.51666666666666727,0.20111470676886142
0.52500000000000058,0.19540665677609484
0.53333333333333388,0.18890248334999263
0.54166666666666718,0.18159099651308222
0.55000000000000049,0.17345966128444221
0.55833333333333379,0.16449459704775771
0.5666666666666671,0.15570615942375385
0.5750000000000004,0.14824436750297296
0.5833333333333337,0.14209998206214625
0.59166666666666701,0.13623577180115429
0.60000000000000031,0.12947594865691675
0.60833333333333361,0.12180929600396384
0.61666666666666692,0.11322315253480821
0.62500000000000022,0.10473761176410251
0.63333333333333353,0.097512545100259002
0.64166666666666683,0.091538306483286883
0.65000000000000013,0.085770086833256473
0.65833333333333344,0.079024114209639479
0.66666666666666674,0.071289611321501328
0.67500000000000004,0.063593117981479971
0.68333333333333335,0.057100683361229865
0.69166666666666665,0.051803150498114368
0.69999999999999996,0.046652784156789619
0.70833333333333326,0.040462906468157311
0.71666666666666656,0.033223962104712644
0.72499999999999987,0.025966010550909961
0.73333333333333317,0.019858257124930171
0.74166666666666647,0.014891694958368092
0.74999999999999978,0.010017283327198694
0.75833333333333308,0.004047186298716224
0.76666666666666639,-0.0030274855492191995
0.77499999999999969,-0.010175468120490964
0.78333333333333299,-0.016226858007203544
0.7916666666666663,-0.021190922813755043
0.7999999999999996,-0.026116767603577017
0.8083333333333329,-0.032191961809226621
0.81666666666666621,-0.039425202018277296
0.82499999999999951,-0.046786124269922999
0.83333333333333282,-0.053106457434792434
0.84166666666666612,-0.058396211556758157
0.84999999999999942,-0.062663830257219222
0.85833333333333273,-0.066955382568366958
0.86666666666666603,-0.072454841962797098
0.87499999999999933,-0.079169695452242644
0.88333333333333264,-0.086071435234378435
0.89166666666666594,-0.091994614306298655
0.89999999999999925,-0.096948930262725275
0.90833333333333255,-0.10094254967734104
0.91666666666666585,-0.10501735224342643
0.92499999999999916,-0.11035238048634037
0.93333333333333246,-0.11592065039716319
0.94166666666666576,-0.12055890554727157
0.94999999999999907,-0.12427493080410328
0.95833333333333237,-0.12810696795151438
0.96666666666666567,-0.13322990062318066
0.97499999999999898,-0.13861975484146211
0.98333333333333228,-0.14311697621462829
0.99166666666666559,-0.14672922927426404
0.99999999999999889,-0.14946270674563966
1.0083333333333322,-0.15234984553981987
1.0166666666666655,-0.15655930209137967
1.0249999999999988,-0.16209612874943347
1.0333333333333321,-0.16794194802457743
1.0416666666666654,-0.17294398602118957
1.0499999999999987,-0.1771109051577146
1.058333333333332,-0.18044995783911819
1.0666666666666653,-0.18296698689197274
1.0749999999999986,-0.18568724972013356
1.0833333333333319,-0.18977124694538419
1.0916666666666652,-0.19420457281309522
1.0999999999999985,-0.19783902746286097
1.1083333333333318,-0.20068101772841726
1.1166666666666651,-0.20273558135758468
1.1249999999999984,-0.20502254459283065
1.1333333333333317,-0.20869646791270011
1.1416666666666651,-0.21274696400817594
1.1499999999999984,-0.21603048246724421
1.1583333333333317,-0.2185528698309345
1.166666666666665,-0.22031864332791667
1.1749999999999983,-0.22234260361481592
1.1833333333333316,-0.22577375564593788
1.1916666666666649,-0.22960587117352704
1.1999999999999982,-0.23270020620055437
1.2083333333333315,-0.23506231434911654
1.2166666666666648,-0.23669645949726362
1.2249999999999981,-0.23760561875043504
1.2333333333333314,-0.23879833283271593
1.2416666666666647,-0.24141707096301623
1.249999999999998,-0.24445904296908996
1.2583333333333313,-0.24678927848058299
1.2666666666666646,-0.24841200317936166
1.2749999999999979,-0.24933018587025874
1.2833333333333312,-0.25054890792709927
1.2916666666666645,-0.2532067019602024
1.2999999999999978,-0.25630432307243423
1.3083333333333311,-0.25871091725853806
1.3166666666666644,-0.26043086385018421
1.3249999999999977,-0.26146731690197866
1.333333333333331,-0.26182220813177587
1.3416666666666643,-0.26249579394409339
1.3499999999999976,-0.26462154885917388
1.358333333333331,-0.26720317539156113
1.3666666666666643,-0.26911304382011753
1.3749999999999976,-0.27035465712663204
1.3833333333333309,-0.27093031986893429
1.3916666666666642,-0.27084114055756986
1.3999999999999975,-0.27108371538283216
1.4083333333333308,-0.27278771118637674
1.4166666666666641,-0.27495899784556987
1.4249999999999974,-0.27647228675120955
1.4333333333333307,-0.27733037490940032
1.441666666666664,-0.27753488052583397
1.4499999999999973,-0.27708624480501631
1.4583333333333306,-0.27598373254261838
1.4666666666666639,-0.27522052700533006
1.4749999999999972,-0.27592321418708077
1.4833333333333305,-0.27709760235628994
1.4916666666666638,-0.27761795009624229
1.4999999999999971,-0.27748526748917496
1.5083333333333304,-0.27669938835433339
1.5166666666666637,-0.2752589702120759
1.524999999999997,-0.2741568675420194
1.5333333333333303,-0.27451955168909647
1.5416666666666636,-0.2753519929491704
1.5499999999999969,-0.27552736068253558
1.5583333333333302,-0.27504604374466751
1.5666666666666635,-0.27390724900134034
1.5749999999999968,-0.27210900065794136
1.5833333333333302,-0.27064459357224785
1.5916666666666635,-0.27064126037139441
1.5999999999999968,-0.27110229032973276
1.6083333333333301,-0.27089879530519179
1.6166666666666634,-0.27003048349779585
1.6249999999999967,-0.26849586861627167
1.63333333333333,-0.26629226855865518
1.6416666666666633,-0.2644141941722658
1.6499999999999966,-0.26399053679502993
1.6583333333333299,-0.2640219620325015
1.6666666666666632,-0.26337643821273282
1.6749999999999965,-0.26205288328957144
1.6833333333333298,-0.26004900082684662
1.6916666666666631,-0.25836163518446148
1.6999999999999964,-0.25812214354924368
1.7083333333333297,-0.25832953208191894
1.716666666666663,-0.25784995080125628
1.7249999999999963,-0.25668261784705093
1.7333333333333296,-0.25482552180341156
1.7416666666666629,-0.25227542007928061
1.7499999999999962,-0.25003066207542368
1.7583333333333295,-0.24922467073527832
1.7666666666666628,-0.24885305864028265
1.7749999999999961,-0.24777792180182948
1.7833333333333294,-0.24599742174457848
1.7916666666666627,-0.24350846509946236
1.799999999999996,-0.24131215657173466
1.8083333333333294,-0.24054494804795468
1.8166666666666627,-0.24019989269415135
1.824999999999996,-0.23913619812710157
1.8333333333333293,-0.23735205425937117
1.8416666666666626,-0.23484437377081166
1.8499999999999959,-0.23261676461882541
1.8583333333333292,-0.23180847914556557
1.8666666666666625,-0.23140999044324376
1.8749999999999958,-0.23027756797204832
1.8833333333333291,-0.22840928847297171
1.8916666666666624,-0.22580192929051229
1.8999999999999957,-0.22245096648809953
1.908333333333329,-0.21936207300139532
1.9166666666666623,-0.21767733193678435
1.9249999999999956,-0.216382268556784
1.9333333333333289,-0.21432729611690007
1.9416666666666622,-0.21150888701371845
1.9499999999999955,-0.20893652575582916
1.9583333333333288,-0.20775618811897034
1.9666666666666621,-0.20695138721453135
1.9749999999999954,-0.20537040593260719
1.9833333333333287,-0.20301056280957822
1.991666666666662,-0.19986781869102102
1.9999999999999953,-0.19695407295327899
2.0083333333333289,-0.19541816285716906
2.0166666666666622,-0.19424008359038145
2.0249999999999955,-0.19226405652380818
2.0333333333333288,-0.18948673359776122
2.0416666666666621,-0.18590338131502163
2.0499999999999954,-0.18252850510637944
2.0583333333333287,-0.18051405437469431
2.066666666666662,-0.17985756687205812
2.0749999999999953,-0.17953649627717069
2.0833333333333286,-0.17839238380221997
2.0916666666666619,-0.1764233441241872
2.0999999999999952,-0.17362607255807885
2.1083333333333285,-0.16999584485781613
2.1166666666666618,-0.16655061108102118
2.1249999999999951,-0.16444611664481121
2.1333333333333284,-0.16367972611112558
2.1416666666666617,-0.16322530050793954
2.149999999999995,-0.16192028489574983
2.1583333333333283,-0.15976253964791018
2.1666666666666616,-0.15674847258017535
2.1749999999999949,-0.1528730394040613
2.1833333333333282,-0.14915724321231083
2.1916666666666615,-0.14676027012380183
2.1999999999999948,-0.14567905022854677
2.2083333333333282,-0.14488356192192928
2.2166666666666615,-0.1432068076723956
2.2249999999999948,-0.14064604758993063
2.2333333333333281,-0.13719705538392774
2.2416666666666614,-0.13388438369966987
2.2499999999999947,-0.1318708836225502
2.258333333333328,-0.1301228992528515
2.2666666666666613,-0.12746923205683178
2.2749999999999946,-0.12390553933894972
2.2833333333333279,-0.12045837370001927
2.2916666666666612,-0.11829279240887287
2.2999999999999945,-0.11740589276843261
2.3083333333333278,-0.11676324402611402
2.3166666666666611,-0.11519287964492934
2.3249999999999944,-0.11269229230840314
2.3333333333333277,-0.10925743977307338
2.341666666666661,-0.10591724259950863
2.3499999999999943,-0.10383925450593311
2.3583333333333276,-0.10198553466671385
2.3666666666666609,-0.099180100108765185
2.3749999999999942,-0.095418451119709716
2.3833333333333275,-0.091730786966644259
2.3916666666666608,-0.089286122547637528
2.3999999999999941,-0.088081064584649635
2.4083333333333274,-0.0870769454448517
2.4166666666666607,-0.085097001724899618
2.424999999999994,-0.082138123110106515
2.4333333333333274,-0.078195623520326371
2.4416666666666607,-0.074301333320875532
2.449999999999994,-0.071626018274057221
2.4583333333333273,-0.070165891441627506
2.4666666666666606,-0.068880123519104094
2.4749999999999939,-0.066589527596735462
2.4833333333333272,-0.063290546822406674
2.4916666666666605,-0.060017386707102847
2.4999999999999938,-0.057943136521381326
2.5083333333333271,-0.057064785177940391
2.5166666666666604,-0.0563412638132244
2.5249999999999937,-0.054593091758337813
2.533333333333327,-0.051817607993191031
2.5416666666666603,-0.048010538295722105
2.5499999999999936,-0.044206407387197957
2.5583333333333269,-0.04157868795932463
2.5666666666666602,-0.040123522623375645
2.5749999999999935,-0.0387979554343795
2.5833333333333268,-0.036420433122618064
2.5916666666666601,-0.032987361954560375
2.5999999999999934,-0.02953465671441094
2.6083333333333267,-0.02723711377300608
2.61666666666666,-0.026091291647930327
2.6249999999999933,-0.025054078148300123
2.6333333333333266,-0.02294372037380343
2.6416666666666599,-0.019757082493419075
2.6499999999999932,-0.016530936074831745
2.6583333333333266,-0.014440866546025154
2.6666666666666599,-0.013483690084268203
2.6749999999999932,-0.012616241667708389
2.6833333333333265,-0.010656686925762084
2.6916666666666598,-0.007602158405194767
2.6999999999999931,-0.0044898748043148435
2.7083333333333264,-0.0024957936661996446
2.7166666666666597,-0.0016168349604438377
2.724999999999993,-0.00080982277199946519
2.7333333333333263,0.0011071000348823507
2.7416666666666596,0.0041367010016254346
2.7499999999999929,0.0072416609026080252
2.7583333333333262,0.0092460123368006894
2.7666666666666595,0.01015288665120594
2.7749999999999928,0.011005453057067011
2.7833333333333261,0.012985551903548465
2.7916666666666594,0.01609600795309905
2.7999999999999927,0.019299733967960076
2.808333333333326,0.021421112964799868
2.8166666666666593,0.02246349128454133
2.8249999999999926,0.023470007669626196
2.8333333333333259,0.02562243004179619
2.8416666666666592,0.027882476409036936
2.8499999999999925,0.029073396531100276
2.8583333333333258,0.029197128627233292
2.8666666666666591,0.029295197898445625
2.8749999999999925,0.030547781973829378
2.8833333333333258,0.032956592713381139
2.8916666666666591,0.035483974379967122
2.8999999999999924,0.03695390162914327
2.9083333333333257,0.037368758694005022
2.916666666666659,0.037770181062043461
2.9249999999999923,0.039338400294594546
2.9333333333333256,0.042075563395347501
2.9416666666666589,0.044944894069642367
2.9499999999999922,0.046771393141507876
2.9583333333333255,0.047558022702412973
2.9666666666666588,0.047306117971037412
2.9749999999999921,0.047055761897561381
2.9833333333333254,0.047985636450904631
2.9916666666666587,0.050096957818840569
2.999999999999992,0.052352483741732285
3.0083333333333253,0.053576806497952295
3.0166666666666586,0.05377195714047224
3.0249999999999919,0.053978304996442648
3.0333333333333252,0.05537472807949001
3.0416666666666585,0.057963088448071062
3.0499999999999918,0.060707338399093994
3.0583333333333251,0.062433440360830261
3.0666666666666584,0.063144235854069669
3.0749999999999917,0.062840955449122382
3.083333333333325,0.062562531708303976
3.0916666666666583,0.063486393428787605
3.0999999999999917,0.065613723586064654
3.108333333333325,0.06790838555848551
3.1166666666666583,0.069196324501336684
3.1249999999999916,0.06947969799066836
3.1333333333333249,0.068759059023337468
3.1416666666666582,0.068072197967061002
3.1499999999999915,0.068595408899461877
3.1583333333333248,0.070329311222842944
3.1666666666666581,0.072237599736129782
3.1749999999999914,0.07314607704395916
3.1833333333333247,0.073056299289913806
3.191666666666658,0.073006667137475195
3.1999999999999913,0.07417395217087569
3.2083333333333246,0.075521389487365267
3.2166666666666579,0.075874302851252975
3.2249999999999912,0.075233358906276901
3.2333333333333245,0.074635888599929978
3.2416666666666578,0.075257656330643838
3.2499999999999911,0.077099410824771342
3.2583333333333244,0.07912560738400401
3.2666666666666577,0.080162945655054552
3.274999999999991,0.080213197246203863
3.2833333333333243,0.079276542244543252
3.2916666666666576,0.078389453002957729
3.2999999999999909,0.078726843270611219
3.3083333333333242,0.080289068983035033
3.3166666666666575,0.082040499776169395
3.3249999999999909,0.082807763384033228
3.3333333333333242,0.082592198550727455
3.3416666666666575,0.081393555613294893
3.3499999999999908,0.080247678880316656
3.3583333333333241,0.080328877028772672
3.3666666666666574,0.081637155463038041
3.3749999999999907,0.083136662143140569
3.383333333333324,0.083653785621754961
3.3916666666666573,0.083189461003387394
3.3999999999999906,0.082780509268229718
3.4083333333333239,0.083602072425416188
3.4166666666666572,0.084617818505584003
3.4249999999999905,0.084653608537112152
3.4333333333333238,0.083709599098589174
3.4416666666666571,0.082821797292022103
3.4499999999999904,0.083164608097874917
3.4583333333333237,0.084738392190759099
3.466666666666657,0.086507984955663503
3.4749999999999903,0.087300565359486326
3.4833333333333236,0.087117517230034108
3.4916666666666569,0.08595864201181197
3.4999999999999902,0.084859366608419751
3.5083333333333235,0.084993529889128144
3.5166666666666568,0.086361208444449028
3.5249999999999901,0.087927120650762539
3.5333333333333234,0.088518323334770804
3.5416666666666567,0.088135874637852579
3.5499999999999901,0.086779251865012938
3.5583333333333234,0.085483479055858957
3.5666666666666567,0.085422018952785284
3.57499999999999,0.086594682959307986
3.5833333333333233,0.087965942754756041
3.5916666666666566,0.088362578309840442
3.5999999999999899,0.087785331873953321
3.6083333333333232,0.086233364658107603
3.6166666666666565,0.084741450219372155
3.6249999999999898,0.084482841000727352
3.6333333333333231,0.08545708088584611
3.6416666666666564,0.086628244559865772
3.6499999999999897,0.086822659116007936
3.658333333333323,0.086040738279962378
3.6666666666666563,0.08428131278203381
3.6749999999999896,0.082579037217573328
3.6833333333333229,0.082107099569113731
3.6916666666666562,0.082864752438631006
3.6999999999999895,0.083815498697459093
3.7083333333333228,0.083785010524424053
3.7166666666666561,0.082773337299124894
3.7249999999999894,0.080778941646060434
3.7333333333333227,0.078836471777238973
3.741666666666656,0.07811917848493645
3.7499999999999893,0.078625975657018038
3.7583333333333226,0.079319590773422544
3.7666666666666559,0.079024808711170069
3.7749999999999893,0.07774125340265825
3.7833333333333226,0.076505000931850906
3.7916666666666559,0.076490639114575376
3.7999999999999892,0.076659957959863995
3.8083333333333225,0.075836688966907956
3.8166666666666558,0.07401960758153879
3.8249999999999891,0.072244305185484581
3.8333333333333224,0.071684997726846764
3.8416666666666557,0.072340808616207494
3.849999999999989,0.073174086098487912
3.8583333333333223,0.073009160945992607
3.8666666666666556,0.071845868238248442
3.8749999999999889,0.069682442852292983
3.8833333333333222,0.067554327032540787
3.8916666666666555,0.066635666284805176
3.8999999999999888,0.066925080784992555
3.9083333333333221,0.067383932039727201
3.9166666666666554,0.066835433531085148
3.9249999999999887,0.065278809961668904
3.933333333333322,0.063750834221215483
3.9416666666666553,0.063426923764386911
3.9499999999999886,0.064306521813356693
3.9583333333333219,0.065351614276964579
3.9666666666666552,0.065386082240121074
3.9749999999999885,0.064410080852953633
3.9833333333333218,0.062422155644361953
3.9916666666666551,0.060458635757380634
3.9999999999999885,0.059694567181335201
4.0083333333333222,0.060128775220083107
4.0166666666666559,0.060722289533397096
4.0249999999999897,0.060297921321619249
4.0333333333333234,0.058855097696164309
4.0416666666666572,0.057431275553233276
4.0499999999999909,0.057202578168209534
4.0583333333333247,0.057128874222246898
4.0666666666666584,0.056031699016056029
4.0749999999999922,0.053909418155291752
4.0833333333333259,0.051798784662738677
4.0916666666666597,0.050875317470380425
4.0999999999999934,0.051137605063986159
4.1083333333333272,0.051545807824818331
4.1166666666666609,0.05092174176096826
4.1249999999999947,0.049264525728808344
4.1333333333333284,0.047611943194487513
4.1416666666666622,0.047140508299749105
4.1499999999999959,0.04784944571406894
4.1583333333333297,0.048699356808495464
4.1666666666666634,0.048512507787157412
4.1749999999999972,0.047288706640462683
4.1833333333333309,0.045026134137073424
4.1916666666666647,0.042761891992703409
4.1999999999999984,0.041671880940584195
4.2083333333333321,0.041754437255339019
4.2166666666666659,0.041968916995174507
4.2249999999999996,0.041136221612964652
4.2333333333333334,0.039255153584193424
4.2416666666666671,0.037363719406824245
4.2500000000000009,0.036638697747443834
4.2583333333333346,0.037078940428682636
4.2666666666666684,0.037644092937858635
4.2750000000000021,0.037155333608901546
4.2833333333333359,0.035612004799518301
4.2916666666666696,0.034052809692134631
4.3000000000000034,0.033655201283646595
4.3083333333333371,0.03441850037774085
4.3166666666666709,0.035302705709744503
4.3250000000000046,0.035129348714104773
4.3333333333333384,0.033898262741173669
4.3416666666666721,0.031607641536902965
4.3500000000000059,0.029295214796983837
4.3583333333333396,0.028137514109507159
4.3666666666666734,0.028132753296428642
4.3750000000000071,0.028239563445072492
4.3833333333333409,0.027278009791451285
4.3916666666666746,0.025246713800028017
4.4000000000000083,0.023184041773103285
4.4083333333333421,0.022267137727696739
4.4166666666666758,0.022494556277340958
4.4250000000000096,0.022825090578941016
4.4333333333333433,0.022078944950306073
4.4416666666666771,0.020255078830405292
4.4500000000000108,0.01839232636440926
4.4583333333333446,0.017668280229426438
4.4666666666666783,0.018081771601872083
4.4750000000000121,0.018591756914418497
4.4833333333333458,0.018018585867615802
4.4916666666666796,0.016361486775435304
4.5000000000000133,0.014659643159677313
4.5083333333333471,0.014090981976995265
4.5166666666666808,0.0146545595274384
4.5250000000000146,0.015309485495211446
4.5333333333333483,0.014876249012118817
4.5416666666666821,0.013354294251927809
4.5500000000000158,0.011783070283836421
4.5583333333333496,0.01134075785334681
4.5666666666666833,0.012026597795806867
4.5750000000000171,0.01279983876230978
4.5833333333333508,0.012481098324348683
4.5916666666666845,0.011069996177379374
4.6000000000000183,0.0096061873660621411
4.608333333333352,0.0092680495889594094
4.6166666666666858,0.010054976797640353
4.6250000000000195,0.010926342009363051
4.6333333333333533,0.010702879344079624
4.641666666666687,0.0093843538258122222
4.6500000000000208,0.0080105842403861201
4.6583333333333545,0.0077601052624243147
4.6666666666666883,0.0086324403230964193
4.675000000000022,0.0095870740713855634
4.6833333333333558,0.009444846730369728
4.6916666666666895,0.0082056467464452585
4.7000000000000233,0.0058677040999434455
4.708333333333357,0.0034693384709025784
4.7166666666666908,0.002187587174312714
4.7250000000000245,0.0020204315017578554
4.7333333333333583,0.002967517395330094
4.741666666666692,0.0039884047377581272
4.7500000000000258,0.0039039838153039994
4.7583333333333595,0.0027142315095729504
4.7666666666666933,0.0004174628997050011
4.775000000000027,-0.0019479059416125427
4.7833333333333607,-0.0032047742436812228
4.7916666666666945,-0.0033551339294249204
4.8000000000000282,-0.002399314988102196
4.808333333333362,-0.0013777417036914211
4.8166666666666957,-0.0014695280967997142
4.8250000000000295,-0.0026747073834724245
4.8333333333333632,-0.0039532251279112722
4.841666666666697,-0.00412635741271466
4.8500000000000307,-0.0031944686364807468
4.8583333333333645,-0.0021980156006847626
4.8666666666666982,-0.0023161472564093661
4.875000000000032,-0.0035489360516261746
4.8833333333333657,-0.0048563712597497226
4.8916666666666995,-0.0050597770201403196
4.9000000000000332,-0.0041595635312053087
4.908333333333367,-0.0031962300155938131
4.9166666666667007,-0.0033489705021301887
4.9250000000000345,-0.0046179088943558849
4.9333333333333682,-0.0059630927082187169
4.941666666666702,-0.0062059099735923126
4.9500000000000357,-0.0053468306170396445
4.9583333333333695,-0.0044264078073220272
4.9666666666667032,-0.004623892374411416
4.9750000000000369,-0.0059394746043299846
4.9833333333333707,-0.0073332787862306755
4.9916666666667044,-0.0076267772149898674
5.0000000000000382,-0.0068205168005038988
5.0083333333333719,-0.0059551180258779731
5.0166666666667057,-0.0062099019428617308
5.0250000000000394,-0.0075851436104876404
5.0333333333333732,-0.0090410681245207715
5.0416666666667069,-0.0093992587055073875
5.0500000000000407,-0.0086603608180285934
5.0583333333333744,-0.0078650775564217592
5.0666666666667082,-0.0081928152225700657
5.0750000000000419,-0.0096439564215898502
5.0833333333333757,-0.011178858690036313
5.0916666666667094,-0.011619251584174836
5.1000000000000432,-0.010965906265597614
5.1083333333333769,-0.010259625478159262
5.1166666666667107,-0.010679916925421591
5.1250000000000444,-0.012227299023827708
5.1333333333333782,-0.013862303963682715
5.1416666666667119,-0.014406855333143115
5.1500000000000457,-0.013861884310142897
5.1583333333333794,-0.013268311373886552
5.1666666666667131,-0.013805761712597737
5.1750000000000469,-0.015474924643182323
5.1833333333333806,-0.017236564095956045
5.1916666666667144,-0.017912862827551335
5.2000000000000481,-0.017504955600173032
5.2083333333333819,-0.017053898167065335
5.2166666666667156,-0.017739446796532686
5.2250000000000494,-0.019562505198033542
5.2333333333333831,-0.021484147280922145
5.2416666666667169,-0.02232690515652893
5.2500000000000506,-0.022092172678715202
5.2583333333333844,-0.02182115471574143
5.2666666666667181,-0.022693745220750971
5.2750000000000519,-0.023669693418360029
5.2833333333333856,-0.023570191050032083
5.2916666666667194,-0.022395188396694691
5.3000000000000531,-0.021184448556767977
5.3083333333333869,-0.021116466971245619
5.3166666666667206,-0.022191039288414743
5.3250000000000544,-0.02336819884879918
5.3333333333333881,-0.023469427018054798
5.3416666666667219,-0.022494982050322535
5.3500000000000556,-0.02148492999156322
5.3583333333333893,-0.021618059888391751
5.3666666666667231,-0.022894461882793274
5.3750000000000568,-0.02427448588626567
5.3833333333333906,-0.024579944748422587
5.3916666666667243,-0.023811410417300848
5.4000000000000581,-0.023009223958895913
5.4083333333333918,-0.0233524390479307
5.4166666666667256,-0.024841452480990733
5.4250000000000593,-0.02643698269046079
5.4333333333333931,-0.026961238186999973
5.4416666666667268,-0.026415128500617155
5.4500000000000606,-0.025839251296089737
5.4583333333333943,-0.0264129022751417
5.4666666666667281,-0.028136812201002701
5.4750000000000618,-0.029972148379543189
5.4833333333333956,-0.030741612248430687
5.4916666666667293,-0.030446494560457706
5.5000000000000631,-0.02908644202425234
5.5083333333333968,-0.027700711805027738
5.5166666666667306,-0.027467303357168956
5.5250000000000643,-0.02838577229867956
5.5333333333333981,-0.029416112290725254
5.5416666666667318,-0.029379806839577312
5.5500000000000655,-0.028276902564896594
5.5583333333333993,-0.027147080432082041
5.566666666666733,-0.027168748841692261
5.5750000000000668,-0.028341834394990478
5.5833333333334005,-0.029626702801290296
5.5916666666667343,-0.02984522405060315
5.600000000000068,-0.028997838015433174
5.6083333333334018,-0.028124590530285452
5.6166666666667355,-0.028404238899317823
5.6250000000000693,-0.02983708456521908
5.633333333333403,-0.031383926585402178
5.6416666666667368,-0.031867097715084669
5.6500000000000705,-0.031287447481159768
5.6583333333334043,-0.029644182191966413
5.666666666666738,-0.027976103680593136
5.6750000000000718,-0.027460773270610205
5.6833333333334055,-0.028097336720371978
5.6916666666667393,-0.028845364187532821
5.700000000000073,-0.028525896964072261
5.7083333333334068,-0.027138545149312052
5.7166666666667405,-0.025722595014582857
5.7250000000000743,-0.025456077055549666
5.733333333333408,-0.026338497919746386
5.7416666666667417,-0.027329730045132967
5.7500000000000755,-0.027251116883535941
5.7583333333334092,-0.026102640140284367
5.766666666666743,-0.024923987139148708
5.7750000000000767,-0.024893576364353631
5.7833333333334105,-0.026011258584295864
5.7916666666667442,-0.027237241614724204
5.800000000000078,-0.027393214231516135
5.8083333333334117,-0.026479519355086266
5.8166666666667455,-0.025536190553655285
5.8250000000000792,-0.025741979523441656
5.833333333333413,-0.027097081318104527
5.8416666666667467,-0.028562087357063014
5.8500000000000805,-0.028959092444497136
5.8583333333334142,-0.028288811392723663
5.866666666666748,-0.026550313455483612
5.8750000000000817,-0.024782368198146273
5.8833333333334155,-0.024162508751676796
5.8916666666667492,-0.024689725693909603
5.900000000000083,-0.025323317702799306
5.9083333333334167,-0.024884023469083808
5.9166666666667505,-0.023371270852872775
5.9250000000000842,-0.021824278490505819
5.9333333333334179,-0.021421014073506699
5.9416666666667517,-0.022160782445336751
5.9500000000000854,-0.023003122502433679
5.9583333333334192,-0.022769005710196771
5.9666666666667529,-0.021458176093545566
5.9750000000000867,-0.020110216420314537
5.9833333333334204,-0.019903447433588569
5.9916666666667542,-0.020837461139075714
6.0000000000000879,-0.021872048398076556
6.0083333333334217,-0.021828431829908724
6.0166666666667554,-0.020706647674004784
6.0250000000000892,-0.019546587391867612
6.0333333333334229,-0.019526871607209517
6.0416666666667567,-0.020647366661689478
6.0500000000000904,-0.021868133972910778
6.0583333333334242,-0.022010673240697731
6.0666666666667579,-0.021075305856323071
6.0750000000000917,-0.020102197275475856
6.0833333333334254,-0.020270234139869135
6.0916666666667592,-0.02157955811104359
6.1000000000000929,-0.022990532816835187
6.1083333333334267,-0.023324975594616049
6.1166666666667604,-0.02258350233377238
6.1250000000000941,-0.020765079053430783
6.1333333333334279,-0.018908534217133458
6.1416666666667616,-0.018191455623915189
6.1500000000000954,-0.018612685274624945
6.1583333333334291,-0.019131203081285662
6.1666666666667629,-0.018567385539729586
6.1750000000000966,-0.016920474753508951
6.1833333333334304,-0.015229657203246399
6.1916666666667641,-0.014672863757127553
6.2000000000000979,-0.015249168721380478
6.2083333333334316,-0.015917711502709337
6.2166666666667654,-0.015499014580094029
6.2250000000000991,-0.013992543831564614
6.2333333333334329,-0.012437759960430703
6.2416666666667666,-0.012012856534265304
6.2500000000001004,-0.012717100581827392
6.2583333333334341,-0.013509778374607517
6.2666666666667679,-0.013211549204393899
6.2750000000001016,-0.011822063540490459
6.2833333333334354,-0.010380997374701599
6.2916666666667691,-0.010066750862278581
6.3000000000001029,-0.010878753762412069
6.3083333333334366,-0.011776426607218237
6.3166666666667703,-0.011580555815316994
6.3250000000001041,-0.010290947917738194
6.3333333333334378,-0.0089474531399919982
6.3416666666667716,-0.0087286395104395047
6.3500000000001053,-0.0096340778105849373
6.3583333333334391,-0.010623312635380399
6.3666666666667728,-0.010517249893902949
6.3750000000001066,-0.0093158325350788367
6.3833333333334403,-0.0080590571845479946
6.3916666666667741,-0.0079256338615467502
6.4000000000001078,-0.0089152599590930446
6.4083333333334416,-0.0099875977716884241
6.4166666666667753,-0.0099636687130005928
6.4250000000001091,-0.0088435401909311134
6.4333333333334428,-0.0076673375017146453
6.4416666666667766,-0.007613896552077744
6.4500000000001103,-0.0086830335593703345
6.4583333333334441,-0.0098345269819126186
6.4666666666667778,-0.009889514573023667
6.4750000000001116,-0.0088481832003684032
6.4833333333334453,-0.0077507771094376685
6.4916666666667791,-0.0077762497018287295
6.5000000000001128,-0.0089245344845915349
6.5083333333334465,-0.010155530280295715
6.5166666666667803,-0.010290497948491781
6.525000000000114,-0.0093297454731972491
6.5333333333334478,-0.0083136328999658254
6.5416666666667815,-0.0084212289872148891
6.5500000000001153,-0.0096525891737541825
6.558333333333449,-0.010967743675954107
6.5666666666667828,-0.011188090504177897
6.5750000000001165,-0.010314067165890707
6.5833333333334503,-0.0093861518766000674
6.591666666666784,-0.0095835317255047042
6.6000000000001178,-0.010906395119569376
6.6083333333334515,-0.012314923055069153
6.6166666666667853,-0.012630673886961792
6.625000000000119,-0.011854230303702782
6.6333333333334528,-0.011026195659108156
6.6416666666667865,-0.011325882343057534
6.6500000000001203,-0.011711955160656583
6.658333333333454,-0.011004435259476357
6.6666666666667878,-0.009202353649606209
6.6750000000001215,-0.0073448006954195729
6.6833333333334553,-0.0066095915346713746
6.691666666666789,-0.0069955283395308826
6.7000000000001227,-0.0074613554677413251
6.7083333333334565,-0.0068271579575244698
6.7166666666667902,-0.0050920822486807578
6.725000000000124,-0.0032953637863034754
6.7333333333334577,-0.0026149445693814093
6.7416666666667915,-0.0030497040968325288
6.7500000000001252,-0.0035584358632913494
6.758333333333459,-0.002961260994413717
6.7666666666667927,-0.0012573855586519756
6.7750000000001265,0.00051388623878496692
6.7833333333334602,0.001174562087421806
6.791666666666794,0.0007257367703155217
6.8000000000001277,0.00020860011766618653
6.8083333333334615,0.00080302504876007992
6.8166666666667952,0.0025097977301771599
6.825000000000129,0.0042896147859109689
6.8333333333334627,0.0049645049504647033
6.8416666666667965,0.0045355881196064846
6.8500000000001302,0.0030023222888847503
6.858333333333464,0.0014042607104790643
6.8666666666667977,0.00091965214403547221
6.8750000000001315,0.0015476672550090297
6.8833333333334652,0.0032891417745568871
6.8916666666667989,0.0051048257703077528
6.9000000000001327,0.0058168061192826357
6.9083333333334664,0.0054262594288707368
6.9166666666668002,0.003932700910957463
6.9250000000001339,0.0023757381527844501
6.9333333333334677,0.001933677927434134
6.9416666666668014,0.0026057552183816612
6.9500000000001352,0.0033511172557419383
6.9583333333334689,0.0029902387557641749
6.9666666666668027,0.0015226811152082745
6.9750000000001364,-1.1897252589374043e-05
6.9833333333334702,-0.00043514935800767631
6.9916666666668039,0.00025218642132479818
7.0000000000001377,0.0010092772843974976
7.0083333333334714,0.00065660999147190604
7.0166666666668052,-0.00080624034091498489
7.0250000000001389,-0.002339603828843352
7.0333333333334727,-0.0027651329749232012
7.0416666666668064,-0.0020835710139557955
7.0500000000001402,-0.0013357554249563324
7.0583333333334739,-0.0017012111185305964
7.0666666666668077,-0.0031803807248389506
7.0750000000001414,-0.0047336212762413982
7.0833333333334751,-0.0051826243913549687
7.0916666666668089,-0.0045281701374252489
7.1000000000001426,-0.0027693767823607517
7.1083333333334764,-0.00094545953451150868
7.1166666666668101,-0.00023432948600610686
7.1250000000001439,-0.00063481773195978692
7.1333333333334776,-0.0011056615204879045
7.1416666666668114,-0.00046691857074337512
7.1500000000001451,0.0012822649935517751
7.1583333333334789,0.0031026486058140785
7.1666666666668126,0.0038163170452253539
7.1750000000001464,0.0034244473416243687
7.1833333333334801,0.0019265540086757611
7.1916666666668139,0.00036224840980426698
7.2000000000001476,-9.0167571460394338e-05
7.2083333333334814,0.00056852422103063514
7.2166666666668151,0.0012974480275719943
7.2250000000001489,0.00091704864353399341
7.2333333333334826,-0.00057314057917543784
7.2416666666668164,-0.002133490907366668
7.2500000000001501,-0.0025856948769853567
7.2583333333334838,-0.001930535667284362
7.2666666666668176,-0.00016713322569249432
7.2750000000001513,0.0016652947783998698
7.2833333333334851,0.0023888481172629913
7.2916666666668188,0.0020047171358413777
7.3000000000001526,0.00051242889363516738
7.3083333333334863,-0.0010483925848181763
7.3166666666668201,-0.0014994393063957488
7.3250000000001538,-0.00084149199658328886
7.3333333333334876,0.000926332429360072
7.3416666666668213,0.0027648215068189087
7.3500000000001551,0.0034960861712978728
7.3583333333334888,0.0031213295493512207
7.3666666666668226,0.0016400920878042781
7.3750000000001563,9.2011241267623336e-05
7.3833333333334901,-0.00034458637793577119
7.3916666666668238,0.00032954091502568458
7.4000000000001576,0.0010735404981303863
7.4083333333334913,0.00070787955266718363
7.4166666666668251,-0.00076788632728475806
7.4250000000001588,-0.0023141066490992121
7.4333333333334926,-0.0027524531333791577
7.4416666666668263,-0.0020836882573376644
7.45000000000016,-0.00030691136103802927
7.4583333333334938,0.0015386802586613148
7.4666666666668275,0.0022752059841559501
7.4750000000001613,0.0019038755027419752
7.483333333333495,0.00042423516481061645
7.4916666666668288,-0.0011240718341011125
7.5000000000001625,-0.0015627187651631072
7.5083333333334963,-0.00089246779573449076
7.51666666666683,-0.00015417626207624066
7.5250000000001638,-0.00052738545876306357
7.5333333333334975,-0.0020125503480744214
7.5416666666668313,-0.0035700348694158567
7.550000000000165,-0.0040215314602075935
7.5583333333334988,-0.0033678231814887271
7.5666666666668325,-0.0016080306458284908
7.5750000000001663,0.00021862721059371932
7.5833333333335,0.00093424137154848701
7.5916666666668338,0.00053998870915817026
7.6000000000001675,-0.00096461796522194011
7.6083333333335013,-0.0025399713413707344
7.616666666666835,-0.0030077873364135906
7.6250000000001688,-0.0023688728608392282
7.6333333333335025,-0.00062237181688217695
7.6416666666668362,0.0011924737762985084
7.65000000000017,0.0018977369536656824
7.6583333333335037,0.0014945800940009339
7.6666666666668375,-1.7497983885020763e-05
7.6750000000001712,-0.0015989020132839678
7.683333333333505,-0.0020713552828043381
7.6916666666668387,-0.0014356710215959086
7.7000000000001725,0.00030900105424119763
7.7083333333335062,0.0021234143585895267
7.71666666666684,0.0028296423127424863
7.7250000000001737,0.0024288497256330435
7.7333333333335075,0.00092053834658924671
7.7416666666668412,-0.00065569283251431664
7.750000000000175,-0.0011215588949369242
7.7583333333335087,-0.00047786253521987793
7.7666666666668425,0.0012762575653160377
7.7750000000001762,0.0031015682446686667
7.78333333333351,0.0038201616633665248
7.7916666666668437,0.0034332222573053533
7.8000000000001775,0.001940271951651954
7.8083333333335112,0.00038092948631998158
7.816666666666845,-6.6495838987952753e-05
7.8250000000001787,0.00059722162201453666
7.8333333333335124,0.0013312136492238521
7.8416666666668462,0.00095593267456567258
7.8500000000001799,-0.00052908029417690541
7.8583333333335137,-0.0020841887923646256
7.8666666666668474,-0.0025310774049855031
7.8750000000001812,-0.0018705212941726725
7.8833333333335149,-0.00010163236260207932
7.8916666666668487,0.0017363798297364765
7.9000000000001824,0.0024656235111482757
7.9083333333335162,0.0020872976498029668
7.9166666666668499,0.00060093797371213811
7.9250000000001837,-0.00095382278225853714
7.9333333333335174,-0.001398667506430421
7.9416666666668512,-0.00073436755626209345
7.9500000000001849,-1.7894454080429367e-06
7.9583333333335187,-0.00038048316331300573
7.9666666666668524,-0.0018709119819271228
7.9750000000001862,-0.0034334475948847583
7.9833333333335199,-0.0038897894844499977
7.9916666666668537,-0.0032407279106508096
8.0000000000001865,-0.0014853906108305119
8.0083333333335194,0.00033699632897063317
8.0166666666668522,0.0010485173856346582
8.0250000000001851,0.0006503434198065019
8.033333333333518,-0.00085801871164680485
8.0416666666668508,-0.0024369673690537315
8.0500000000001837,-0.0029082236118950712
8.0583333333335165,-0.002272599450061274
8.0666666666668494,-0.00052924383035481094
8.0750000000001823,0.0012825962735003764
8.0833333333335151,0.0019849894357951738
8.091666666666848,0.0015790938219370631
8.1000000000001808,6.4404081979154614e-05
8.1083333333335137,-0.0015194885625013181
8.1166666666668466,-0.0019943110457577994
8.1250000000001794,-0.0013608800989008487
8.1333333333335123,0.00038165110162139977
8.1416666666668451,0.0021940326602648296
8.150000000000178,0.0028983350806738441
8.1583333333335109,0.0024957203528822346
8.1666666666668437,0.00098568744327770367
8.1750000000001766,-0.00059216741677412454
8.1833333333335094,-0.0010595617609505999
8.1916666666668423,-0.00041730053256559455
8.2000000000001751,0.0013354753711409006
8.208333333333508,0.0031595307639086479
8.2166666666668409,0.0038769561095553782
8.2250000000001737,0.0034889341490971929
8.2333333333335066,0.0019949851433230703
8.2416666666668394,0.00043472611594023818
8.2500000000001723,-1.3535099289265833e-05
8.2583333333335052,0.00064942592691066392
8.266666666666838,0.0013827398530142125
8.2750000000001709,0.0010068581565527402
8.2833333333335037,-0.00047867908791818779
8.2916666666668366,-0.0020342362445919257
8.3000000000001695,-0.0024814984810381546
8.3083333333335023,-0.0018212414880462988
8.3166666666668352,-5.257767017628916e-05
8.325000000000168,0.0017852829822944361
8.3333333333335009,0.0025144485313492938
8.3416666666668338,0.0021361178811202795
8.3500000000001666,0.00064982672176960117
8.3583333333334995,-0.00090479221884543089
8.3666666666668323,-0.0013494216062387302
8.3750000000001652,-0.00068483244287999658
8.3833333333334981,4.810912087540035e-05
8.3916666666668309,-0.00033014639337007373
8.4000000000001638,-0.0018200616325997766
8.4083333333334966,-0.0033820074784795548
8.4166666666668295,-0.0038376823388283168
8.4250000000001624,-0.003187875436187993
8.4333333333334952,-0.0014317134419055721
8.4416666666668281,0.00039157860468277565
8.4500000000001609,0.0011040864989277598
8.4583333333334938,0.00070698263975060252
8.4666666666668267,-0.00080022454796879403
8.4750000000001595,-0.0023779317185996084
8.4833333333334924,-0.0028478579356830585
8.4916666666668252,-0.0022108131698767037
8.5000000000001581,-0.00046594429641173693
8.508333333333491,0.001347503832945085
8.5166666666668238,0.0020516022447456981
8.5250000000001567,0.0016475117325929927
8.5333333333334895,0.00013472961129737653
8.5416666666668224,-0.0014471501482503852
8.5500000000001553,-0.0019198513913319395
8.5583333333334881,-0.0012841876142627151
8.566666666666821,0.0004606912804103295
8.5750000000001538,0.0022755388229074437
8.5833333333334867,0.0029824293709835898
8.5916666666668196,0.0025825288895072675
8.6000000000001524,0.001075340366928573
8.6083333333334853,-0.00049953594191778179
8.6166666666668181,-0.00096381313500520168
8.625000000000151,-0.00031829141716053453
8.6333333333334838,0.0014378931020525136
8.6416666666668167,0.0032655103437939535
8.6500000000001496,0.003986656460175801
8.6583333333334824,0.0036025199024123061
8.6666666666668153,0.0021126267045954031
8.6750000000001481,0.0005565995124486012
8.683333333333481,0.00011275228893665678
8.6916666666668139,0.00078031615608331953
8.7000000000001467,0.0015184287180460786
8.7083333333334796,0.0011475488272518059
8.7166666666668124,-0.00033277602270561811
8.7250000000001453,-0.0018829025148281672
8.7333333333334782,-0.0023245074230184258
8.741666666666811,-0.0016583578428184763
8.7500000000001439,0.00011644249869740081
8.7583333333334767,0.0019606925275242088
8.7666666666668096,0.0026965101319199485
8.7750000000001425,0.0023251044002667747
8.7833333333334753,0.00084602130995557387
8.7916666666668082,-0.00070109605663411191
8.800000000000141,-0.0011379191077994263
8.8083333333334739,-0.00046520700382450216
8.8166666666668068,0.00027618601542040593
8.8250000000001396,-9.3276965219873909e-05
8.8333333333334725,-0.0015740455624852984
8.8416666666668053,-0.0031264767873187727
8.8500000000001382,-0.0035722538961712796
8.8583333333334711,-0.0029121510580240304
8.8666666666668039,-0.0011452797480229955
8.8750000000001368,0.00068915011753012791
8.8833333333334696,0.0014132409000759433
8.8916666666668025,0.0010281826936900489
8.9000000000001354,-0.00046649821129512563
8.9083333333334682,-0.0020311799088237634
8.9166666666668011,-0.002487561241122903
8.9250000000001339,-0.0018364315947121009
8.9333333333334668,-7.6917070214376301e-05
8.9416666666667997,0.0017517586518071078
8.9500000000001325,0.0024716898187348833
8.9583333333334654,0.0020840614288072322
8.9666666666667982,0.00058839523677437422
8.9750000000001311,-0.00097568996926753338
8.983333333333464,-0.0014298910677409151
8.9916666666667968,-0.00077499346912667704
9.0000000000001297,0.00098988126398374195
9.0083333333334625,0.002825516204647069
9.0166666666667954,0.0035540181744213549
9.0250000000001283,0.0031765862120800665
9.0333333333334611,0.0016927567063971252
9.041666666666794,0.0001421630301589588
9.0500000000001268,-0.00029687203797266305
9.0583333333334597,0.00037488956592344775
9.0666666666667926,0.0011165916677350616
9.0750000000001254,0.00074869804006767932
9.0833333333334583,-0.00072923909735672556
9.0916666666667911,-0.0022775725291481145
9.100000000000124,-0.0027179770654959337
9.1083333333334568,-0.0020512182524420387
9.1166666666667897,-0.00027639847951576842
9.1250000000001226,0.0015672819518953347
9.1333333333334554,0.0023019395853728867
9.1416666666667883,0.0019287813345168216
9.1500000000001211,0.00044735078893906263
9.158333333333454,-0.0011027115899789946
9.1666666666667869,-0.0015430816959242286
9.1750000000001197,-0.00087452426842975987
9.1833333333334526,-0.00013789921501812353
9.1916666666667854,-0.00051275034472267366
9.2000000000001183,-0.0019995350889615709
9.2083333333334512,-0.0035586198012584262
9.216666666666784,-0.0040116992720956035
9.2250000000001169,-0.0033595589363982917
9.2333333333334497,-0.0016013217746888972
9.2416666666667826,0.00022379091379957661
9.2500000000001155,0.00093786779001433054
9.2583333333334483,0.00054208342639384445
9.2666666666667812,-0.00096405166452884434
9.275000000000114,-0.0025409324650836128
9.2833333333334469,-0.0030102771844110312
9.2916666666667798,-0.0023728950311759311
9.3000000000001126,-0.0006279322067474694
9.3083333333334455,0.0011853669736038982
9.3166666666667783,0.0018890732224462439
9.3250000000001112,0.0014843465740723932
9.3333333333334441,-2.9316502784722942e-05
9.3416666666667769,-0.001612323103011517
9.3500000000001098,-0.002086398933646645
9.3583333333334426,-0.0014523596693516406
9.3666666666667755,0.00029064252063033206
9.3750000000001084,0.0021033585693557518
9.3833333333334412,0.0028078593182418129
9.3916666666667741,0.0024053069600466588
9.4000000000001069,0.00089520061504592908
9.4083333333334398,-0.00068286335431782294
9.4166666666667727,-0.0011506027756675273
9.4250000000001055,-0.00050882317219671418
9.4333333333334384,0.0012433339314082887
9.4416666666667712,0.0030666324356213954
9.4500000000001041,0.0037831613760358016
9.458333333333437,0.0033941020462814699
9.4666666666667698,0.0018989732074799885
9.4750000000001027,0.00033739048489885021
9.4833333333334355,-0.00011234011261790466
9.4916666666667684,0.00054900357835605787
9.5000000000001013,0.0012805497705182967
9.5083333333334341,0.00090274717173930352
9.516666666666767,-0.00058486696063457121
9.5250000000000998,-0.0021426600213259573
9.5333333333334327,-0.0025923207299439225
9.5416666666667656,-0.0019346284511422588
9.5500000000000984,-0.00016869932214081505
9.5583333333334313,0.0016662527843313703
9.5666666666667641,0.0023923314265188503
9.575000000000097,0.0020107307428843808
9.5833333333334298,0.00052098159010437487
9.5916666666667627,-0.0010372882129520997
9.6000000000000956,-0.001485766842280688
9.6083333333334284,-0.00082523116248955442
9.6166666666667613,0.00094520577840122126
9.6250000000000941,0.0027863354232406713
9.633333333333427,0.0035202727232864876
9.6416666666667599,0.0031482248469541225
9.6500000000000927,0.0016697362981484643
9.6583333333334256,0.00012444855796505441
9.6666666666667584,-0.00030930761158855257
9.6750000000000913,0.00036771375363386287
9.6833333333334242,0.0011146643665453121
9.691666666666757,0.00075201586676637284
9.7000000000000899,-0.00072067165918838604
9.7083333333334227,-0.002263743125800717
9.7166666666667556,-0.002698865425711322
9.7250000000000885,-0.00202679615985992
9.7333333333334213,-0.00024662976433547165
9.7416666666667542,0.0016024414243066768
9.750000000000087,0.0023425420682517809
9.7583333333334199,0.0019748872935394348
9.7666666666667528,0.0004990289280922839
9.7750000000000856,-0.0010453843063375665
9.7833333333334185,-0.0014800198075717507
9.7916666666667513,-0.00080563367319940989
9.8000000000000842,-6.3077173424284515e-05
9.8083333333334171,-0.00043188528567810841
9.8166666666667499,-0.0019125064370733513
9.8250000000000828,-0.0034652976589021958
9.8333333333334156,-0.0039119439507319031
9.8416666666667485,-0.0032532210085278721
9.8500000000000814,-0.0014882420208817302
9.8583333333334142,0.00034378142669999661
9.8666666666667471,0.0010649482620696065
9.8750000000000799,0.0006764438191912593
9.8833333333334128,-0.00082221055662600763
9.8916666666667457,-0.0023913986799625926
9.9000000000000785,-0.002852826873871389
9.9083333333334114,-0.0022072923485773619
9.9166666666667442,-0.00045392922384254611
9.9250000000000771,0.0013680303763353874
9.93333333333341,0.0020806702568228084
9.9416666666667428,0.0016851640562615333
9.9500000000000757,0.00018102195552436852
9.9583333333334085,-0.0013921491830488279
9.9666666666667414,-0.0018560600967819758
9.9750000000000743,-0.0012115110485411314
9.9833333333334071,0.00054236132418685661
9.99166666666674,0.0023663239544081797
10.000000000000073,0.0030824650508226082
10.008333333333406,0.0026919645763213958
10.016666666666739,0.0011943395777814269
10.025000000000071,-0.00037079566882608581
10.033333333333404,-0.00082513971390799491
10.041666666666737,-0.0001694777795119218
10.05000000000007,0.0015970690769420547
10.058333333333403,0.0034352863329267756
10.066666666666736,0.0041672866198052879
10.075000000000069,0.0037942749014633244
10.083333333333401,0.0023157938323803405
10.091666666666734,0.00077148235641467087
10.100000000000067,0.00033967157732777261
10.1083333333334,0.0010196107845583976
10.116666666666733,0.0017704562675932892
10.125000000000066,0.0014126863702749613
10.133333333333399,-5.4131896084540514e-05
10.141666666666731,-0.0015903352831627051
10.150000000000064,-0.002017579292799776
10.158333333333397,-0.0013366092707336637
10.16666666666673,-0.00058826559906153977
10.175000000000063,-0.00095207395415104507
10.183333333333396,-0.0024284749559366045
10.191666666666729,-0.0039778199562084584
10.200000000000061,-0.0044217909199956882
10.208333333333394,-0.003761159848881888
10.216666666666727,-0.0019950365204594082
10.22500000000006,-0.00016262879657351483
10.233333333333393,0.00055816338988536648
10.241666666666726,0.00016852426321377321
10.250000000000059,-0.0013320262051185045
10.258333333333391,-0.0029038746023109861
10.266666666666724,-0.0033687325855584998
10.275000000000057,-0.0027274028666305337
10.28333333333339,-0.00097902534628453979
10.291666666666723,0.00083716175934691738
10.300000000000056,0.0015432334253515829
10.308333333333389,0.0011403528687599887
10.316666666666721,-0.00037198044068471696
10.325000000000054,-0.0019541711747708009
10.333333333333387,-0.0024279442957798503
10.34166666666672,-0.0017941152611303263
10.350000000000053,-5.1836205621694865e-05
10.358333333333386,0.0017596432689526386
10.366666666666719,0.0024623916347064896
10.375000000000052,0.0020575680910755404
10.383333333333384,0.00054466857771113088
10.391666666666717,-0.0010367138983767641
10.40000000000005,-0.0015083021759903282
10.408333333333383,-0.00087090779672868853
10.416666666666716,0.00087632150924893512
10.425000000000049,0.0026941424134771857
10.433333333333382,0.0034046346849371857
10.441666666666714,0.0030089701442685161
10.450000000000047,0.0015066578679402724
10.45833333333338,-6.269589977773826e-05
10.466666666666713,-0.00052079628622250221
10.475000000000046,0.00013156606115127088
10.483333333333379,0.0018952648186660239
10.491666666666712,0.0037310813115555377
10.500000000000044,0.0044611257034240254
10.508333333333377,0.0040866003367939167
10.51666666666671,0.0026070454066497431
10.525000000000043,0.0010620969227922768
10.533333333333376,0.0006300843360638117
10.541666666666709,0.0013102568180117509
10.550000000000042,0.0020617712687057603
10.558333333333374,0.0017051076141611676
10.566666666666707,0.00023983435254212369
10.57500000000004,-0.0012943834075875931
10.583333333333373,-0.001719197912114775
10.591666666666706,-0.0010353506760372288
10.600000000000039,-0.00028367837769589365
10.608333333333372,-0.00064370210889987296
10.616666666666704,-0.0021158570072180413
10.625000000000037,-0.0036604876309258381
10.63333333333337,-0.004099267518241142
10.641666666666703,-0.0034329606558961699
10.650000000000036,-0.0016606686294980951
10.658333333333369,0.00017840861308178062
10.666666666666702,0.00090638072584056444
10.675000000000034,0.00052444306822896141
10.683333333333367,-0.00096787306699263069
10.6916666666667,-0.0025309419349144116
10.700000000000033,-0.0029864610156521828
10.708333333333366,-0.0023352187327744171
10.716666666666699,-0.00057634049350402112
10.725000000000032,0.0012509501560967794
10.733333333333364,0.0019687449438219842
10.741666666666697,0.0015782251217754055
10.75000000000003,7.8908428114410361e-05
10.758333333333363,-0.0014895908633119691
10.766666666666696,-0.0019489765739764276
10.775000000000029,-0.0013000422394327535
10.783333333333362,0.00045808217947712057
10.791666666666694,0.0022861700932605496
10.800000000000027,0.0030063157308834144
10.80833333333336,0.00261970498741658
10.816666666666693,0.001125860803298474
10.825000000000026,-0.00043559666552378057
10.833333333333359,-0.00088636041755264263
10.841666666666692,-0.00022721034896889375
10.850000000000025,0.0005009787229100812
10.858333333333357,0.00011865004555965201
10.86666666666669,-0.001374665417015343
10.875000000000023,-0.0029393434127572221
10.883333333333356,-0.0033970849585997854
10.891666666666689,-0.0027486820907331754
10.900000000000022,-0.00099326405183852349
10.908333333333355,0.00082994156157248085
10.916666666666687,0.0015430202520663016
10.92500000000002,0.0011471457429515011
10.933333333333353,-0.00035817198530181113
10.941666666666686,-0.0019333270917496622
10.950000000000019,-0.0024000339561556956
10.958333333333352,-0.0017590974082429052
10.966666666666685,-9.6589419158072678e-06
10.975000000000017,0.0018090425130103862
10.98333333333335,0.0025190863213268846
10.991666666666683,0.0021216426920301471
11.000000000000016,0.0006162186094697676
11.008333333333349,-0.00095758185296021287
11.016666666666682,-0.0014214701398013959
11.025000000000015,-0.00077624618447477006
11.033333333333347,0.00097895393478442073
11.04166666666668,0.0028048987842737637
11.050000000000013,0.0035236806041102947
11.058333333333346,0.0031364837958923171
11.066666666666679,0.0016428300877511473
11.075000000000012,8.233826603003193e-05
11.083333333333345,-0.0003666836648827351
11.091666666666677,0.00029498735209747154
11.10000000000001,0.001026480022831547
11.108333333333343,0.00064824274146286294
11.116666666666676,-0.00084018772693132985
11.125000000000009,-0.0023991798533522634
11.133333333333342,-0.0028504246938797894
11.141666666666675,-0.0021947041617883466
11.150000000000007,-0.00043113708167534661
11.15833333333334,0.001401059692658205
11.166666666666673,0.0021239853419076325
11.175000000000006,0.0017388289827048092
11.183333333333339,0.0002451163040425415
11.191666666666672,-0.0013175302874571557
11.200000000000005,-0.0017708056868399661
11.208333333333337,-0.001115494142432079
11.21666666666667,0.00064928376489842548
11.225000000000003,0.0024843112217677881
11.233333333333336,0.0032116932827795401
11.241666666666669,0.0028326269326612555
11.250000000000002,0.0013466463182720684
11.258333333333335,-0.00020661725635302087
11.266666666666667,-0.00064884464813372506
11.275,1.919719632105189e-05
11.283333333333333,0.00075664663159160565
11.291666666666666,0.00038396083540412969
11.299999999999999,-0.0010993149356844545
11.308333333333332,-0.0026535413548192453
11.316666666666665,-0.0031004029606159019
11.324999999999998,-0.002440675245402184
11.33333333333333,-0.00067347074979754416
11.341666666666663,0.0011619997338711936
11.349999999999996,0.0018878401595029211
11.358333333333329,0.0015052437602334173
11.366666666666662,1.3740217826675494e-05
11.374999999999995,-0.0015470443664390339
11.383333333333328,-0.0019988023051833101
11.39166666666666,-0.001342315720663287
11.399999999999993,0.00042329681071627025
11.408333333333326,0.0022588199796342166
11.416666666666659,0.0029863591081857603
11.424999999999992,0.0026071111723212025
11.433333333333325,0.001120610187740673
11.441666666666658,-0.00043351264370718862
11.44999999999999,-0.00087693931942086061
11.458333333333323,-0.00021043873147299404
11.466666666666656,0.00052512531521367112
11.474999999999989,0.00015020712717225568
11.483333333333322,-0.0013356512410866439
11.491666666666655,-0.0028928143479009481
11.499999999999988,-0.0033429718065277609
11.50833333333332,-0.0026869042199855293
11.516666666666653,-0.00092372937059204737
11.524999999999986,0.00090733659146998032
11.533333333333319,0.0016283909576500827
11.541666666666652,0.0012406195022477702
11.549999999999985,-0.00025645569274016758
11.558333333333318,-0.0018232165297776214
11.56666666666665,-0.0022813646332463756
11.574999999999983,-0.0016316919042873004
11.583333333333316,0.0001266731529576479
11.591666666666649,0.0019545047773399157
11.599999999999982,0.0026738962304768748
11.608333333333315,0.0022860319178914005
11.616666666666648,0.00079043311010581346
11.62499999999998,-0.00077328177599489509
11.633333333333313,-0.0012268090382422517
11.641666666666646,-0.00057093294156764104
11.649999999999979,0.0011952262035313146
11.658333333333312,0.0030324533103577083
11.666666666666645,0.0037628581863185192
11.674999999999978,0.0033876429566910759
11.68333333333331,0.0019063472128288306
11.691666666666643,0.000358607343547008
11.699999999999976,-7.724990647935358e-05
11.708333333333309,0.00059801842760212913
11.716666666666642,0.001343561441984718
11.724999999999975,0.00097984889929428895
11.733333333333308,-0.00049356084828692907
11.74166666666664,-0.0020370139566778097
11.749999999999973,-0.0024721774513345334
11.758333333333306,-0.0017998088514577808
11.766666666666639,-1.9002389375724567e-05
11.774999999999972,0.0018310501121024945
11.783333333333305,0.0025724750558333747
11.791666666666638,0.0022064898101491911
11.799999999999971,0.00073264856980382654
11.808333333333303,-0.00080939743389143689
11.816666666666636,-0.0012413119990863327
11.824999999999969,-0.00056384699163736273
11.833333333333302,0.00018215059767408891
11.841666666666635,-0.00018284920388020274
11.849999999999968,-0.001659289268667099
11.858333333333301,-0.0032075201663505485
11.866666666666633,-0.0036492191315433751
11.874999999999966,-0.002985154252600165
11.883333333333299,-0.00121443096767641
11.891666666666632,0.00062374681984700496
11.899999999999965,0.0013514871137809091
11.908333333333298,0.00096998541212734053
11.916666666666631,-0.00052122662076479478
11.924999999999963,-0.0020825218272489772
11.933333333333296,-0.0025355940645736233
11.941666666666629,-0.0018812277826409129
11.949999999999962,-0.00011854417229931039
11.958333333333295,0.0017132379227184531
11.966666666666628,0.002436217361143465
11.974999999999961,0.0020515836778553431
11.983333333333293,0.00055886314731184896
11.991666666666626,-0.0010023209545427074
11.999999999999959,-0.0014536611628076458
12.008333333333292,-0.00079593861292342669
12.016666666666625,0.00097172939412381383
12.024999999999958,0.0028101301317471914
12.033333333333291,0.0035413745251595503
12.041666666666623,0.0031666657198454137
12.049999999999956,0.0016855442063546295
12.058333333333289,0.00013764745281763389
12.066666666666622,-0.00029869771004287443
12.074999999999955,0.00037575081017030058
12.083333333333288,0.0011201408679748415
12.091666666666621,0.00075494026887159497
12.099999999999953,-0.0007202947310984639
12.108333333333286,-0.0022659128680559727
12.116666666666619,-0.0027035848570141612
12.124999999999952,-0.0020340721310409429
12.133333333333285,-0.0002564729599342406
12.141666666666618,0.0015900164858470753
12.149999999999951,0.0023275169845287848
12.158333333333283,0.0019572397437855717
12.166666666666616,0.00047873266314276298
12.174999999999949,-0.0010683594706109446
12.183333333333282,-0.0015057080818836059
12.191666666666615,-0.00083407335409081337
12.199999999999948,-9.4310641764885114e-05
12.208333333333281,-0.00046595908649952917
12.216666666666613,-0.0019494713502192494
12.224999999999946,-0.0035052088321586307
12.233333333333279,-0.0039548610994413627
12.241666666666612,-0.0032992083960235491
12.249999999999945,-0.0015373684811675812
12.258333333333278,0.00029144252198976244
12.266666666666611,0.0010093187634819349
12.274999999999944,0.00061744058590898119
12.283333333333276,-0.00088467568814490642
12.291666666666609,-0.0024574190398086826
12.299999999999942,-0.0029225012743012489
12.308333333333275,-0.002280725137486402
12.316666666666608,-0.00053123032146695087
12.324999999999941,0.0012867454245689958
12.333333333333274,0.001995279878869949
12.341666666666606,0.0015955404304248532
12.349999999999939,8.7030962251001168e-05
12.358333333333272,-0.0014906480633175307
12.366666666666605,-0.0019592142340328295
12.374999999999938,-0.0013194748684798828
12.383333333333271,0.00042942628655412158
12.391666666666604,0.0022482488351480735
12.399999999999936,0.0029590730408708666
12.408333333333269,0.0025630707508510304
12.416666666666602,0.0010597508256819789
12.424999999999935,-0.00051128062467227389
12.433333333333268,-0.0009717309261977645
12.441666666666601,-0.00032239455237189832
12.449999999999934,0.0014375981133717254
12.458333333333266,0.0032690227027796846
12.466666666666599,0.0039939810860253142
12.474999999999932,0.0036136674527810783
12.483333333333265,0.0021276135823190137
12.491666666666598,0.00057544783035521046
12.499999999999931,0.00013548991799803176
