Time,Theta
0,2.8274333882308138
0.0083333333333333332,2.8281390509142335
0.016666666666666666,2.8303495433619754
0.025000000000000001,2.8340629619950666
0.033333333333333333,2.8392760236098318
0.041666666666666664,2.8459840293588026
0.049999999999999996,2.8541808141171257
0.058333333333333327,2.8638586815784377
0.066666666666666666,2.8750083255704415
0.074999999999999997,2.8876187382592704
0.083333333333333329,2.901677106129076
0.09166666666666666,2.9171686948834514
0.099999999999999992,2.9340767247209798
0.10833333333333332,2.952382237788298
0.11666666666666665,2.9720639600072758
0.12499999999999999,2.9930981599007724
0.13333333333333333,3.0154585074915943
0.14166666666666666,3.0391159368038032
0.14999999999999999,3.064038515930823
0.15833333333333333,3.090191329021319
0.16666666666666666,3.1175363748373619
0.17499999999999999,-3.1371528204575601
0.18333333333333332,-3.1075500283428776
0.19166666666666665,-3.0779284889150214
0.19999999999999998,-3.0484748714527878
0.20833333333333331,-3.0190953745830638
0.21666666666666665,-2.9899764414690804
0.22499999999999998,-2.9610227646677183
0.23333333333333331,-2.9324193051630658
0.24166666666666664,-2.9040692981178489
0.24999999999999997,-2.8761550524239556
0.2583333333333333,-2.8485784744044556
0.26666666666666666,-2.8215181819195947
0.27500000000000002,-2.7948749565287825
0.28333333333333338,-2.7688228481323574
0.29166666666666674,-2.7432617801248678
0.3000000000000001,-2.7193024860083583
0.30833333333333346,-2.6969624767869358
0.31666666666666682,-2.6762567986634509
0.32500000000000018,-2.6571983043423097
0.33333333333333354,-2.6397979058161689
0.3416666666666669,-2.6240648068622026
0.35000000000000026,-2.6100067141989327
0.35833333333333361,-2.5976300268190387
0.36666666666666697,-2.5869400034323546
0.37500000000000033,-2.5779409082450702
0.38333333333333369,-2.5706361354850573
0.39166666666666705,-2.5650283131782246
0.40000000000000041,-2.56111938670406
0.40833333333333377,-2.5589106826256267
0.41666666666666713,-2.5584029532137844
0.42500000000000049,-2.5595964019790398
0.43333333333333385,-2.5624906903974636
0.44166666666666721,-2.5670849258785826
0.45000000000000057,-2.5733776308815792
0.45833333333333393,-2.5813666929496835
0.46666666666666728,-2.5910492953099875
0.47500000000000064,-2.6024218275863071
0.483333333333334,-2.6154797761069108
0.49166666666666736,-2.630217593269037
0.50000000000000067,-2.6466285454623488
0.50833333333333397,-2.6647045391698776
0.51666666666666727,-2.6844359250754044
0.52500000000000058,-2.7058112803299106
0.53333333333333388,-2.7288171695859851
0.54166666666666718,-2.7534378860160649
0.55000000000000049,-2.7796551743026705
0.55833333333333379,-2.8074479385340911
0.5666666666666671,-2.8367919390547702
0.5750000000000004,-2.8676594835882532
0.5833333333333337,-2.9000191193349929
0.59166666666666701,-2.9338353341865657
0.60000000000000031,-2.969068276604061
0.60833333333333361,-3.005673504966317
0.61666666666666692,-3.0436017781633788
0.62500000000000022,-3.0827988997356899
0.63333333333333353,-3.123205627780798
0.64166666666666683,3.1184276451561139
0.65000000000000013,3.0757995894110612
0.65833333333333344,3.0321696132907872
0.66666666666666674,2.9876163685887649
0.67500000000000004,2.9422226945850571
0.68333333333333335,2.8960751623697485
0.69166666666666665,2.8492635362533654
0.69999999999999996,2.8018801662392199
0.70833333333333326,2.754019329251451
0.71666666666666656,2.7057765395068487
0.72499999999999987,2.6572478498301186
0.73333333333333317,2.60852916571472
0.74166666666666647,2.5597155925475978
0.74999999999999978,2.5109008338122809
0.75833333333333308,2.4621766545430921
0.76666666666666639,2.4136324201782
0.77499999999999969,2.3653547166284934
0.78333333333333299,2.3174270531954284
0.7916666666666663,2.2699296462252345
0.7999999999999996,2.2229392782856761
0.8083333333333329,2.1765292253097286
0.81666666666666621,2.1307692425970504
0.82499999999999951,2.0857255997572346
0.83333333333333282,2.0414611545261954
0.84166666666666612,1.9980354557665396
0.84999999999999942,1.9555048667408959
0.85833333333333273,1.9139227007936039
0.86666666666666603,1.8733393627739889
0.87499999999999933,1.833802490785198
0.88333333333333264,1.7953570940692876
0.89166666666666594,1.7580456839849954
0.89999999999999925,1.7219083960613504
0.90833333333333255,1.6869831019952897
0.91666666666666585,1.6533055111946984
0.92499999999999916,1.6209092620492616
0.93333333333333246,1.5898260035466725
0.94166666666666576,1.5600854681524492
0.94999999999999907,1.5317155370523952
0.95833333333333237,1.5047422989339696
0.96666666666666567,1.4791901034738133
0.97499999999999898,1.4550816106207896
0.98333333333333228,1.4324378366340125
0.99166666666666559,1.4112781976695097
0.99999999999999889,1.3916205515220417
1.0083333333333322,1.3734812379333128
1.0166666666666655,1.356875117685767
1.0249999999999988,1.3418156105217807
1.0333333333333321,1.3283147317689044
1.0416666666666654,1.3163831274184241
1.0499999999999987,1.3060301073006417
1.058333333333332,1.2972636759278673
1.0666666666666653,1.2900905605356392
1.0749999999999986,1.2845162358431534
1.0833333333333319,1.2805449450732076
1.0916666666666652,1.278179716817144
1.0999999999999985,1.2771467881625835
1.1083333333333318,1.2771335757054654
1.1166666666666651,1.2781399802338649
1.1249999999999984,1.2801671952173985
1.1333333333333317,1.2832177060826193
1.1416666666666651,1.2872952887983606
1.1499999999999984,1.2924050077652534
1.1583333333333317,1.2985532130004858
1.166666666666665,1.3057475366058231
1.1749999999999983,1.3139968885040032
1.1833333333333316,1.3233114514256903
1.1916666666666649,1.3337026751260042
1.1999999999999982,1.3451832698058581
1.2083333333333315,1.3577671987083144
1.2166666666666648,1.3714696698531841
1.2249999999999981,1.3863071268629166
1.2333333333333314,1.4022972388181019
1.2416666666666647,1.4194588890596092
1.249999999999998,1.437812162824132
1.2583333333333313,1.4573783335575461
1.2666666666666646,1.4781798476921939
1.2749999999999979,1.500240307595198
1.2833333333333312,1.5235844522894224
1.2916666666666645,1.5482381354097412
1.2999999999999978,1.5742282996765762
1.3083333333333311,1.601582946936422
1.3166666666666644,1.6303311025239833
1.3249999999999977,1.6605027723296135
1.333333333333331,1.6921288904945271
1.3416666666666643,1.7252412550889131
1.3499999999999976,1.7598724484381694
1.358333333333331,1.7960557379336668
1.3666666666666643,1.8338249521823948
1.3749999999999976,1.8732143262045968
1.3833333333333309,1.9142583080785476
1.3916666666666642,1.9569913179694503
1.3999999999999975,2.0014474488997132
1.4083333333333308,2.047660096988376
1.4166666666666641,2.0956615073234492
1.4249999999999974,2.1454822203130801
1.4333333333333307,2.1971504025564124
1.441666666666664,2.2506910463566001
1.4499999999999973,2.3061250234648081
1.4583333333333306,2.3634679821216071
1.4666666666666639,2.4227290826849974
1.4749999999999972,2.4839095768776343
1.4833333333333305,2.5470012496352572
1.4916666666666638,2.611984761071581
1.4999999999999971,2.678827948951946
1.5083333333333304,2.7474841780529391
1.5166666666666637,2.8178908492792454
1.524999999999997,2.8899682042429125
1.5333333333333303,2.9636185746043719
1.5416666666666636,3.0387262235824934
1.5499999999999969,3.1151579041760753
1.5583333333333302,-3.0904210951519739
1.5666666666666635,-3.0118035647906569
1.5749999999999968,-2.932349329202014
1.5833333333333302,-2.8522405566593356
1.5916666666666635,-2.7716632581928207
1.5999999999999968,-2.6908034011485018
1.6083333333333301,-2.6098432176788369
1.6166666666666634,-2.5289579487902714
1.6249999999999967,-2.4483132026927814
1.63333333333333,-2.368063028258462
1.6416666666666633,-2.2883487251750516
1.6499999999999966,-2.2092983442836962
1.6583333333333299,-2.131026782282615
1.6666666666666632,-2.0536363468728824
1.6749999999999965,-1.9772176596652915
1.6833333333333298,-1.9018507703495529
1.6916666666666631,-1.827606371494088
1.6999999999999964,-1.7545470240554648
1.7083333333333297,-1.6827283254809189
1.716666666666663,-1.612199972709405
1.7249999999999963,-1.5430066900779305
1.7333333333333296,-1.4751890066381721
1.7416666666666629,-1.4087838787524403
1.7499999999999962,-1.3438251624292739
1.7583333333333295,-1.2803439461431245
1.7666666666666628,-1.2183687593122572
1.7749999999999961,-1.1579256745626294
1.7833333333333294,-1.0990383236682533
1.7916666666666627,-1.0417278478290306
1.799999999999996,-0.9860128028592462
1.8083333333333294,-0.93190903901002176
1.8166666666666627,-0.87942957362173202
1.824999999999996,-0.82858447269133573
1.8333333333333293,-0.77938075485985192
1.8416666666666626,-0.73182232841674999
1.8499999999999959,-0.68590996884078059
1.8583333333333292,-0.64164134131958639
1.8666666666666625,-0.59901106977666208
1.8749999999999958,-0.55801085132694739
1.8833333333333291,-0.51862961289233001
1.8916666666666624,-0.48085370500620384
1.8999999999999957,-0.4446671266502113
1.908333333333329,-0.41005177428471346
1.9166666666666623,-0.37698770801265269
1.9249999999999956,-0.34545342798560136
1.9333333333333289,-0.31542615463836132
1.9416666666666622,-0.28688210703749606
1.9499999999999955,-0.25979677446616006
1.9583333333333288,-0.23414517726830206
1.9666666666666621,-0.2099021138783172
1.9749999999999954,-0.1870423918203131
1.9833333333333287,-0.16554104124122565
1.991666666666662,-0.14537351022371245
1.9999999999999953,-0.12651584169844104
2.0083333333333289,-0.10894483223987433
2.0166666666666622,-0.092638173389897174
2.0249999999999955,-0.077574576418645735
2.0333333333333288,-0.063733881613060053
2.0416666666666621,-0.051097153293314559
2.0499999999999954,-0.039646761807673132
2.0583333333333287,-0.029366453759008707
2.066666666666662,-0.020241411681606435
2.0749999999999953,-0.012258304323925592
2.0833333333333286,-0.0054053286092728258
2.0916666666666619,0.00032775575203177539
2.0999999999999952,0.0049495981336119821
2.1083333333333285,0.0084672345960932829
2.1166666666666618,0.010886070589102056
2.1249999999999951,0.012209868238585423
2.1333333333333284,0.012440737825894194
2.1416666666666617,0.011579133185035085
2.149999999999995,0.0096238508641292696
2.1583333333333283,0.0065720330164421798
2.1666666666666616,0.0024191741055494469
2.1749999999999949,-0.0028408683715168475
2.1833333333333282,-0.0092158588198118022
2.1916666666666615,-0.016715163697756125
2.1999999999999948,-0.025349726321812011
2.2083333333333282,-0.034090788166145594
2.2166666666666615,-0.041771442404747547
2.2249999999999948,-0.048403685439574316
2.2333333333333281,-0.05399796825324947
2.2416666666666614,-0.059602995960525602
2.2499999999999947,-0.066405376652712123
2.258333333333328,-0.074414465783572428
2.2666666666666613,-0.082603161971023312
2.2749999999999946,-0.089807481211884699
2.2833333333333279,-0.0960391587647558
2.2916666666666612,-0.10130842010798122
2.2999999999999945,-0.10665911986696168
2.3083333333333278,-0.11327199840392156
2.3166666666666611,-0.12012218884275308
2.3249999999999944,-0.12604893187377067
2.3333333333333277,-0.13106217298227416
2.341666666666661,-0.13517037544235988
2.3499999999999943,-0.13941068909028129
2.3583333333333276,-0.14495649499004445
2.3666666666666609,-0.15181460715518763
2.3749999999999942,-0.15896645193987438
2.3833333333333275,-0.16525906072552693
2.3916666666666608,-0.17070324714174759
2.3999999999999941,-0.17530841591053459
2.4083333333333274,-0.17908256228036462
2.4166666666666607,-0.18305387094379008
2.424999999999994,-0.18838543837526328
2.4333333333333274,-0.19406409571205827
2.4416666666666607,-0.19894329094135249
2.449999999999994,-0.20303159272151222
2.4583333333333273,-0.20633621309074437
2.4666666666666606,-0.2098781514458625
2.4749999999999939,-0.21481248523727239
2.4833333333333272,-0.22013189312222425
2.4916666666666605,-0.22469669282316404
2.4999999999999938,-0.22851500408697337
2.5083333333333271,-0.23159364650181383
2.5166666666666604,-0.23393814353386175
2.5249999999999937,-0.23656049144843003
2.533333333333327,-0.24060608113875667
2.5416666666666603,-0.24507353790400691
2.5499999999999936,-0.2488299482340158
2.5583333333333269,-0.25188207648820549
2.5666666666666602,-0.25423544150955085
2.5749999999999935,-0.25689603505672054
2.5833333333333268,-0.26100236394904092
2.5916666666666601,-0.26555921018779149
2.5999999999999934,-0.26944086613863283
2.6083333333333267,-0.27265436897111178
2.61666666666666,-0.27520556528387946
2.6249999999999933,-0.27709911683231248
2.6333333333333266,-0.27833850527448906
2.6416666666666599,-0.27992007834902466
2.6499999999999932,-0.28297219521079209
2.6583333333333266,-0.28650557939762161
2.6666666666666599,-0.28940104874904637
2.6749999999999932,-0.29166390502026635
2.6833333333333265,-0.29329831056013311
2.6916666666666598,-0.29430729307446557
2.6999999999999931,-0.29568129826847583
2.7083333333333264,-0.29854215834317333
2.7166666666666597,-0.30190577159215637
2.724999999999993,-0.30465885794499464
2.7333333333333263,-0.30680648183848613
2.7416666666666596,-0.30835261167073813
2.7499999999999929,-0.30930012475300922
2.7583333333333262,-0.30965081098628394
2.7666666666666595,-0.31038843549822542
2.7749999999999928,-0.31262779139434244
2.7833333333333261,-0.31538923676640052
2.7916666666666594,-0.31756435759014406
2.7999999999999927,-0.31915718133039056
2.808333333333326,-0.3201706762011734
2.8166666666666593,-0.32060675514765119
2.8249999999999926,-0.32046627847871217
2.8333333333333259,-0.32072809843589195
2.8416666666666592,-0.3225018591298674
2.8499999999999925,-0.32481116340291089
2.8583333333333258,-0.32655110596863818
2.8666666666666591,-0.32772492726783214
2.8749999999999925,-0.32833483488432358
2.8833333333333258,-0.32838200665578304
2.8916666666666591,-0.32786659239854643
2.8999999999999924,-0.3267877142318229
2.9083333333333257,-0.32612018866138381
2.916666666666659,-0.32696990053700353
2.9249999999999923,-0.32836124671670641
2.9333333333333256,-0.32918978214178612
2.9416666666666589,-0.32945708411552416
2.9499999999999922,-0.32916370453420052
2.9583333333333255,-0.32830917076302973
2.9666666666666588,-0.32689198510724626
2.9749999999999921,-0.32588634959837121
2.9833333333333254,-0.32639774438145941
2.9916666666666587,-0.32745000501505855
2.999999999999992,-0.32793787901815946
3.0083333333333253,-0.32786232130709808
3.0166666666666586,-0.32722325758267456
3.0249999999999919,-0.32601958434857353
3.0333333333333252,-0.32424916752962768
3.0416666666666585,-0.32190883970410289
3.0499999999999918,-0.31997316903925027
3.0583333333333251,-0.31954882179056299
3.0666666666666584,-0.31965604715171791
3.0749999999999917,-0.31918505269074582
3.083333333333325,-0.31813504505628226
3.0916666666666583,-0.31650417586447527
3.0999999999999917,-0.31428953940531956
3.108333333333325,-0.31148716900093198
3.1166666666666583,-0.30907480302269458
3.1249999999999916,-0.30816303619065993
3.1333333333333249,-0.30776732226317383
3.1416666666666582,-0.30677219686859397
3.1499999999999915,-0.30517591904292557
3.1583333333333248,-0.30297565672549331
3.1666666666666581,-0.3001674834155148
3.1749999999999914,-0.29773328777130997
3.1833333333333247,-0.29678830918881877
3.191666666666658,-0.29634381045936425
3.1999999999999913,-0.29527956472210332
3.2083333333333246,-0.29359371367680137
3.2166666666666579,-0.29128327464244935
3.2249999999999912,-0.28834413726224128
3.2333333333333245,-0.28576216344330302
3.2416666666666578,-0.2846571310510832
3.2499999999999911,-0.28403585678677795
3.2583333333333244,-0.28277301032600932
3.2666666666666577,-0.28086638447557788
3.274999999999991,-0.27831261253768563
3.2833333333333243,-0.27510716488201076
3.2916666666666576,-0.2722399661913979
3.2999999999999909,-0.27083552177850712
3.3083333333333242,-0.26989564784000575
3.3166666666666575,-0.26828923661339815
3.3249999999999909,-0.26601347726830038
3.3333333333333242,-0.26306436037154979
3.3416666666666575,-0.25943667423865857
3.3499999999999908,-0.25612472136622333
3.3583333333333241,-0.25425817362136638
3.3666666666666574,-0.25283300175978546
3.3749999999999907,-0.25071132611163127
3.383333333333324,-0.2478894377979512
3.3916666666666573,-0.24436238442598851
3.3999999999999906,-0.24112927226942224
3.4083333333333239,-0.23932502956336976
3.4166666666666572,-0.23794115862092768
3.4249999999999905,-0.23583476837997447
3.4333333333333238,-0.23300220209360781
3.4416666666666571,-0.22943852132887463
3.4499999999999904,-0.22513750282883827
3.4583333333333237,-0.22110249144754179
3.466666666666657,-0.21847359000670613
3.4749999999999903,-0.21724782389908395
3.4833333333333236,-0.21641114694967153
3.4916666666666569,-0.21481458844639917
3.4999999999999902,-0.21245542562551398
3.5083333333333235,-0.20932960028282879
3.5166666666666568,-0.2054317169835361
3.5249999999999901,-0.2017710252365737
3.5333333333333234,-0.19949387834633556
3.5416666666666567,-0.19758037284504043
3.5499999999999901,-0.19487465713499999
3.5583333333333234,-0.19137210809287511
3.5666666666666567,-0.1870667274581061
3.57499999999999,-0.18297155610152913
3.5833333333333233,-0.18023732421553082
3.5916666666666566,-0.17886072768518554
3.5999999999999899,-0.17781809835717491
3.6083333333333232,-0.17594956264513334
3.6166666666666565,-0.17325199000565425
3.6249999999999898,-0.16972082877563968
3.6333333333333231,-0.16535010601776146
3.6416666666666564,-0.16115752669510683
3.6499999999999897,-0.15829892788442348
3.658333333333323,-0.15677073520877766
3.6666666666666563,-0.15554445211696918
3.6749999999999896,-0.15345473602869061
3.6833333333333229,-0.1504981252746595
3.6916666666666562,-0.14666969346060399
3.6999999999999895,-0.14299168601929671
3.7083333333333228,-0.14062461514253874
3.7166666666666561,-0.13853587220149516
3.7249999999999894,-0.13555538136305745
3.7333333333333227,-0.13167822548494867
3.741666666666656,-0.12792919609179898
3.7499999999999893,-0.12547157509892734
3.7583333333333226,-0.12327007352520576
3.7666666666666559,-0.12015162187032641
3.7749999999999893,-0.1161111271041218
3.7833333333333226,-0.11217555628695329
3.7916666666666559,-0.10951058228322359
3.7999999999999892,-0.10811261537006651
3.8083333333333225,-0.10694521347550894
3.8166666666666558,-0.10483410997223158
3.8249999999999891,-0.10177592805827204
3.8333333333333224,-0.097765743776482769
3.8416666666666557,-0.093833070243237407
3.849999999999989,-0.091146269635160107
3.8583333333333223,-0.089701633065246797
3.8666666666666556,-0.088460344547867178
3.8749999999999889,-0.086245470664514781
3.8833333333333222,-0.083053516827300819
3.8916666666666555,-0.07887941610206281
3.8999999999999888,-0.074754563568966551
3.9083333333333221,-0.071849324806917747
3.9166666666666554,-0.070159598662423911
3.9249999999999887,-0.068644232052169615
3.933333333333322,-0.066123680645347502
3.9416666666666553,-0.062594021907922015
3.9499999999999886,-0.059089156873999765
3.9583333333333219,-0.056781901580041129
3.9666666666666552,-0.054629130096826545
3.9749999999999885,-0.051449132552744747
3.9833333333333218,-0.047236998424184273
3.9916666666666551,-0.043026672873959691
3.9999999999999885,-0.039991087441589461
4.0083333333333222,-0.038125796157210193
4.0166666666666559,-0.036387147031823337
4.0249999999999897,-0.033592847361944581
4.0333333333333234,-0.029738666747102991
4.0416666666666572,-0.025860012341040323
4.0499999999999909,-0.023131187615914851
4.0583333333333247,-0.02154810823985575
4.0666666666666584,-0.020066876562492727
4.0749999999999922,-0.017504919079433103
4.0833333333333259,-0.01385842750566111
4.0916666666666597,-0.010163618796447864
4.0999999999999934,-0.0075955050989555831
4.1083333333333272,-0.0061501721903373255
4.1166666666666609,-0.004783628516649081
4.1249999999999947,-0.0023131964154064705
4.1333333333333284,0.0012647347038463347
4.1416666666666622,0.004913667957227196
4.1499999999999959,0.007458434893693501
4.1583333333333297,0.0089029744410322482
4.1666666666666634,0.010291278803602153
4.1749999999999972,0.012806003766843342
4.1833333333333309,0.016450766342516309
4.1916666666666647,0.020189277728659472
4.1999999999999984,0.022846740656210229
4.2083333333333321,0.024427324745686433
4.2166666666666659,0.024933557514991867
4.2249999999999996,0.025407690518705291
4.2333333333333334,0.027030621180707468
4.2416666666666671,0.029804608376030283
4.2500000000000009,0.032692416911142379
4.2583333333333346,0.034518426239767759
4.2666666666666684,0.035285566351241658
4.2750000000000021,0.036036106987680228
4.2833333333333359,0.037950899195459228
4.2916666666666696,0.04103259255785658
4.3000000000000034,0.044244860640578025
4.3083333333333371,0.046413167794861709
4.3166666666666709,0.047541009455434068
4.3250000000000046,0.048670590532850638
4.3333333333333384,0.050982577858805611
4.3416666666666721,0.053440071982495542
4.3500000000000059,0.054868041760220317
4.3583333333333396,0.055268841428057568
4.3666666666666734,0.055683058852819073
4.3750000000000071,0.057289755287014674
4.3833333333333409,0.060091083983931863
4.3916666666666746,0.063051451876651177
4.4000000000000083,0.064997338157746165
4.4083333333333421,0.065931939471696815
4.4166666666666758,0.065856845366257605
4.4250000000000096,0.06581110321445055
4.4333333333333433,0.066972199914964156
4.4416666666666771,0.069341642454111757
4.4500000000000108,0.071883941739232987
4.4583333333333446,0.073425789658068438
4.4666666666666783,0.073969757393204813
4.4750000000000121,0.07455515904414578
4.4833333333333458,0.076359573186803989
4.4916666666666796,0.078347333398666522
4.5000000000000133,0.079344998179021631
4.5083333333333471,0.0793542742090807
4.5166666666666808,0.079413120107953747
4.5250000000000146,0.080697780261154151
4.5333333333333483,0.083209902360565552
4.5416666666666821,0.085915476197730295
4.5500000000000158,0.087642965413984128
4.5583333333333496,0.088395269243891794
4.5666666666666833,0.088173707174506011
4.5750000000000171,0.088014951624082099
4.5833333333333508,0.089093893223575346
4.5916666666666845,0.091411882641872694
4.6000000000000183,0.093935507192905332
4.608333333333352,0.095493968103351104
4.6166666666666858,0.096089905609321971
4.6250000000000195,0.095724390536430962
4.6333333333333533,0.095433000296514386
4.641666666666687,0.096389458294113481
4.6500000000000208,0.098594937305705233
4.6583333333333545,0.10101669880343229
4.6666666666666883,0.10248475612674478
4.675000000000022,0.1030016142239579
4.6833333333333558,0.10256821856736514
4.6916666666666895,0.10221919172830249
4.7000000000000233,0.10312721913762433
4.708333333333357,0.10425834181583372
4.7166666666666908,0.10444118391671935
4.7250000000000245,0.10367614277862885
4.7333333333333583,0.10299716781169833
4.741666666666692,0.10357632564862553
4.7500000000000258,0.10541427728557301
4.7583333333333595,0.10747862866629461
4.7666666666666933,0.10859981733123092
4.775000000000027,0.10877978739692006
4.7833333333333607,0.10801893199673369
4.7916666666666945,0.1073506329613248
4.8000000000000282,0.10794632520195636
4.808333333333362,0.10877225276077379
4.8166666666666957,0.1086572759770839
4.8250000000000295,0.1076013016231292
4.8333333333333632,0.10663729452107781
4.841666666666697,0.1069363440414251
4.8500000000000307,0.1084987388372268
4.8583333333333645,0.11029211290882103
4.8666666666666982,0.11114694283032694
4.875000000000032,0.11106473631584306
4.8833333333333657,0.11004545369873608
4.8916666666666995,0.10912178599404752
4.9000000000000332,0.10946450511391366
4.908333333333367,0.1100397159023659
4.9166666666667007,0.10967611471594217
4.9250000000000345,0.10837319772582404
4.9333333333333682,0.10716342926391186
4.941666666666702,0.10721744210385056
4.9500000000000357,0.10853520234369364
4.9583333333333695,0.11008401570694039
4.9666666666667032,0.11069397708740898
4.9750000000000369,0.11036618968333681
4.9833333333333707,0.10910020844061806
4.9916666666667044,0.10792845794659529
5.0000000000000382,0.1080215128144411
5.0083333333333719,0.10834494332121672
5.0166666666667057,0.10772682609201674
5.0250000000000394,0.1061662387875891
5.0333333333333732,0.10469552936158413
5.0416666666667069,0.10448530061832546
5.0500000000000407,0.10553517000148935
5.0583333333333744,0.10681168252125828
5.0666666666667082,0.10714404761227043
5.0750000000000419,0.10653290917677265
5.0833333333333757,0.10497735738143951
5.0916666666667094,0.10350990581242864
5.1000000000000432,0.10330133715655888
5.1083333333333769,0.10435127056992295
5.1166666666667107,0.10562609791493185
5.1250000000000444,0.10595485014032412
5.1333333333333782,0.10533816484319808
5.1416666666667119,0.10377512406547093
5.1500000000000457,0.1022983869670888
5.1583333333333794,0.10207889868135298
5.1666666666667131,0.10208102389961862
5.1750000000000469,0.10113145211841952
5.1833333333333806,0.099228722783501505
5.1916666666667144,0.097405532194458258
5.2000000000000481,0.096832987346989169
5.2083333333333819,0.097510219426781841
5.2166666666667156,0.098402255665161281
5.2250000000000494,0.098336545847744344
5.2333333333333831,0.097313079829781407
5.2416666666667169,0.095330280994231451
5.2500000000000506,0.093421195984015035
5.2583333333333844,0.092757339941841849
5.2666666666667181,0.093337717355970989
5.2750000000000519,0.094126728339930965
5.2833333333333856,0.093951097326846061
5.2916666666667194,0.092810635654866927
5.3000000000000531,0.090703582103348265
5.3083333333333869,0.088663329014600833
5.3166666666667206,0.087861806298037623
5.3250000000000544,0.088297826801031362
5.3333333333333881,0.088935022366832955
5.3416666666667219,0.088599231545811286
5.3500000000000556,0.0872900071765184
5.3583333333333893,0.085005322474847808
5.3666666666667231,0.082778921633161501
5.3750000000000568,0.081783167578463573
5.3833333333333906,0.082016600317790289
5.3916666666667243,0.082441903786244511
5.4000000000000581,0.08188382822604362
5.4083333333333918,0.080341570728385325
5.4166666666667256,0.077812740474475756
5.4250000000000593,0.075331439621250315
5.4333333333333931,0.07407048096069653
5.4416666666667268,0.074028026815387268
5.4500000000000606,0.074165595702514089
5.4583333333333943,0.073306608025204875
5.4666666666667281,0.071449784845058179
5.4750000000000618,0.069630892101491967
5.4833333333333956,0.069024343690003584
5.4916666666667293,0.069629195080128561
5.5000000000000631,0.070407483858162978
5.5083333333333968,0.070183182158047891
5.5166666666667306,0.06895603088154463
5.5250000000000643,0.066724167451016642
5.5333333333333981,0.064523183970167652
5.5416666666667318,0.063527401043232498
5.5500000000000655,0.063735326562451275
5.5583333333333993,0.064107946425689122
5.566666666666733,0.06346804534025216
5.5750000000000668,0.061814705261898258
5.5833333333334005,0.059145398163958432
5.5916666666667343,0.056495642719958307
5.600000000000068,0.05503977220496848
5.6083333333334018,0.054775633329864175
5.6166666666667355,0.054662872951072757
5.6250000000000693,0.053522774602553828
5.633333333333403,0.051353640111903812
5.6416666666667368,0.049192322513917947
5.6500000000000705,0.048214452861593614
5.6583333333334043,0.048418538356751341
5.666666666666738,0.048764486617483983
5.6750000000000718,0.048073826101704874
5.6833333333334055,0.046345573752461476
5.6916666666667393,0.044617581563598775
5.700000000000073,0.044066447560343537
5.7083333333334068,0.04365073626620649
5.7166666666667405,0.042190520822352175
5.7250000000000743,0.039683621635867479
5.733333333333408,0.03716705718773515
5.7416666666667417,0.035816669138413769
5.7500000000000755,0.035630408776066352
5.7583333333334092,0.03556694361371418
5.766666666666743,0.034446415135652608
5.7750000000000767,0.03226718764176445
5.7833333333334105,0.030067134185382136
5.7916666666667442,0.029022922947305903
5.800000000000078,0.029132933921545884
5.8083333333334117,0.029356002325641697
5.8166666666667455,0.028512411001054287
5.8250000000000792,0.026600961600224769
5.833333333333413,0.024660157283651705
5.8416666666667467,0.02386727438951395
5.8500000000000805,0.02422105077345478
5.8583333333334142,0.024680515810914315
5.866666666666748,0.024066126969167687
5.8750000000000817,0.022377043764615238
5.8833333333334155,0.020652245689951023
5.8916666666667492,0.020069468519624555
5.900000000000083,0.02062775316032666
5.9083333333334167,0.021286330653503112
5.9166666666667505,0.020865846372351393
5.9250000000000842,0.019365759813057062
5.9333333333334179,0.017825421621765297
5.9416666666667517,0.017422925972111768
5.9500000000000854,0.017116008491319508
5.9583333333334192,0.015723764939290057
5.9666666666667529,0.013244177502496445
5.9750000000000867,0.010715245446953958
5.9833333333334204,0.0093137261333055259
5.9916666666667542,0.0090374376444751596
6.0000000000000879,0.008844158744171042
6.0083333333334217,0.00755300442661439
6.0166666666667554,0.0051621273929041787
6.0250000000000892,0.00270977408405938
6.0333333333334229,0.0013729052049851133
6.0416666666667567,0.0011494181295520164
6.0500000000000904,0.00099711618906226642
6.0583333333334242,-0.00026487688796313042
6.0666666666667579,-0.0026383487429284713
6.0750000000000917,-0.0050849952071250794
6.0833333333334254,-0.0064278481372708664
6.0916666666667592,-0.0066690350376218659
6.1000000000000929,-0.0058090235284796263
6.1083333333334267,-0.0048883618023197349
6.1166666666667604,-0.0050862969133989465
6.1250000000000941,-0.0064030196587128822
6.1333333333334279,-0.0077986590092682367
6.1416666666667616,-0.0080946945048410556
6.1500000000000954,-0.0072916770772819212
6.1583333333334291,-0.0064302276170339571
6.1666666666667629,-0.0066896685766726664
6.1750000000000966,-0.0080702817366542379
6.1833333333334304,-0.009532304291584524
6.1916666666667641,-0.0098973345102096842
6.2000000000000979,-0.0091660284559170468
6.2083333333334316,-0.0083790947400837635
6.2166666666667654,-0.0087159459266362618
6.2250000000000991,-0.01017697786749179
6.2333333333334329,-0.011722568657364119
6.2416666666667666,-0.012174472028910881
6.2500000000001004,-0.0115334769438863
6.2583333333334341,-0.010840396547624798
6.2666666666667679,-0.011274749323420824
6.2750000000001016,-0.012837074100837058
6.2833333333334354,-0.014487933872415959
6.2916666666667691,-0.015049287713757374
6.3000000000001029,-0.014522092849396068
6.3083333333334366,-0.013947284721086859
6.3166666666667703,-0.01450450325211681
6.3250000000001041,-0.016194466323327449
6.3333333333334378,-0.01797798170125128
6.3416666666667716,-0.018677282312795092
6.3500000000001053,-0.01829353875234991
6.3583333333334391,-0.01786782564310712
6.3666666666667728,-0.018579916857838479
6.3750000000001066,-0.020430754174301201
6.3833333333334403,-0.022381472581719693
6.3916666666667741,-0.023254674125414657
6.4000000000001078,-0.023051800419486547
6.4083333333334416,-0.02281407774781271
6.4166666666667753,-0.023721418431950272
6.4250000000001091,-0.025775043627026505
6.4333333333334428,-0.027936530505380228
6.4416666666667766,-0.029028984425646734
6.4500000000001103,-0.029054191887234491
6.4583333333334441,-0.028012294424610066
6.4666666666667778,-0.026943075961937814
6.4750000000001116,-0.027025044506853016
6.4833333333334453,-0.028258214427092986
6.4916666666667791,-0.029603036746304837
6.5000000000001128,-0.029881469500664358
6.5083333333334465,-0.02909404502724439
6.5166666666667803,-0.02828089743629723
6.525000000000114,-0.028620868552979781
6.5333333333334478,-0.030114347376128173
6.5416666666667815,-0.031722231801306802
6.5500000000001153,-0.032266959857169833
6.558333333333449,-0.031749476507416094
6.5666666666667828,-0.031210227287212511
6.5750000000001165,-0.031828342970909293
6.5833333333334503,-0.033604613499120355
6.591666666666784,-0.03550048357367263
6.6000000000001178,-0.036338992995339443
6.6083333333334515,-0.036121545580181415
6.6166666666667853,-0.034847905896022498
6.625000000000119,-0.033557226700069678
6.6333333333334528,-0.033427391865327075
6.6416666666667865,-0.034458108767632147
6.6500000000001203,-0.035609768110905389
6.658333333333454,-0.03570431260198717
6.6666666666667878,-0.03474199124187298
6.6750000000001215,-0.033762440266141974
6.6833333333334553,-0.033944004766425888
6.691666666666789,-0.035286841851484597
6.7000000000001227,-0.03675183285548618
6.7083333333334565,-0.037161441775972609
6.7166666666667902,-0.036516407265034391
6.725000000000124,-0.035856773464621329
6.7333333333334577,-0.036361265297757614
6.7416666666667915,-0.038030504263636744
6.7500000000001252,-0.039825968765224304
6.758333333333459,-0.040570774576402013
6.7666666666667927,-0.040266184405743845
6.7750000000001265,-0.038911825404111186
6.7833333333334602,-0.037546533924254215
6.791666666666794,-0.037347876361731001
6.8000000000001277,-0.038315461903442864
6.8083333333334615,-0.039409760895656759
6.8166666666667952,-0.039452829260546052
6.825000000000129,-0.038444836110357677
6.8333333333334627,-0.037425174912303488
6.8416666666667965,-0.037571942525860665
6.8500000000001302,-0.038885244854191939
6.858333333333464,-0.040326081994655288
6.8666666666667977,-0.04071707304312485
6.8750000000001315,-0.04005892950616062
6.8833333333334652,-0.038350727413183607
6.8916666666667989,-0.036630785280581842
6.9000000000001327,-0.036076180906182823
6.9083333333334664,-0.036686010672026287
6.9166666666668002,-0.03742014900153668
6.9250000000001339,-0.037100012512743169
6.9333333333334677,-0.035725205771241449
6.9416666666668014,-0.034334686143594487
6.9500000000001352,-0.034106148204367852
6.9583333333334689,-0.03503915700901078
6.9666666666668027,-0.036093985360869073
6.9750000000001364,-0.036092456678959751
6.9833333333334702,-0.035034670831143679
6.9916666666668039,-0.033960104227669936
7.0000000000001377,-0.034046948431720687
7.0083333333334714,-0.035295223748574037
7.0166666666668052,-0.036665673901083766
7.0250000000001389,-0.036980618523330851
7.0333333333334727,-0.036240649127708871
7.0416666666668064,-0.034444718446426631
7.0500000000001402,-0.032631193887172477
7.0583333333334739,-0.031977211882798999
7.0666666666668077,-0.032481721442335056
7.0750000000001414,-0.033104263438612308
7.0833333333334751,-0.03266587679748114
7.0916666666668089,-0.031165985323509733
7.1000000000001426,-0.029643550708200496
7.1083333333334764,-0.029276284845401401
7.1166666666668101,-0.030063549780641508
7.1250000000001439,-0.030965206824083814
7.1333333333334776,-0.03080261338209599
7.1416666666668114,-0.029575620784494803
7.1500000000001451,-0.028323671595450076
7.1583333333334789,-0.028224942299382133
7.1666666666668126,-0.029279184471099812
7.1750000000001464,-0.030446622233805856
7.1833333333334801,-0.0305489853048783
7.1916666666668139,-0.02958653435531252
7.2000000000001476,-0.028599116939268504
7.2083333333334814,-0.028765298282790477
7.2166666666668151,-0.030085214808944202
7.2250000000001489,-0.031519508997013411
7.2333333333334826,-0.031890352489215644
7.2416666666668164,-0.031198421191513299
7.2500000000001501,-0.02944274785063386
7.2583333333334838,-0.027661969728271962
7.2666666666668176,-0.027033490423966494
7.2750000000001513,-0.027556290818806544
7.2833333333334851,-0.028189755600746411
7.2916666666668188,-0.027754729944687955
7.3000000000001526,-0.026250646269197351
7.3083333333334863,-0.024716643080161433
7.3166666666668201,-0.02433060939435179
7.3250000000001538,-0.02509187702312007
7.3333333333334876,-0.025960101163696937
7.3416666666668213,-0.025756391938940307
7.3500000000001551,-0.024480538939281093
7.3583333333334888,-0.023172087910015293
7.3666666666668226,-0.023009322500724971
7.3750000000001563,-0.023991899982581597
7.3833333333334901,-0.025079768347374017
7.3916666666668238,-0.025094333223488318
7.4000000000001576,-0.024035719865463673
7.4083333333334913,-0.02294381970223091
7.4166666666668251,-0.022997251091747051
7.4250000000001588,-0.024195987322003037
7.4333333333334926,-0.025500300579375246
7.4416666666668263,-0.025731933001121702
7.45000000000016,-0.024891343519483328
7.4583333333334938,-0.022977343106824748
7.4666666666668275,-0.021028549977324985
7.4750000000001613,-0.020222350231660365
7.483333333333495,-0.020557457625972473
7.4916666666668288,-0.02099277211380941
7.5000000000001625,-0.020348598075267274
7.5083333333334963,-0.01862405303854274
7.51666666666683,-0.016858164804549915
7.5250000000001638,-0.016228712221844525
7.5333333333334975,-0.016734664015877643
7.5416666666668313,-0.017335084492661568
7.550000000000165,-0.016850426965923825
7.5583333333334988,-0.015280055805561202
7.5666666666668325,-0.013663309303640642
7.5750000000001663,-0.013178263721629023
7.5833333333335,-0.013824098025528829
7.5916666666668338,-0.014560029522556393
7.6000000000001675,-0.01420665289731023
7.6083333333335013,-0.012763534253568857
7.616666666666835,-0.011270252613143367
7.6250000000001688,-0.010905114981590735
7.6333333333335025,-0.011667476158318812
7.6416666666668362,-0.012516693428818155
7.65000000000017,-0.01227349297548048
7.6583333333335037,-0.010937609258283536
7.6666666666668375,-0.0095488131228242262
7.6750000000001712,-0.0092855959690862841
7.683333333333505,-0.010147462884857671
7.6916666666668387,-0.011093899533848626
7.7000000000001725,-0.010945754702723789
7.7083333333335062,-0.0097029074748573273
7.71666666666684,-0.0084052868207987429
7.7250000000001737,-0.0082315369625874414
7.7333333333335075,-0.009181295453045895
7.7416666666668412,-0.01021416795814953
7.750000000000175,-0.010151119932210521
7.7583333333335087,-0.0089921595348952665
7.7666666666668425,-0.0077773515950712094
7.7750000000001762,-0.0076854726654532564
7.78333333333351,-0.0087162818387809676
7.7916666666668437,-0.0098295007770163763
7.8000000000001775,-0.0098462099403519628
7.8083333333335112,-0.0087665382578305841
7.816666666666845,-0.0076306730517150092
7.8250000000001787,-0.0076175113109038899
7.8333333333335124,-0.0087269291247981731
7.8416666666668462,-0.0099187654218609797
7.8500000000001799,-0.010014219374900039
7.8583333333335137,-0.0090135391124569874
7.8666666666668474,-0.0079570282748649447
7.8750000000001812,-0.0080236992828925883
7.8833333333335149,-0.0092135468425278821
7.8916666666668487,-0.010486534663030093
7.9000000000001824,-0.010663990895685675
7.9083333333335162,-0.0097462879374081192
7.9166666666668499,-0.008773845558352273
7.9250000000001837,-0.0089257922427450204
7.9333333333335174,-0.01020224917057406
7.9416666666668512,-0.011563319867729731
7.9500000000001849,-0.011830479859557607
7.9583333333335187,-0.011004237818014734
7.9666666666668524,-0.0090834447047251823
7.9750000000001862,-0.0071070130362261693
7.9833333333335199,-0.0062525819274084496
7.9916666666668537,-0.0065187758645182661
8.0000000000001865,-0.0068641566553599509
8.0083333333335194,-0.0061086234319823419
8.0166666666668522,-0.0042511402738142929
8.0250000000001851,-0.0023307646487918708
8.033333333333518,-0.0015252579089512638
8.0416666666668508,-0.0018333114837296169
8.0500000000001837,-0.002213525790071163
8.0583333333335165,-0.0014858247006208818
8.0666666666668494,0.00035078031250761232
8.0750000000001823,0.0022571805826285488
8.0833333333335151,0.0030555876895923891
8.091666666666848,0.0027473051038429341
8.1000000000001808,0.0023737288171241993
8.1083333333335137,0.0031149418926220748
8.1166666666668466,0.0049719476534827358
8.1250000000001794,0.0069056746668102759
8.1333333333335123,0.0077383995747820501
8.1416666666668451,0.0074714831931614262
8.150000000000178,0.0061046261642171947
8.1583333333335109,0.0046776102982410842
8.1666666666668437,0.0043689235753802532
8.1750000000001766,0.0051780014189339568
8.1833333333335094,0.0060642068402074357
8.1916666666668423,0.0058482415057903364
8.2000000000001751,0.0045298836243911787
8.208333333333508,0.0031490005840145436
8.2166666666668409,0.0028841596974715999
8.2250000000001737,0.0037348612039331437
8.2333333333335066,0.0046605233559210675
8.2416666666668394,0.0044818973636153881
8.2500000000001723,0.0031988181721703335
8.2583333333335052,0.0018512143590505472
8.266666666666838,0.0016177091075407588
8.2750000000001709,0.0024978490415456162
8.2833333333335037,0.0034510926034706335
8.2916666666668366,0.0032982263607217936
8.3000000000001695,0.0020391243738661692
8.3083333333335023,0.00071375648366093689
8.3166666666668352,0.00050078244802995826
8.325000000000168,0.0013997792677166419
8.3333333333335009,0.0023702318307146689
8.3416666666668338,0.0022329489312238938
8.3500000000001666,0.00098782833500124035
8.3583333333334995,-0.00032513586121318057
8.3666666666668323,-0.0005272639719332479
8.3750000000001652,0.00038103696012648137
8.3833333333334981,0.001359265463743955
8.3916666666668309,0.0012282401611528216
8.4000000000001638,-1.2131536613165588e-05
8.4083333333334966,-0.0013218466019868475
8.4166666666668295,-0.001522220649323417
8.4250000000001624,-0.00061365836194564294
8.4333333333334952,0.0003633401370259484
8.4416666666668281,0.00022959124009779746
8.4500000000001609,-0.0010150014806086993
8.4583333333334938,-0.0023304407758216747
8.4666666666668267,-0.0025380524462278202
8.4750000000001595,-0.0016382523203077248
8.4833333333334924,-0.00067155140493878069
8.4916666666668252,-0.00081714767011706801
8.5000000000001581,-0.0020751550242310637
8.508333333333491,-0.0034055970942702325
8.5166666666668238,-0.0036298254552584014
8.5250000000001567,-0.0027482812273653149
8.5333333333334895,-0.0018014989244287075
8.5416666666668224,-0.0019687034982025981
8.5500000000001553,-0.0032500408683342587
8.5583333333334881,-0.004605572068462167
8.566666666666821,-0.0048566918516923753
8.5750000000001538,-0.0040038821972466646
8.5833333333334867,-0.0030877145715482658
8.5916666666668196,-0.0032874543888566231
8.6000000000001524,-0.0046032957681961398
8.6083333333334853,-0.0059953563008511091
8.6166666666668181,-0.0062850944429275919
8.625000000000151,-0.0054730508887494188
8.6333333333334838,-0.0035581052604278917
8.6416666666668167,-0.0015792332070311988
8.6500000000001496,-0.00071411131158819927
8.6583333333334824,-0.00096134085260123298
8.6666666666668153,-0.0023211878730321589
8.6750000000001481,-0.0037538289408444144
8.683333333333481,-0.0040807701755696275
8.6916666666668139,-0.0033026073414978686
8.7000000000001467,-0.0014182738560733091
8.7083333333334796,0.00053319781578375371
8.7166666666668124,0.0013740856636726597
8.7250000000001453,0.0011057548178295038
8.7333333333334782,-0.00027209330766328173
8.741666666666811,-0.001719661691110272
8.7500000000001439,-0.0020584730968978416
8.7583333333334767,-0.0012891401665763326
8.7666666666668096,0.00058938791197260987
8.7750000000001425,0.0025380650781893811
8.7833333333334753,0.0033791668824778836
8.7916666666668082,0.0031140613108284151
8.800000000000141,0.0017424537087210028
8.8083333333334739,0.00030414591734803707
8.8166666666668068,-2.2371046281558928e-05
8.8250000000001396,0.00076230958196531803
8.8333333333334725,0.001617500959417452
8.8416666666668053,0.0013638375908501419
8.8500000000001382,1.042788156174949e-06
8.8583333333334711,-0.0014310641565591243
8.8666666666668039,-0.0017539824852761811
8.8750000000001368,-0.00096830084358107919
8.8833333333334696,0.00092705572597879583
8.8916666666668025,0.0028930660843470577
8.9000000000001354,0.0037520326651458834
8.9083333333334682,0.0035053507669322802
8.9166666666668011,0.0021527532732288739
8.9250000000001339,0.00073406905481722222
8.9333333333334668,0.00042781780676309474
8.9416666666667997,0.0012334368457944769
8.9500000000001325,0.0021102709764023839
8.9583333333334654,0.001878988061294735
8.9666666666667982,0.00053934479873215917
8.9750000000001311,-0.00086880565691626656
8.983333333333464,-0.0011669262941668072
8.9916666666667968,-0.00035556829953288554
9.0000000000001297,0.00052462198268873406
9.0083333333334625,0.00029431573404485497
9.0166666666667954,-0.0010467282489889163
9.0250000000001283,-0.0024586573489027244
9.0333333333334611,-0.0027629423088408023
9.041666666666794,-0.001960144248359975
9.0500000000001268,-4.9161239111005477e-05
9.0583333333334597,0.0019310103897904993
9.0666666666667926,0.0028026922815527502
9.0750000000001254,0.0025672975969052423
9.0833333333334583,0.0012245765795938972
9.0916666666667911,-0.00018562388572358057
9.100000000000124,-0.00048477006226708681
9.1083333333334568,0.00032658561542290844
9.1166666666667897,0.0012077963055023731
9.1250000000001226,0.00097953502044719832
9.1333333333334554,-0.00035843664820004654
9.1416666666667883,-0.0017662617675213621
9.1500000000001211,-0.002065403579000306
9.158333333333454,-0.0012564151814634223
9.1666666666667869,-0.00037994493368916641
9.1750000000001197,-0.00061532661648191654
9.1833333333334526,-0.0019628086731126094
9.1916666666667854,-0.0033825486592438708
9.2000000000001183,-0.0036960318779501984
9.2083333333334512,-0.0029038336800188687
9.216666666666784,-0.0010048668683590358
9.2250000000001169,0.0009618566616027965
9.2333333333334497,0.0018186376722061134
9.2416666666667826,0.0015668656891110572
9.2500000000001155,0.00020626677548964801
9.2583333333334483,-0.0012233367797039099
9.2666666666667812,-0.0015434402924655831
9.275000000000114,-0.00075462808847761057
9.2833333333334469,0.0011441792186120206
9.2916666666667798,0.003113965527438371
9.3000000000001126,0.0039770395803241211
9.3083333333334455,0.0037348031384579275
9.3166666666667783,0.0023869956770248631
9.3250000000001112,0.00097345229638907418
9.3333333333334441,0.00067269986765087304
9.3416666666667769,0.0014841840455799751
9.3500000000001098,0.0023672586728551658
9.3583333333334426,0.0021426015778993864
9.3666666666667755,0.00080997930656287649
9.3750000000001084,-0.00059074502401952991
9.3833333333334412,-0.000881023265557595
9.3916666666667741,-6.139472579649608e-05
9.4000000000001069,0.00082750637319725694
9.4083333333334398,0.00060636432652305997
9.4166666666667727,-0.00072504844955761645
9.4250000000001055,-0.0021268649553754359
9.4333333333334384,-0.0024205400429955521
9.4416666666667712,-0.0016066187523697262
9.4500000000001041,-0.0007257411611944068
9.458333333333437,-0.00095723389675453005
9.4666666666667698,-0.0023013394402036551
9.4750000000001027,-0.0037182107454174474
9.4833333333334355,-0.0040293301519201616
9.4916666666667684,-0.0032352696026409578
9.5000000000001013,-0.0013349386781597379
9.5083333333334341,0.00063265389520226947
9.516666666666767,0.0014898102416840359
9.5250000000000998,0.0012379200250740724
9.5333333333334327,-0.00012329072685797834
9.5416666666667656,-0.0015540001892388518
9.5500000000000984,-0.0018757056390803287
9.5583333333334313,-0.0010889939577995028
9.5666666666667641,0.00080721151069963596
9.575000000000097,0.0027738910026805846
9.5833333333334298,0.0036333476331638762
9.5916666666667627,0.0033869772840696946
9.6000000000000956,0.0020345133576659866
9.6083333333334284,0.00061578539009821782
9.6166666666667613,0.00030931324696846074
9.6250000000000941,0.0011145338623442789
9.633333333333427,0.0019907913523702393
9.6416666666667599,0.0017587524622886951
9.6500000000000927,0.00041817280330108691
9.6583333333334256,-0.00099109564575319224
9.6666666666667584,-0.001290517583967841
9.6750000000000913,-0.00048064620192494155
9.6833333333334242,0.00039787007899333931
9.691666666666757,0.00016569994668294428
9.7000000000000899,-0.001177400545242903
9.7083333333334227,-0.0025915818737669055
9.7166666666667556,-0.0028983184943957479
9.7250000000000885,-0.0020981752682087984
9.7333333333334213,-0.00019005407939290533
9.7416666666667542,0.0017870447409716907
9.750000000000087,0.0026554380390795811
9.7583333333334199,0.0024165338471577565
9.7666666666667528,0.0010700771968284186
9.7750000000000856,-0.00034409021505417815
9.7833333333334185,-0.00064744049696057577
9.7916666666667513,0.00015946754590522171
9.8000000000000842,0.0010359804682540351
9.8083333333334171,0.00080276410108410146
9.8166666666667499,-0.00054042732719481856
9.8250000000000828,-0.0019537445793795442
9.8333333333334156,-0.002258659429544803
9.8416666666667485,-0.0014557337258314499
9.8500000000000814,-0.00058562445314695657
9.8583333333334142,-0.00082767463289262484
9.8666666666667471,-0.0021821426084302027
9.8750000000000799,-0.0036091966819376434
9.8833333333334128,-0.0039303340000759563
9.8916666666667457,-0.0031461415287342008
9.9000000000000785,-0.0012555438085274087
9.9083333333334114,0.0007024355261256738
9.9166666666667442,0.0015500841545782154
9.9250000000000771,0.0012887775653351423
9.93333333333341,-8.177236862538521e-05
9.9416666666667428,-0.0015217578873348836
9.9500000000000757,-0.0018526901405457579
9.9583333333334085,-0.0010751698458415231
9.9666666666667414,0.00081186583626231584
9.9750000000000743,0.0027693833793764572
9.9833333333334071,0.0036196721530523824
9.99166666666674,0.003364114248502431
10.000000000000073,0.0020024292588022431
10.008333333333406,0.00057443298375999907
10.016666666666739,0.00025863146021639244
10.025000000000071,0.0010544476297569005
10.033333333333404,0.0019212114736587807
10.041666666666737,0.0016795753687085984
10.05000000000007,0.00032928054811079486
10.058333333333403,-0.0010898354355971809
10.066666666666736,-0.0013992520921843603
10.075000000000069,-0.00059953765093895045
10.083333333333401,0.00026864438837564448
10.091666666666734,2.5947255528530234e-05
10.100000000000067,-0.0013278887184882163
10.1083333333334,-0.0027530301444923509
10.116666666666733,-0.0030709683476386491
10.125000000000066,-0.0022822850956417439
10.133333333333399,-0.00038589926341725826
10.141666666666731,0.0015791716450423712
10.150000000000064,0.0024352262170828525
10.158333333333397,0.0021836536834291473
10.16666666666673,0.00082418014059471728
10.175000000000063,-0.00060337164910557583
10.183333333333396,-0.00092049377318356631
10.191666666666729,-0.00012776580267867999
10.200000000000061,0.00073413774066369113
10.208333333333394,0.00048586063944014798
10.216666666666727,-0.0008728653353302755
10.22500000000006,-0.0023022141035226209
10.233333333333393,-0.0026236821577141907
10.241666666666726,-0.0018378563653365398
10.250000000000059,5.6339543643986603e-05
10.258333333333391,0.0020198838334098516
10.266666666666724,0.0028750733484368884
10.275000000000057,0.0026232965867950381
10.28333333333339,0.001264279148427031
10.291666666666723,-0.00016215667563859926
10.300000000000056,-0.00047750152189933795
10.308333333333389,0.00031766790279752569
10.316666666666721,0.0011826804856532533
10.325000000000054,0.00093818493073323354
10.333333333333387,-0.00041608151034236088
10.34166666666672,-0.0018402863042660158
10.350000000000053,-0.0021559173624436578
10.358333333333386,-0.00136355257589745
10.366666666666719,0.00053789354771984041
10.375000000000052,0.0025094094033446517
10.383333333333384,0.003373304714240449
10.391666666666717,0.0031309816936296517
10.40000000000005,0.0017821799381214087
10.408333333333383,0.00036673542035612293
10.416666666666716,6.3173364885281671e-05
10.425000000000049,0.00087093495659859479
10.433333333333382,0.0017493679888216027
10.441666666666714,0.0015191420180793534
10.450000000000047,0.000180015473232854
10.45833333333338,-0.0012281570865255562
10.466666666666713,-0.001526838842763587
10.475000000000046,-0.00071658197595475027
10.483333333333379,0.00016196601373815979
10.491666666666712,-7.0526046602847214e-05
10.500000000000044,-0.0014143024909956004
10.508333333333377,-0.0028295148833734902
10.51666666666671,-0.0031376398889376152
10.525000000000043,-0.0023392445589125251
10.533333333333376,-0.0004332330961960277
10.541666666666709,0.0015413915666128671
10.550000000000042,0.0024069423094754691
10.558333333333374,0.0021648225750185413
10.566666666666707,0.00081477266807246319
10.57500000000004,-0.0006033704757023461
10.583333333333373,-0.00091108483186301884
10.591666666666706,-0.00010893586240843401
10.600000000000039,0.00076241602785845407
10.608333333333372,0.00052362879719854009
10.616666666666704,-0.00082555156783485325
10.625000000000037,-0.0022452846828588144
10.63333333333337,-0.0025570525022152444
10.641666666666703,-0.0017614272948854137
10.650000000000036,0.00014268183540829432
10.658333333333369,0.0021162678785167882
10.666666666666702,0.0029816428906533424
10.675000000000034,0.0027402107984737102
10.683333333333367,0.0013917127006618426
10.6916666666667,-2.4013688193550061e-05
10.700000000000033,-0.00032844306497826754
10.708333333333366,0.00047786428605738426
10.716666666666699,0.0013542539224273833
10.725000000000032,0.0011213917792893425
10.733333333333364,-0.00022096751182709424
10.741666666666697,-0.0016329737306867325
10.75000000000003,-0.0019360962058419472
10.758333333333363,-0.0011308939558989759
10.766666666666696,-0.00025802129923124139
10.775000000000029,-0.0004968175635627211
10.783333333333362,-0.0018475363556227269
10.791666666666694,-0.0032703399589735032
10.800000000000027,-0.0035867178571446119
10.80833333333336,-0.0027972497043994432
10.816666666666693,-0.000900852544755844
10.825000000000026,0.0010634575413597037
10.833333333333359,0.0019179777094803629
10.841666666666692,0.0016640942229050649
10.850000000000025,0.00030152993250013747
10.858333333333357,-0.0011298959795234896
10.86666666666669,-0.0014516815045010601
10.875000000000023,-0.00066441344938792096
10.883333333333356,0.0012329851406313044
10.891666666666689,0.0032014960111345866
10.900000000000022,0.0040634262689835544
10.908333333333355,0.0038201760679686726
10.916666666666687,0.0024714833222228417
10.92500000000002,0.0010571814341511273
10.933333333333353,0.00075579592930163008
10.941666666666686,0.0015667715506431229
10.950000000000019,0.0024494614779840976
10.958333333333352,0.0022245431787510047
10.966666666666685,0.00089178277446598563
10.975000000000017,-0.00050895701792299337
10.98333333333335,-0.00079912809429422344
10.991666666666683,2.0730431942207696e-05
11.000000000000016,0.00090998462285294041
11.008333333333349,0.00068931933927070255
11.016666666666682,-0.0006414923193319757
11.025000000000015,-0.0020425824884120788
11.033333333333347,-0.0023354047698698195
11.04166666666668,-0.0015205028878805781
11.050000000000013,-0.00063851567683912444
11.058333333333346,-0.0008687682521717787
11.066666666666679,-0.0022115012733575148
11.075000000000012,-0.0036268655024104144
11.083333333333345,-0.0039363406414462364
11.091666666666677,-0.0031404961196536255
11.10000000000001,-0.0012382389539517924
11.108333333333343,0.00073142468187228178
11.116666666666676,0.0015907999849832882
11.125000000000009,0.0013412800762193022
11.133333333333342,-1.7405503590807483e-05
11.141666666666675,-0.0014454312711155886
11.150000000000007,-0.0017642903627899276
11.15833333333334,-0.00097456533773993513
11.166666666666673,0.00092482483917376138
11.175000000000006,0.0028948650821625436
11.183333333333339,0.0037578638703852072
11.191666666666672,0.0035152225683927245
11.200000000000005,0.0021666801338303494
11.208333333333337,0.00075207147713644742
11.21666666666667,0.00044992237121952903
11.225000000000003,0.001259676284072649
11.233333333333336,0.0021406842391638523
11.241666666666669,0.001913620422721889
11.250000000000002,0.00057824785541018262
11.258333333333335,-0.00082557397421290611
11.266666666666667,-0.0011193015557493077
11.275,-0.00030347946762702754
11.283333333333333,0.0005812525853943197
11.291666666666666,0.00035557259548134773
11.299999999999999,-0.00098075372878755115
11.308333333333332,-0.0023878666977196618
11.316666666666665,-0.0026872296659690106
11.324999999999998,-0.0018793963274425336
11.33333333333333,-0.0010050151173204591
11.341666666666663,-0.0012434218481362723
11.349999999999996,-0.0025948692359527691
11.358333333333329,-0.0040195217442580344
11.366666666666662,-0.004338874705023101
11.374999999999995,-0.0035535125849958699
11.383333333333328,-0.0016623576531883154
11.39166666666666,0.00029556881555461344
11.399999999999993,0.0011425546630321457
11.408333333333326,0.00087997386387051433
11.416666666666659,-0.00049246343798282541
11.424999999999992,-0.0019349519119666535
11.433333333333325,-0.0022690070351346647
11.441666666666658,-0.0014952344103153661
11.44999999999999,0.00038742369735785247
11.458333333333323,0.0023399276887083628
11.466666666666656,0.0031845584253098044
11.474999999999989,0.0029226889469655777
11.483333333333322,0.0015540295509020984
11.491666666666655,0.00011838714776226162
11.499999999999988,-0.00020574299584624647
11.50833333333332,0.00058104937404994373
11.516666666666653,0.0014380805513785181
11.524999999999986,0.0011859875498090029
11.533333333333319,-0.00017550388477429509
11.541666666666652,-0.0016065722891431663
11.549999999999985,-0.0019287155408648927
11.558333333333318,-0.0011425212027303447
11.56666666666665,0.00075308667218406148
11.574999999999983,0.002719087475283329
11.583333333333316,0.0035777831630687562
11.591666666666649,0.0033305684027161416
11.599999999999982,0.00197717535034356
11.608333333333315,0.00055743236464932014
11.616666666666648,0.00024985789748783815
11.62499999999998,0.0010538872061783226
11.633333333333313,0.0019288625815694694
11.641666666666646,0.0016954487238289612
11.649999999999979,0.00035339920507853218
11.658333333333312,-0.0010574360867006913
11.666666666666645,-0.001358524227561636
11.674999999999978,-0.00055042093625959278
11.68333333333331,0.00032622280666146487
11.691666666666643,9.2072900343348319e-05
11.699999999999976,-0.0012531175396765608
11.708333333333309,-0.0026695021398148726
11.716666666666642,-0.0029785588667923871
11.724999999999975,-0.0021808561024250842
11.733333333333308,-0.0002752992930809767
11.74166666666664,0.0016991075697223301
11.749999999999973,0.002564677194121063
11.758333333333306,0.0023228132564412397
11.766666666666639,0.00097325638000301585
11.774999999999972,-0.00044415614413587351
11.783333333333305,-0.00075090124366141396
11.791666666666638,5.2457142597958333e-05
11.799999999999971,0.00092526030591110245
11.808333333333303,0.0006881684478912258
11.816666666666636,-0.00065906996974535561
11.824999999999969,-0.0020766117140918945
11.833333333333302,-0.0023859351148054131
11.841666666666635,-0.0015876086947415077
11.849999999999968,0.00031946227826770051
11.858333333333301,0.0022962749479444053
11.866666666666633,0.0031651465336351063
11.874999999999966,0.0029274864509362714
11.883333333333299,0.0015830413915151368
11.891666666666632,0.00017165455359295409
11.899999999999965,-0.0001281424733966373
11.908333333333298,0.00068309705285107348
11.916666666666631,0.0015647260894607197
11.924999999999963,0.0013374186959099717
11.933333333333296,9.3775396313404012e-07
11.941666666666629,-0.0014048579534812759
11.949999999999962,-0.0017014281894873514
11.958333333333295,-0.00088932204001836938
11.966666666666628,-9.1839343606925735e-06
11.974999999999961,-0.00024034254468330486
11.983333333333293,-0.0015830401386105262
11.991666666666626,-0.0029974267579209301
11.999999999999959,-0.0033049783471080329
12.008333333333292,-0.0025062611684195015
12.016666666666625,-0.00060017872734420932
12.024999999999958,0.0013742665815802487
12.033333333333291,0.0022393872436765176
12.041666666666623,0.0019965858381460915
12.049999999999956,0.00064560171608910521
12.058333333333289,-0.00077372921309624726
12.066666666666622,-0.0010828866947137005
12.074999999999955,-0.00028243843006903944
12.083333333333288,0.00058695278756998477
12.091666666666621,0.00034594194579322076
12.099999999999953,-0.001005728229726966
12.108333333333286,-0.0024282210576310605
12.116666666666619,-0.0027430230427020344
12.124999999999952,-0.0019507110937728776
12.133333333333285,-5.0199052017911989e-05
12.141666666666618,0.0019195010345675497
12.149999999999951,0.0027806950919012979
12.158333333333283,0.0025347805096988408
12.166666666666616,0.0011814917357772657
12.174999999999949,-0.00023934009790373427
12.183333333333282,-0.00054919716264325094
12.191666666666615,0.0002513520269627139
12.199999999999948,0.0011216444482658257
12.208333333333281,0.00088233666942565158
12.216666666666613,-0.00046682625163353637
12.224999999999946,-0.0018860040861780143
12.233333333333279,-0.0021966772814642484
12.241666666666612,-0.0013994163037296093
12.249999999999945,0.00050687173821355809
12.258333333333278,0.0024831825456890296
12.266666666666611,0.0033518329720057783
12.274999999999944,0.0031142323441663497
12.283333333333276,0.0017701273667331051
12.291666666666609,0.00035936111292192495
12.299999999999942,6.0465837765510384e-05
12.308333333333275,0.00087288971478145696
12.316666666666608,0.0017559875269541074
12.324999999999941,0.0015304358346306119
12.333333333333274,0.0001960000792272594
12.341666666666606,-0.0012074581639387693
12.349999999999939,-0.0015013949927013539
12.358333333333272,-0.00068635545833143036
12.366666666666605,0.00019702006901182266
12.374999999999938,-3.0592361996264732e-05
12.383333333333271,-0.0013694297879270998
12.391666666666604,-0.0027796363488718999
12.399999999999936,-0.0030826810612222151
12.408333333333269,-0.0022791233183322751
12.416666666666602,-0.00036785963979973799
12.424999999999935,0.0016121147697822249
12.433333333333268,0.0024831208776523472
12.441666666666601,0.002246570411559852
12.449999999999934,0.00090221200918064594
12.458333333333266,-0.00051010905508279446
12.466666666666599,-0.00081186204784294141
12.474999999999932,-3.6034507440090518e-06
12.483333333333265,0.00087401541523794918
12.491666666666598,0.00064166194738504603
