Time,Theta
0,2.8274333882308138
0.0083333333333333332,2.8271578044915882
0.016666666666666666,2.8272758420795876
0.025000000000000001,2.8288994854697092
0.033333333333333333,2.8320273640544538
0.041666666666666664,2.8366567385946975
0.049999999999999996,2.8427834709479778
0.058333333333333327,2.8504019790691344
0.066666666666666666,2.859505177576843
0.074999999999999997,2.8700844043146962
0.083333333333333329,2.8821293335007336
0.09166666666666666,2.895627876260924
0.099999999999999992,2.9105660695851543
0.10833333333333332,2.9269279550321023
0.11666666666666665,2.9446954488431651
0.12499999999999999,2.9638482055033886
0.13333333333333333,2.9843634772033756
0.14166666666666666,3.0062159721000894
0.14999999999999999,3.0293777147306682
0.15833333333333333,3.0538179123803553
0.16666666666666666,3.0795028316162734
0.17499999999999999,3.1063956895402347
0.18333333333333332,3.1344565645495837
0.19166666666666665,-3.1195429756934119
0.19999999999999998,-3.0892786812172259
0.20833333333333331,-3.0590245328602457
0.21666666666666665,-3.0289685114866036
0.22499999999999998,-2.9979853659115925
0.23333333333333331,-2.9661295643902439
0.24166666666666664,-2.9334582961998907
0.24999999999999997,-2.9000313100317552
0.2583333333333333,-2.8659107159246293
0.26666666666666666,-2.8311607529386511
0.27500000000000002,-2.7958475259983682
0.28333333333333338,-2.7600387164743938
0.29166666666666674,-2.7238032720493544
0.3000000000000001,-2.6872110821620421
0.30833333333333346,-2.6503326457942333
0.31666666666666682,-2.6132387385276754
0.32500000000000018,-2.5760000856476206
0.33333333333333354,-2.5386870476203036
0.3416666666666669,-2.5013693235628316
0.35000000000000026,-2.4641156774095387
0.35833333333333361,-2.4269936904247631
0.36666666666666697,-2.3900695425883454
0.37500000000000033,-2.3534078242552288
0.38333333333333369,-2.3170713784253083
0.39166666666666705,-2.2811211730036987
0.40000000000000041,-2.2456162016206407
0.40833333333333377,-2.2106134109357742
0.41666666666666713,-2.1761676518811846
0.42500000000000049,-2.1423316519973632
0.43333333333333385,-2.1091560058725345
0.44166666666666721,-2.0766891806886036
0.45000000000000057,-2.0449775339822955
0.45833333333333393,-2.0140653409223259
0.46666666666666728,-1.983994828657607
0.47500000000000064,-1.9548062155841612
0.483333333333334,-1.9265377536893293
0.49166666666666736,-1.8992257724437547
0.50000000000000067,-1.8729047230110372
0.50833333333333397,-1.8476072218217325
0.51666666666666727,-1.8233640928055879
0.52500000000000058,-1.8002044077895056
0.53333333333333388,-1.7781555247468819
0.54166666666666718,-1.7572431237270201
0.55000000000000049,-1.7374912404029146
0.55833333333333379,-1.71892229725477
0.5666666666666671,-1.7015571324587626
0.5750000000000004,-1.6854150265798882
0.5833333333333337,-1.6705137271785504
0.59166666666666701,-1.6568694714371199
0.60000000000000031,-1.6444970068991225
0.60833333333333361,-1.6334096103936953
0.61666666666666692,-1.6236191051948681
0.62500000000000022,-1.6151358764417862
0.63333333333333353,-1.6079688848244957
0.64166666666666683,-1.6021591670015189
0.65000000000000013,-1.5977435813376475
0.65833333333333344,-1.5947176875033899
0.66666666666666674,-1.5930784085766037
0.67500000000000004,-1.5928240359824266
0.68333333333333335,-1.5939542322008726
0.69166666666666665,-1.5964700312688547
0.69999999999999996,-1.6003738370825156
0.70833333333333326,-1.6056694194853263
0.71666666666666656,-1.6123619081055238
0.72499999999999987,-1.6204577838810632
0.73333333333333317,-1.629964868179153
0.74166666666666647,-1.6408923093781242
0.74999999999999978,-1.6532505667290249
0.75833333333333308,-1.66705139124948
0.76666666666666639,-1.6823078033191095
0.77499999999999969,-1.6990340665394317
0.78333333333333299,-1.7172456572861781
0.7916666666666663,-1.7369592292119715
0.7999999999999996,-1.7581925717449729
0.8083333333333329,-1.7809645613661502
0.81666666666666621,-1.8052951041250449
0.82499999999999951,-1.8312050674615077
0.83333333333333282,-1.8587161989286425
0.84166666666666612,-1.8878510288503239
0.84999999999999942,-1.9186327532866774
0.85833333333333273,-1.9510850929172188
0.86666666666666603,-1.9852321225835636
0.87499999999999933,-2.0210980652697286
0.88333333333333264,-2.058707043258873
0.89166666666666594,-2.0980827781305749
0.89999999999999925,-2.1392482302184384
0.90833333333333255,-2.1822251672361435
0.91666666666666585,-2.227033651149636
0.92499999999999916,-2.2736914322311579
0.93333333333333246,-2.3222132398522048
0.94166666666666576,-2.3726099613052867
0.94999999999999907,-2.4248877032035705
0.95833333333333237,-2.4790467352506371
0.96666666666666567,-2.535080323846572
0.97499999999999898,-2.5929734734451961
0.98333333333333228,-2.6527016069019811
0.99166666666666559,-2.7142292319295103
0.99999999999999889,-2.7775086582516071
1.0083333333333322,-2.8424788473494438
1.0166666666666655,-2.9090644911656862
1.0249999999999988,-2.9771754243663677
1.0333333333333321,-3.0467064730393436
1.0416666666666654,-3.1175378278055392
1.0499999999999987,3.0936493076327247
1.058333333333332,3.0206299349661085
1.0666666666666653,2.9467449935819241
1.0749999999999986,2.8721575584291448
1.0833333333333319,2.797035256242284
1.0916666666666652,2.7215472366138713
1.0999999999999985,2.6458611974142832
1.1083333333333318,2.5701406457743756
1.1166666666666651,2.4945425435400082
1.1249999999999984,2.4192154391861758
1.1333333333333317,2.3442981352583949
1.1416666666666651,2.2699188899203362
1.1499999999999984,2.196195109590013
1.1583333333333317,2.1232334605265337
1.166666666666665,2.0511303113068982
1.1749999999999983,1.9799724139334662
1.1833333333333316,1.9098377361063734
1.1916666666666649,1.8407963678765076
1.1999999999999982,1.7729114396230046
1.2083333333333315,1.7062400028433178
1.2166666666666648,1.6408338390800226
1.2249999999999981,1.5767401745558332
1.2333333333333314,1.5140022883652249
1.2416666666666647,1.4526600103338905
1.249999999999998,1.3927501110579692
1.2583333333333313,1.3343065914131884
1.2666666666666646,1.2773608822358409
1.2749999999999979,1.2219419671552827
1.2833333333333312,1.1680764428937069
1.2916666666666645,1.1157885318949521
1.2999999999999978,1.0651000620192039
1.3083333333333311,1.0160304273435263
1.3166666666666644,0.96859654292962583
1.3249999999999977,0.92281280485148509
1.333333333333331,0.87869106491400761
1.3416666666666643,0.83624062744427796
1.3499999999999976,0.79546827340836923
1.358333333333331,0.75637831500631181
1.3666666666666643,0.71897268192500063
1.3749999999999976,0.68325103866741776
1.3833333333333309,0.64921093088988424
1.3916666666666642,0.61684795750674692
1.3999999999999975,0.58615596447903962
1.4083333333333308,0.55712725568281007
1.4166666666666641,0.52975281602763191
1.4249999999999974,0.50402254202600871
1.4333333333333307,0.47992547525112433
1.441666666666664,0.45745003451141603
1.4499999999999973,0.4365842430645584
1.4583333333333306,0.41731594774382663
1.4666666666666639,0.39963302743633133
1.4749999999999972,0.38352358890298266
1.4833333333333305,0.36897614844005172
1.4916666666666638,0.35597979833532933
1.4999999999999971,0.34452435745838045
1.5083333333333304,0.33460050564015092
1.5166666666666637,0.32619990174252694
1.524999999999997,0.31931528549697319
1.5333333333333303,0.31394056330893128
1.5416666666666636,0.31007087828850555
1.5499999999999969,0.30770266478612285
1.5583333333333302,0.30683368769264668
1.5666666666666635,0.30746306671517803
1.5749999999999968,0.30959128577068334
1.5833333333333302,0.31322018755763553
1.5916666666666635,0.31737178064188282
1.5999999999999968,0.32094017716324025
1.6083333333333301,0.32393194370195766
1.6166666666666634,0.3263526009224379
1.6249999999999967,0.32820663091038837
1.63333333333333,0.3294974832595462
1.6416666666666633,0.33022757984831069
1.6499999999999966,0.33137345639507454
1.6583333333333299,0.33404138242310411
1.6666666666666632,0.33726033297361119
1.6749999999999965,0.33993200688987635
1.6833333333333298,0.34206135602100646
1.6916666666666631,0.34365234144850754
1.6999999999999964,0.34470793923593979
1.7083333333333297,0.34523014482165537
1.716666666666663,0.34521997602275345
1.7249999999999963,0.34564668815418509
1.7333333333333296,0.34760895186266877
1.7416666666666629,0.35014049575239714
1.7499999999999962,0.35214811745895358
1.7583333333333295,0.35363556041504818
1.7666666666666628,0.35460561421458797
1.7749999999999961,0.35506011887770222
1.7833333333333294,0.35499996771857595
1.7916666666666627,0.35442510879927941
1.799999999999996,0.35333454496168676
1.8083333333333294,0.35269233734947675
1.8166666666666627,0.35359225430788166
1.824999999999996,0.35506947821171464
1.8333333333333293,0.356031900268864
1.8416666666666626,0.35648134664946035
1.8499999999999959,0.35641870130437975
1.8583333333333292,0.35584390741053262
1.8666666666666625,0.35475596739452531
1.8749999999999958,0.35315294153545512
1.8833333333333291,0.35199809754300765
1.8916666666666624,0.35238476822715759
1.8999999999999957,0.35334714294033992
1.908333333333329,0.35379170075099003
1.9166666666666623,0.35371931676963964
1.9249999999999956,0.35312991686768441
1.9333333333333289,0.35202247767680567
1.9416666666666622,0.35039502516718019
1.9499999999999955,0.34824463181424253
1.9583333333333288,0.34653567721833345
1.9666666666666621,0.34636322960059607
1.9749999999999954,0.34675844707091397
1.9833333333333287,0.34662405715817851
1.991666666666662,0.34595987355794861
1.9999999999999953,0.34476473856602163
2.0083333333333289,0.34303652149937708
2.0166666666666622,0.34077211570982896
2.0249999999999955,0.33796743421267927
2.0333333333333288,0.33558993660178837
2.0416666666666621,0.3347387138929524
2.0499999999999954,0.33443954282052962
2.0583333333333287,0.33358868473131081
2.066666666666662,0.33218464584452573
2.0749999999999953,0.33022492147656263
2.0833333333333286,0.32770599268428874
2.0916666666666619,0.32462332155009255
2.0999999999999952,0.32194916858033445
2.1083333333333285,0.32078823194477873
2.1166666666666618,0.3201604943227051
2.1249999999999951,0.31895549852246835
2.1333333333333284,0.31717111304432055
2.1416666666666617,0.31480415180362775
2.149999999999995,0.31185037011527289
2.1583333333333283,0.30830445938148127
2.1666666666666616,0.30514408242246277
2.1749999999999949,0.30348034456466649
2.1833333333333282,0.30232619117275378
2.1916666666666615,0.30056296951698708
2.1999999999999948,0.29818754915222589
2.2083333333333282,0.29519569223516773
2.2166666666666615,0.29158204867429288
2.2249999999999948,0.28833020609073218
2.2333333333333281,0.2865579212710096
2.2416666666666614,0.2852719584003035
2.2499999999999947,0.28334664172956653
2.258333333333328,0.28077856766658127
2.2666666666666613,0.27756317668321956
2.2749999999999946,0.27369474865035259
2.2833333333333279,0.27016255939125006
2.2916666666666612,0.26809087534461634
2.2999999999999945,0.26647987627838937
2.3083333333333278,0.26419634298227579
2.3166666666666611,0.26123625502115061
2.3249999999999944,0.25759438485228636
2.3333333333333277,0.25326429325548916
2.341666666666661,0.24924103033810779
2.3499999999999943,0.24665557686066952
2.3583333333333276,0.24450074510948203
2.3666666666666609,0.24163484323507214
2.3749999999999942,0.23805285413813046
2.3833333333333275,0.23374849771118772
2.3916666666666608,0.22972268504745583
2.3999999999999941,0.22711284292661799
2.4083333333333274,0.22490601462451887
2.4166666666666607,0.22195403478454953
2.424999999999994,0.21825178035362655
2.4333333333333274,0.21379281728757127
2.4416666666666607,0.2095832953132972
2.449999999999994,0.20676649190425023
2.4583333333333273,0.20432370025075533
2.4666666666666606,0.20110026094160674
2.4749999999999939,0.19709063131479418
2.4833333333333272,0.19228791128435441
2.4916666666666605,0.18770308709621011
2.4999999999999938,0.18448491295718991
2.5083333333333271,0.1826295481864971
2.5166666666666604,0.18111357937355232
2.5249999999999937,0.17877731765760602
2.533333333333327,0.17561681984947178
2.5416666666666603,0.17162673039722134
2.5499999999999936,0.1668002810586815
2.5583333333333269,0.16215412652415034
2.5666666666666602,0.15884318140090259
2.5749999999999935,0.1568633280962001
2.5833333333333268,0.15518550928960345
2.5916666666666601,0.15264367813803523
2.5999999999999934,0.14923360633575888
2.6083333333333267,0.14494960255204359
2.61666666666666,0.14081348426060608
2.6249999999999933,0.13798549569099042
2.6333333333333266,0.13543195937390343
2.6416666666666599,0.13198154562310535
2.6499999999999932,0.12762856136527592
2.6583333333333266,0.12339769048142889
2.6666666666666599,0.1204522807142047
2.6749999999999932,0.11878843737630157
2.6833333333333265,0.11737089326551933
2.6916666666666598,0.11502668179889453
2.6999999999999931,0.1117520128843595
2.7083333333333264,0.10754156671468901
2.7166666666666597,0.10342325555202578
2.724999999999993,0.10056381166319112
2.7333333333333263,0.098959344580961006
2.7416666666666596,0.097571929007713762
2.7499999999999929,0.095225624354676283
2.7583333333333262,0.09191669533298033
2.7666666666666595,0.087639847595795975
2.7749999999999928,0.083425373113744219
2.7833333333333261,0.080442519242608063
2.7916666666666594,0.07868712393721336
2.7999999999999927,0.077118756089355214
2.808333333333326,0.074558674265172584
2.8166666666666593,0.071002863418968581
2.8249999999999926,0.066445724649448645
2.8333333333333259,0.061919224305927126
2.8416666666666592,0.058594376722793641
2.8499999999999925,0.056466428992457102
2.8583333333333258,0.054492487112318112
2.8666666666666591,0.051491092319226543
2.8749999999999925,0.047457615489667794
2.8833333333333258,0.043426265025068939
2.8916666666666591,0.040570218695883342
2.8999999999999924,0.038885289240074519
2.9083333333333257,0.037328124264489296
2.916666666666659,0.034716748681525217
2.9249999999999923,0.03104721155007956
2.9333333333333256,0.027355148787641035
2.9416666666666589,0.024815086610464204
2.9499999999999922,0.023423222201470719
2.9583333333333255,0.022135995239083071
2.9666666666666588,0.019771183170284607
2.9749999999999921,0.016325270739957577
2.9833333333333254,0.012834723951536229
2.9916666666666587,0.010474813584287078
2.999999999999992,0.0092419442993177288
3.0083333333333253,0.0080924755985288706
3.0166666666666586,0.0058440851611100356
3.0249999999999919,0.0024934840752342713
3.0333333333333252,-0.0009225059190105055
3.0416666666666585,-0.0032283591008223354
3.0499999999999918,-0.00442764019115307
3.0583333333333251,-0.0055640026014314109
3.0666666666666584,-0.00781977616639528
3.0749999999999917,-0.011198212418274525
3.083333333333325,-0.014662556282997286
3.0916666666666583,-0.017037477644291754
3.0999999999999917,-0.018326694255061077
3.108333333333325,-0.019573819196534999
3.1166666666666583,-0.021961101422662513
3.1249999999999916,-0.02549193386155538
3.1333333333333249,-0.029130060018774471
3.1416666666666582,-0.031700824583283743
3.1499999999999915,-0.033208297981082234
3.1583333333333248,-0.034695971027752563
3.1666666666666581,-0.037345876718755958
3.1749999999999914,-0.040120891709360097
3.1833333333333247,-0.041845596705906173
3.191666666666658,-0.042522782811745125
3.1999999999999913,-0.04319423595241554
3.2083333333333246,-0.045040284795762726
3.2166666666666579,-0.048063457930025068
3.2249999999999912,-0.051227710362736628
3.2333333333333245,-0.053358891609804067
3.2416666666666578,-0.054460459432532193
3.2499999999999911,-0.05557414575794286
3.2583333333333244,-0.057880083676348913
3.2666666666666577,-0.060341815375653009
3.274999999999991,-0.061784858490239972
3.2833333333333243,-0.062211604257808126
3.2916666666666576,-0.06266217545368509
3.2999999999999909,-0.064315102345507094
3.3083333333333242,-0.067172583144267217
3.3166666666666575,-0.070199643055523231
3.3249999999999909,-0.072223515832036844
3.3333333333333242,-0.073247541123316676
3.3416666666666575,-0.07327346034532678
3.3499999999999908,-0.073339836375120301
3.3583333333333241,-0.074623583233491345
3.3666666666666574,-0.077126361138822888
3.3749999999999907,-0.079813557430480173
3.383333333333324,-0.08151290829279581
3.3916666666666573,-0.082227254483858536
3.3999999999999906,-0.081957848776110828
3.4083333333333239,-0.081741947590742228
3.4166666666666572,-0.082755109277423786
3.4249999999999905,-0.084998607125658585
3.4333333333333238,-0.087438237965713581
3.4416666666666571,-0.088902263448503008
3.4499999999999904,-0.089393158286816071
3.4583333333333237,-0.089948590647969576
3.466666666666657,-0.091744299913672334
3.4749999999999903,-0.093746186420408703
3.4833333333333236,-0.094782673926778194
3.4916666666666569,-0.094855550750981107
3.4999999999999902,-0.095001195629465393
3.5083333333333235,-0.09639405939938156
3.5166666666666568,-0.098000021533475437
3.5249999999999901,-0.098647503857294455
3.5333333333333234,-0.09833766316657977
3.5416666666666567,-0.098105849363240669
3.5499999999999901,-0.099125510780353782
3.5583333333333234,-0.10139789966556924
3.5666666666666567,-0.10389071052020052
3.57499999999999,-0.10543446782935145
3.5833333333333233,-0.10603180587560923
3.5916666666666566,-0.10568380412897947
3.5999999999999899,-0.10542481733368872
3.6083333333333232,-0.10642719798126914
3.6166666666666565,-0.10765754290028086
3.6249999999999898,-0.10794512224857807
3.6333333333333231,-0.10729050637853237
3.6416666666666564,-0.10672734537764918
3.6499999999999897,-0.10742732981336317
3.658333333333323,-0.10939127570010532
3.6666666666666563,-0.1115874828026316
3.6749999999999896,-0.11284720367008065
3.6833333333333229,-0.11317261655107905
3.6916666666666562,-0.11256435564427328
3.6999999999999895,-0.11205542211160453
3.7083333333333228,-0.11281676531510014
3.7166666666666561,-0.11381551976668362
3.7249999999999894,-0.11388157873932436
3.7333333333333227,-0.1130151474162927
3.741666666666656,-0.11224874852073749
3.7499999999999893,-0.11275290567273993
3.7583333333333226,-0.11452817231131843
3.7666666666666559,-0.11654329522767214
3.7749999999999893,-0.11763005534083527
3.7833333333333226,-0.11779035082635925
3.7916666666666559,-0.11702454316766278
3.7999999999999892,-0.11636474145766126
3.8083333333333225,-0.11698096780255646
3.8166666666666558,-0.1178407527116896
3.8249999999999891,-0.11777444421595791
3.8333333333333224,-0.11678202769137495
3.8416666666666557,-0.11589528261307176
3.849999999999989,-0.11628395975861359
3.8583333333333223,-0.11691518202687402
3.8666666666666556,-0.1166188199361623
3.8749999999999889,-0.11539447748599015
3.8833333333333222,-0.11427376198656075
3.8916666666666555,-0.11442632890438671
3.8999999999999888,-0.11481871614675963
3.9083333333333221,-0.1142801133050408
3.9166666666666554,-0.11280972423890478
3.9249999999999887,-0.11143912955012579
3.933333333333322,-0.11133805374502999
3.9416666666666553,-0.11250625979901883
3.9499999999999886,-0.11391139037025831
3.9583333333333219,-0.11438393370716529
3.9666666666666552,-0.11392476788677558
3.9749999999999885,-0.11253322856999975
3.9833333333333218,-0.11124106217367846
3.9916666666666551,-0.11121814476725632
3.9999999999999885,-0.11143032597127282
4.0083333333333222,-0.11070599994242547
4.0166666666666559,-0.10904406634875788
4.0249999999999897,-0.10747632186264133
4.0333333333333234,-0.10717280256963127
4.0416666666666572,-0.10813300434568829
4.0499999999999909,-0.10932369239596383
4.0583333333333247,-0.10957433293321001
4.0666666666666584,-0.10888543577304563
4.0749999999999922,-0.10725596080894638
4.0833333333333259,-0.10571799955785231
4.0916666666666597,-0.10544189928296824
4.0999999999999934,-0.10539238396257654
4.1083333333333272,-0.1043965527774567
4.1166666666666609,-0.10245286497216322
4.1249999999999947,-0.10059354185346188
4.1333333333333284,-0.099989187254774597
4.1416666666666622,-0.10063889349395071
4.1499999999999959,-0.10150803402528973
4.1583333333333297,-0.10142446078631157
4.1666666666666634,-0.10038813378502952
4.1749999999999972,-0.098397451127966634
4.1833333333333309,-0.096485072147104917
4.1916666666666647,-0.095822093837212227
4.1999999999999984,-0.09640752559832258
4.2083333333333321,-0.09720613575440161
4.2166666666666659,-0.097045075674903211
4.2249999999999996,-0.095924179553161071
4.2333333333333334,-0.093841713417107037
4.2416666666666671,-0.091830742797697457
4.2500000000000009,-0.091062836103081621
4.2583333333333346,-0.091536855996999705
4.2666666666666684,-0.09221684888400139
4.2750000000000021,-0.091929132332620872
4.2833333333333359,-0.090673335764468177
4.2916666666666696,-0.088447513454382357
4.3000000000000034,-0.086285124663043319
4.3083333333333371,-0.085358208309813402
4.3166666666666709,-0.085665403933933126
4.3250000000000046,-0.086169879454214768
4.3333333333333384,-0.085696941483684633
4.3416666666666721,-0.084245922054644456
4.3500000000000059,-0.081814570045479929
4.3583333333333396,-0.079436735210891854
4.3666666666666734,-0.078284935228390279
4.3750000000000071,-0.078357490840009425
4.3833333333333409,-0.078616494703556999
4.3916666666666746,-0.077886022463443824
4.4000000000000083,-0.076164996702460547
4.4083333333333421,-0.074488956178173416
4.4166666666666758,-0.074032033645645812
4.4250000000000096,-0.073755165151096494
4.4333333333333433,-0.072481125228014975
4.4416666666666771,-0.070207970020812416
4.4500000000000108,-0.067970922339871259
4.4583333333333446,-0.066943921164527478
4.4666666666666783,-0.067125437060866419
4.4750000000000121,-0.067476695434245906
4.4833333333333458,-0.066820761442576301
4.4916666666666796,-0.065156688289386436
4.5000000000000133,-0.062481923089563157
4.5083333333333471,-0.059831714727930446
4.5166666666666808,-0.058380117174887038
4.5250000000000146,-0.058124991466051858
4.5333333333333483,-0.058026235513059833
4.5416666666666821,-0.056905420776160037
4.5500000000000158,-0.054760874044236955
4.5583333333333496,-0.052629254244385588
4.5666666666666833,-0.051685986108360997
4.5750000000000171,-0.051929631432749396
4.5833333333333508,-0.052320374754804368
4.5916666666666845,-0.051680062909212426
4.6000000000000183,-0.050007788440262983
4.608333333333352,-0.047301021287344619
4.6166666666666858,-0.044596038087582272
4.6250000000000195,-0.043067954753091504
4.6333333333333533,-0.042714485582521992
4.641666666666687,-0.042494406425035998
4.6500000000000208,-0.041228008595963976
4.6583333333333545,-0.038913417257309263
4.6666666666666883,-0.036587987289079714
4.675000000000022,-0.035427881040821313
4.6833333333333558,-0.035431322663245113
4.6916666666666895,-0.035557247015259724
4.7000000000000233,-0.034626075393272934
4.708333333333357,-0.032636465663234068
4.7166666666666908,-0.030626566494551821
4.7250000000000245,-0.029773309110616732
4.7333333333333583,-0.03007535141059809
4.741666666666692,-0.030491844654596815
4.7500000000000258,-0.029843406218785281
4.7583333333333595,-0.028129137476609545
4.7666666666666933,-0.026387788549970786
4.775000000000027,-0.025796872825200098
4.7833333333333607,-0.0263554246350142
4.7916666666666945,-0.027022841175689313
4.8000000000000282,-0.026619973232792263
4.808333333333362,-0.025146303521788246
4.8166666666666957,-0.022599668883951218
4.8250000000000295,-0.020017733459176724
4.8333333333333632,-0.018576958418918134
4.841666666666697,-0.018275124804902849
4.8500000000000307,-0.018070136509048713
4.8583333333333645,-0.016781264718221198
4.8666666666666982,-0.014406647086203685
4.875000000000032,-0.011984419176490535
4.8833333333333657,-0.010691476709402483
4.8916666666666995,-0.010525801334150266
4.9000000000000332,-0.010445355204636859
4.908333333333367,-0.0092694433172510176
4.9166666666667007,-0.0069963894329489228
4.9250000000000345,-0.0046645994008704212
4.9333333333333682,-0.0034512019042013905
4.941666666666702,-0.0033542825966901614
4.9500000000000357,-0.0033318411990819691
4.9583333333333695,-0.0022032023635299505
4.9666666666667032,3.3225983516242522e-05
4.9750000000000369,0.0023389359840275594
4.9833333333333707,0.0035367380262232833
4.9916666666667044,0.0036285359896122906
5.0000000000000382,0.003656323502286004
5.0083333333333719,0.004800779864820871
5.0166666666667057,0.0070635081545135266
5.0250000000000394,0.0094060545988287284
5.0333333333333732,0.010651332905438805
5.0416666666667069,0.010801331549853844
5.0500000000000407,0.0098563813672291629
5.0583333333333744,0.0088568595135481501
5.0666666666667082,0.0089818526395995957
5.0750000000000419,0.010231441895553209
5.0833333333333757,0.011565691138944827
5.0916666666667094,0.011806035848610525
5.1000000000000432,0.010952944031500782
5.1083333333333769,0.010046916575219153
5.1166666666667107,0.010267163879612358
5.1250000000000444,0.01161390801858859
5.1333333333333782,0.013047374542355437
5.1416666666667119,0.013389171428759457
5.1500000000000457,0.012639921242964204
5.1583333333333794,0.011840255962945408
5.1666666666667131,0.012169516888110375
5.1750000000000469,0.013628086673505256
5.1833333333333806,0.01517638602866027
5.1916666666667144,0.015636234574620371
5.2000000000000481,0.015008435568665747
5.2083333333333819,0.014333762745408313
5.2166666666667156,0.014791697624013406
5.2250000000000494,0.01638281128573844
5.2333333333333831,0.018067768485433382
5.2416666666667169,0.018668657356330678
5.2500000000000506,0.018186498332519278
5.2583333333333844,0.017662218964065092
5.2666666666667181,0.018275449824930342
5.2750000000000519,0.020026987671265043
5.2833333333333856,0.021877811299794301
5.2916666666667194,0.022650358906341102
5.3000000000000531,0.022345917215838271
5.3083333333333869,0.022005577819763446
5.3166666666667206,0.022809124235775989
5.3250000000000544,0.024757627084973817
5.3333333333333881,0.026812478861758214
5.3416666666667219,0.027796584552650206
5.3500000000000556,0.027711562050963486
5.3583333333333893,0.026557383108927669
5.3666666666667231,0.025373710893005018
5.3750000000000568,0.025338939891060879
5.3833333333333906,0.026452914525378249
5.3916666666667243,0.027675851158748863
5.4000000000000581,0.027829450652412321
5.4083333333333918,0.026914052347232195
5.4166666666667256,0.025969672363825216
5.4250000000000593,0.026175044661881683
5.4333333333333931,0.027530363531691644
5.4416666666667268,0.028996234901946305
5.4500000000000606,0.029394772057432923
5.4583333333333943,0.028726692402570083
5.4666666666667281,0.028032326289047733
5.4750000000000618,0.028490705231350798
5.4833333333333956,0.030102390416127289
5.4916666666667293,0.031828452564910376
5.5000000000000631,0.032491509684025331
5.5083333333333968,0.032092689877972154
5.5166666666667306,0.031672606911213659
5.5250000000000643,0.032410551009404216
5.5333333333333981,0.033266401357238351
5.5416666666667318,0.03306155019181551
5.5500000000000655,0.031795782736151253
5.5583333333333993,0.030508394434426021
5.566666666666733,0.030377415181934177
5.5750000000000668,0.03140255010651425
5.5833333333334005,0.032544059066731072
5.5916666666667343,0.032623724804649402
5.600000000000068,0.03164177305713705
5.6083333333334018,0.030637941106220326
5.6166666666667355,0.030790682213584091
5.6250000000000693,0.032100112723569593
5.633333333333403,0.033526935341724538
5.6416666666667368,0.033893400790565451
5.6500000000000705,0.033200179159661052
5.6583333333334043,0.032487386715568028
5.666666666666738,0.032933833168125447
5.6750000000000718,0.03454005899492691
5.6833333333334055,0.036267298587980876
5.6916666666667393,0.03693837986028782
5.700000000000073,0.036554447389732264
5.7083333333334068,0.035115006895814295
5.7166666666667405,0.033658944073136278
5.7250000000000743,0.033363887390228344
5.733333333333408,0.034229305563024663
5.7416666666667417,0.035215338395909776
5.7500000000000755,0.035143663862041166
5.7583333333334092,0.034014273067339874
5.766666666666743,0.03286657732940753
5.7750000000000767,0.032878710118023249
5.7833333333334105,0.034050583918382046
5.7916666666667442,0.035342778530707088
5.800000000000078,0.035577431695910357
5.8083333333334117,0.034755009804397774
5.8166666666667455,0.033915363617411314
5.8250000000000792,0.034237042647863349
5.833333333333413,0.035720406212689279
5.8416666666667467,0.037326559259206964
5.8500000000000805,0.037878204222469458
5.8583333333334142,0.037376300913273736
5.866666666666748,0.035820171077632093
5.8750000000000817,0.03424848860644257
5.8833333333334155,0.033838677923993123
5.8916666666667492,0.034590042340525054
5.900000000000083,0.035462570457875188
5.9083333333334167,0.035277784292747347
5.9166666666667505,0.03403549941371678
5.9250000000000842,0.032774952675889535
5.9333333333334179,0.03267411101739582
5.9416666666667517,0.03373272358438073
5.9500000000000854,0.034911191648133139
5.9583333333334192,0.035031463445534664
5.9666666666667529,0.034093827827882693
5.9750000000000867,0.033137987385742813
5.9833333333334204,0.033342353175732767
5.9916666666667542,0.034707115452266214
6.0000000000000879,0.036193163010380718
6.0083333333334217,0.036622962837030378
6.0166666666667554,0.035997284648915634
6.0250000000000892,0.034315259007163194
6.0333333333334229,0.0326154342882298
6.0416666666667567,0.032075119833125124
6.0500000000000904,0.03269342908582773
6.0583333333334242,0.033430077735512258
6.0666666666667579,0.033106288943630234
6.0750000000000917,0.03172166371167754
6.0833333333334254,0.030315318067990947
6.0916666666667592,0.030065110389621907
6.1000000000000929,0.030970572875099189
6.1083333333334267,0.031991773792315409
6.1166666666667604,0.031950292745911713
6.1250000000000941,0.030846168065655218
6.1333333333334279,0.029718981399013498
6.1416666666667616,0.029747039393144326
6.1500000000000954,0.030930277768035086
6.1583333333334291,0.032229169938904512
6.1666666666667629,0.032465717936327416
6.1750000000000966,0.031640390206074891
6.1833333333334304,0.029752012619353452
6.1916666666667641,0.027839006995325332
6.2000000000000979,0.027078569804748154
6.2083333333334316,0.02746949014387896
6.2166666666667654,0.027970956246697279
6.2250000000000991,0.02740360871520867
6.2333333333334329,0.025766676337138594
6.2416666666667666,0.024099110903488999
6.2500000000001004,0.023578621616909365
6.2583333333334341,0.02420434353356889
6.2666666666667679,0.02493570562822528
6.2750000000001016,0.024593578426508219
6.2833333333334354,0.023177539285323085
6.2916666666667691,0.021726960357529114
6.3000000000001029,0.02141995800608943
6.3083333333334366,0.022255977971607409
6.3166666666667703,0.023194703617302966
6.3250000000001041,0.02305725594368873
6.3333333333334378,0.02184352713643694
6.3416666666667716,0.020593237101244173
6.3500000000001053,0.020484839609361451
6.3583333333334391,0.021518071018043653
6.3666666666667728,0.022652885988630724
6.3750000000001066,0.022710680242883977
6.3833333333334403,0.021691645381380582
6.3916666666667741,0.020635802368080623
6.4000000000001078,0.020721897162352013
6.4083333333334416,0.021949951183987623
6.4166666666667753,0.023280217761433214
6.4250000000001091,0.023534403291033089
6.4333333333334428,0.022713000661861511
6.4416666666667766,0.020814853117133086
6.4500000000001103,0.018878666234292699
6.4583333333334441,0.018081908487691898
6.4666666666667778,0.018423304768728985
6.4750000000001116,0.01886171266392643
6.4833333333334453,0.018217382224864256
6.4916666666667791,0.016489432906339641
6.5000000000001128,0.014716937755490855
6.5083333333334465,0.014077716004063788
6.5166666666667803,0.014570719864006489
6.525000000000114,0.015154952879108457
6.5333333333334478,0.01465079547595205
6.5416666666667815,0.013057584067951176
6.5500000000001153,0.011414665072651081
6.558333333333449,0.010900117749927159
6.5666666666667828,0.01151307570755023
6.5750000000001165,0.012212671990161844
6.5833333333334503,0.011819404202949378
6.591666666666784,0.010332779318761504
6.6000000000001178,0.0087923490263275093
6.6083333333334515,0.0083763872134753042
6.6166666666667853,0.0090841718508018442
6.625000000000119,0.0098749471215030318
6.6333333333334528,0.009569312010384988
6.6416666666667865,0.0081669076000525382
6.6500000000001203,0.0067074409176980897
6.658333333333454,0.0063693326992080579
6.6666666666667878,0.0071519754921521546
6.6750000000001215,0.0080147066864893826
6.6833333333334553,0.0077782107300461137
6.691666666666789,0.0064422340876335703
6.7000000000001227,0.0050466020432510866
6.7083333333334565,0.004769846809917498
6.7166666666667902,0.005611451581863193
6.725000000000124,0.0065308305709081962
6.7333333333334577,0.0063487388858181389
6.7416666666667915,0.0050650056491179851
6.7500000000001252,0.0037195465186882922
6.758333333333459,0.0034909786556849573
6.7666666666667927,0.0043788566663287374
6.7750000000001265,0.0053426571673680654
6.7833333333334602,0.0052031927521960864
6.791666666666794,0.0039603571439955311
6.8000000000001277,0.0026541351452885743
6.8083333333334615,0.0024632087021924198
6.8166666666667952,0.0033871883358341731
6.825000000000129,0.0043856006583761131
6.8333333333334627,0.0042793043069392156
6.8416666666667965,0.0030682431704889381
6.8500000000001302,0.0017924548193089078
6.858333333333464,0.0016306704408534146
6.8666666666667977,0.0025825439237305383
6.8750000000001315,0.0036076413156768392
6.8833333333334652,0.0035268574888369345
6.8916666666667989,0.0023401748603205314
6.9000000000001327,0.0010876709462428367
6.9083333333334664,0.00094811399734072844
6.9166666666668002,0.0019211910238470745
6.9250000000001339,0.0029664985497567806
6.9333333333334677,0.0029049592987530027
6.9416666666668014,0.0017365847177251467
6.9500000000001352,0.00050148204825529097
6.9583333333334689,0.00037844687218267726
6.9666666666668027,0.0013671908413446269
6.9750000000001364,0.0024273333149220895
6.9833333333334702,0.0023798176599704171
6.9916666666668039,0.0012246764619156787
7.0000000000001377,2.0383514813931676e-06
7.0083333333334714,-0.00010928173675654877
7.0166666666668052,0.00089044532875309215
7.0250000000001389,0.0019608551340188352
7.0333333333334727,0.0019229053956544158
7.0416666666668064,0.00077664311481591679
7.0500000000001402,-0.00043778869721722801
7.0583333333334739,-0.00054156251560765053
7.0666666666668077,0.00046506204609435156
7.0750000000001414,0.0015417309494233603
7.0833333333334751,0.0015094106237316829
7.0916666666668089,0.00036815656034083099
7.1000000000001426,-0.00084187997779504515
7.1083333333334764,-0.00094186485816149731
7.1166666666668101,6.7947939545363661e-05
7.1250000000001439,0.0011472093957772998
7.1333333333334776,0.0011168894237184293
7.1416666666668114,-2.2953448639348757e-05
7.1500000000001451,-0.0012321653347732056
7.1583333333334789,-0.0013319110700660503
7.1666666666668126,-0.00032244432022415651
7.1750000000001464,0.00075588580110343042
7.1833333333334801,0.00072404762817757313
7.1916666666668139,-0.0004179025533190432
7.2000000000001476,-0.0016298137011818595
7.2083333333334814,-0.0017328551278465527
7.2166666666668151,-0.00072728549145082842
7.2250000000001489,0.00034654088609895419
7.2333333333334826,0.00030958562523217828
7.2416666666668164,-0.0008381026215731408
7.2500000000001501,-0.0020563812924913306
7.2583333333334838,-0.0021664299549010472
7.2666666666668176,-0.00116851784064149
7.2750000000001513,-0.00010300983961607492
7.2833333333334851,-0.00014895649207248113
7.2916666666668188,-0.0013063225724135562
7.3000000000001526,-0.0025349801444624902
7.3083333333334863,-0.0026561254330554375
7.3166666666668201,-0.0016700444044477957
7.3250000000001538,-0.00061711837205378301
7.3333333333334876,-0.00067641604136105802
7.3416666666668213,-0.0018479221208717964
7.3500000000001551,-0.0030915303344994636
7.3583333333334888,-0.0032284609969689465
7.3666666666668226,-0.0022590238869759022
7.3750000000001563,-0.0012236233533806579
7.3833333333334901,-0.0013013530834420002
7.3916666666668238,-0.0024922252873184995
7.4000000000001576,-0.0037561637224094897
7.4083333333334913,-0.003914421745142639
7.4166666666668251,-0.0029673413323170099
7.4250000000001588,-0.0019553575093993721
7.4333333333334926,-0.0020575968348240342
7.4416666666668263,-0.0032741080486616094
7.45000000000016,-0.0045648552131854186
7.4583333333334938,-0.0047511358169254137
7.4666666666668275,-0.0038333341935364476
7.4750000000001613,-0.0028519249964828195
7.483333333333495,-0.0029860768755749115
7.4916666666668288,-0.0042358860632567431
7.5000000000001625,-0.0055613698177565804
7.5083333333334963,-0.0057838838006190642
7.51666666666683,-0.0049038672024262183
7.5250000000001638,-0.0039618448415258672
7.5333333333334975,-0.0041370382418344769
7.5416666666668313,-0.0054296045937094924
7.550000000000165,-0.0067996308217897049
7.5583333333334988,-0.0070685488469690427
7.5666666666668325,-0.0062368682638258817
7.5750000000001663,-0.0053451764163805213
7.5833333333335,-0.005572760207237089
7.5916666666668338,-0.0069198544427902459
7.6000000000001675,-0.008346637070792487
7.6083333333335013,-0.0086746399136414486
7.616666666666835,-0.0079044624514587186
7.6250000000001688,-0.0070767688800604826
7.6333333333335025,-0.0073709257093911122
7.6416666666668362,-0.0087872660511150724
7.65000000000017,-0.010286086934577495
7.6583333333335037,-0.010689051405404238
7.6666666666668375,-0.0099968733722258975
7.6750000000001712,-0.0092503101100575216
7.683333333333505,-0.0096288233856893519
7.6916666666668387,-0.011132870354864545
7.7000000000001725,-0.012722904455094676
7.7083333333335062,-0.013220761992760951
7.71666666666684,-0.012627302351737313
7.7250000000001737,-0.011983393556912898
7.7333333333335075,-0.012468608840831003
7.7416666666668412,-0.014083561421743385
7.750000000000175,-0.015788911424111037
7.7583333333335087,-0.016406725573530272
7.7666666666668425,-0.015938048138486469
7.7750000000001762,-0.014382268548297879
7.78333333333351,-0.012778765235103932
7.7916666666668437,-0.012305651937223477
7.8000000000001775,-0.012962124610313737
7.8083333333335112,-0.01370740237739365
7.816666666666845,-0.013362077425448605
7.8250000000001787,-0.011925728585974899
7.8333333333335124,-0.010437959220697493
7.8416666666668462,-0.010077098298109035
7.8500000000001799,-0.010842506502546864
7.8583333333335137,-0.01169353458751175
7.8666666666668474,-0.011450897970559116
7.8750000000001812,-0.010114332309619263
7.8833333333335149,-0.0087236193005372671
7.8916666666668487,-0.0084572589678827571
7.9000000000001824,-0.0093147514161445628
7.9083333333335162,-0.01025556630656581
7.9166666666668499,-0.010100532042339159
7.9250000000001837,-0.0088495175043004221
7.9333333333335174,-0.0075424502243351087
7.9416666666668512,-0.0073579707995987901
7.9500000000001849,-0.0082957006236323728
7.9583333333335187,-0.0093152185292351541
7.9666666666668524,-0.0092374583515318145
7.9750000000001862,-0.0080624061230088907
7.9833333333335199,-0.0068301132997777196
7.9916666666668537,-0.0067193408309459404
8.0000000000001865,-0.0077298195953422041
8.0083333333335194,-0.0088212317438015175
8.0166666666668522,-0.0088146127225868995
8.0250000000001851,-0.0077100562079261154
8.033333333333518,-0.0065477239028836117
8.0416666666668508,-0.006506484857196999
8.0500000000001837,-0.0075861733926590796
8.0583333333335165,-0.0087465736610784408
8.0666666666668494,-0.0088088234352333341
8.0750000000001823,-0.0077731205208706423
8.0833333333335151,-0.0066797298513889686
8.091666666666848,-0.0067076227497711296
8.1000000000001808,-0.0078567364055242301
8.1083333333335137,-0.0090869608530963902
8.1166666666668466,-0.0092195422755284862
8.1250000000001794,-0.0082547848756588053
8.1333333333335123,-0.0072330553979102026
8.1416666666668451,-0.0073334269612652884
8.150000000000178,-0.0085559444843121765
8.1583333333335109,-0.0098606138335493778
8.1666666666668437,-0.010068802136029415
8.1750000000001766,-0.0091809281714778888
8.1833333333335094,-0.0082374639134095585
8.1916666666668423,-0.0084175883232610431
8.2000000000001751,-0.0097214645792495155
8.208333333333508,-0.01110923166523353
8.2166666666668409,-0.01140239819136808
8.2250000000001737,-0.010601512088095027
8.2333333333335066,-0.0097471581660330212
8.2416666666668394,-0.010018628999766072
8.2500000000001723,-0.01141622272847519
8.2583333333335052,-0.01290023797074262
8.266666666666838,-0.013292355669876211
8.2750000000001709,-0.012593274742518569
8.2833333333335037,-0.011843703881440163
8.2916666666668366,-0.012223059729714686
8.3000000000001695,-0.013731799041930707
8.3083333333335023,-0.015330418657643388
8.3166666666668352,-0.015840816455971182
8.325000000000168,-0.015263872753542768
8.3333333333335009,-0.013598812634384809
8.3416666666668338,-0.011884863731311517
8.3500000000001666,-0.011299990073181576
8.3583333333334995,-0.011843221530607384
8.3666666666668323,-0.012473592191145065
8.3750000000001652,-0.012011500650702892
8.3833333333334981,-0.010456349309923795
8.3916666666668309,-0.0088475844229436613
8.4000000000001638,-0.0083633763304690207
8.4083333333334966,-0.009002901688406546
8.4166666666668295,-0.0097253021366618345
8.4250000000001624,-0.0093510724768019662
8.4333333333334952,-0.0078797500901321513
8.4416666666668281,-0.0063509412307584442
8.4500000000001609,-0.0059429660705310377
8.4583333333334938,-0.0066551129544978596
8.4666666666668267,-0.0074466101181336888
8.4750000000001595,-0.0071380296555089342
8.4833333333334924,-0.0057290094491718891
8.4916666666668252,-0.004259271034342582
8.5000000000001581,-0.0039072412943407164
8.508333333333491,-0.0046722907911182429
8.5166666666668238,-0.0055137139720807587
8.5250000000001567,-0.0052521413805386805
8.5333333333334895,-0.0038872827200244564
8.5416666666668224,-0.0024589395862258563
8.5500000000001553,-0.002145611481300564
8.5583333333334881,-0.0029467259002260815
8.566666666666821,-0.003821624180831045
8.5750000000001538,-0.0035909771291878084
8.5833333333334867,-0.0022545417156324796
8.5916666666668196,-0.00085217069318066312
8.6000000000001524,-0.00056240798059911722
8.6083333333334853,-0.0013847156369422254
8.6166666666668181,-0.0022784636154261906
8.625000000000151,-0.0020643455193030849
8.6333333333334838,-0.00074214375470578334
8.6416666666668167,0.00064826276068107394
8.6500000000001496,0.00092831039421163914
8.6583333333334824,9.8523133815237081e-05
8.6666666666668153,-0.00080048006831988329
8.6750000000001481,-0.00058939864549126383
8.683333333333481,0.00073197989135948352
8.6916666666668139,0.002123773489551855
8.7000000000001467,0.0024074219692134433
8.7083333333334796,0.0015834553084938139
8.7166666666668124,0.00069249856139191532
8.7250000000001453,0.00091386329395425655
8.7333333333334782,0.0022477768390409608
8.741666666666811,0.0036543767988987991
8.7500000000001439,0.0039551298561131551
8.7583333333334767,0.003150592329998674
8.7666666666668096,0.0022814127241526346
8.7750000000001425,0.0025269306905751762
8.7833333333334753,0.0038874090478063748
8.7916666666668082,0.005323029299555972
8.800000000000141,0.0056553104494697871
8.8083333333334739,0.004884857034323644
8.8166666666668068,0.0040523589531935604
8.8250000000001396,0.0043372016244158278
8.8333333333334725,0.0057397057777130202
8.8416666666668053,0.0072201243837795321
8.8500000000001382,0.0076000583229886816
8.8583333333334711,0.0068801849743588108
8.8666666666668039,0.006101254509504655
8.8750000000001368,0.0064427165538051652
8.8833333333334696,0.0079049751148289431
8.8916666666668025,0.0094483877639849698
8.9000000000001354,0.0098946734587111972
8.9083333333334682,0.0092446111961471244
8.9166666666668011,0.0085390313253394957
8.9250000000001339,0.0089574667110615611
8.9333333333334668,0.010500434220687662
8.9416666666667997,0.012128437651172736
8.9500000000001325,0.012663360273733062
8.9583333333334654,0.012106117302696949
8.9666666666667982,0.010455966639066411
8.9750000000001311,0.008752210841356944
8.983333333333464,0.00817287864874423
8.9916666666667968,0.0087170053607133081
9.0000000000001297,0.009343587482098242
9.0083333333334625,0.0088729716753697639
9.0166666666667954,0.0073045498016769388
9.0250000000001283,0.0056777878638783206
9.0333333333334611,0.0051708652807224064
9.041666666666794,0.0057829225517423196
9.0500000000001268,0.0064730321985334276
9.0583333333334597,0.0060616057100920766
9.0666666666667926,0.0045481263919184087
9.0750000000001254,0.0029721676665892
9.0833333333334583,0.0025120048669498634
9.0916666666667911,0.0031668463155297083
9.100000000000124,0.0038958151704114627
9.1083333333334568,0.0035193639949520094
9.1166666666667897,0.0020370304390200178
9.1250000000001226,0.00048844881891651061
9.1333333333334554,5.194439523769651e-05
9.1416666666667883,0.0007267592462916301
9.1500000000001211,0.0014720418239666134
9.158333333333454,0.0011082616639430994
9.1666666666667869,-0.00036502306086684419
9.1750000000001197,-0.001908158436747083
9.1833333333334526,-0.0023428107954800745
9.1916666666667854,-0.0016697368069272969
9.2000000000001183,-0.00092978789857624288
9.2083333333334512,-0.0013025017268839501
9.216666666666784,-0.002788332030735309
9.2250000000001169,-0.0043476449313890253
9.2333333333334497,-0.0048021390945711534
9.2416666666667826,-0.004152602604255649
9.2500000000001155,-0.0034399118998127876
9.2583333333334483,-0.0038436359941412513
9.2666666666667812,-0.0053642733469820439
9.275000000000114,-0.0069622514289228807
9.2833333333334469,-0.0074593447791911913
9.2916666666667798,-0.0068564075115399555
9.3000000000001126,-0.0061943662923172986
9.3083333333334455,-0.0066528455107304259
9.3166666666667783,-0.0082324232544901833
9.3250000000001112,-0.0098936349089254541
9.3333333333334441,-0.01045838118278684
9.3416666666667769,-0.0099276207343426646
9.3500000000001098,-0.0083006535259108113
9.3583333333334426,-0.0066168458936975072
9.3666666666667755,-0.0060542822672965402
9.3750000000001084,-0.0066120210311866904
9.3833333333334412,-0.0072490596813283483
9.3916666666667741,-0.0067857373058518178
9.4000000000001069,-0.0052214583758911819
9.4083333333334398,-0.0035957146572126366
9.4166666666667727,-0.0030867031178669871
9.4250000000001055,-0.0036935595575826627
9.4333333333334384,-0.0043753373504016053
9.4416666666667712,-0.0039524208523938308
9.4500000000001041,-0.0024242775022435795
9.458333333333437,-0.00083047108988342562
9.4666666666667698,-0.00034925831371393755
9.4750000000001027,-0.00097981451370696008
9.4833333333334355,-0.0016812219433191885
9.4916666666667684,-0.0012738846886729558
9.5000000000001013,0.00024270455939039858
9.5083333333334341,0.0018289570033989185
9.516666666666767,0.0023066035011424886
9.5250000000000998,0.0016764652402122568
9.5333333333334327,0.00097945810503461154
9.5416666666667656,0.0013951840705587496
9.5500000000000984,0.0029241612036795023
9.5583333333334313,0.0045268205281724381
9.5666666666667641,0.0050249265700159787
9.575000000000097,0.0044193332097438734
9.5833333333334298,0.0037509814391577466
9.5916666666667627,0.0041995050423522954
9.6000000000000956,0.0057654691069568666
9.6083333333334284,0.0074093710213226612
9.6166666666667613,0.0079530580928717561
9.6250000000000941,0.0073974551345664915
9.633333333333427,0.0057418267476201396
9.6416666666667599,0.0040255226247631528
9.6500000000000927,0.0034266008931707419
9.6583333333334256,0.0039440634655581834
9.6666666666667584,0.0045368311366936502
9.6750000000000913,0.0040251558812240493
9.6833333333334242,0.0024083714660631541
9.691666666666757,0.00072590846254909044
9.7000000000000899,0.00015589076364045024
9.7083333333334227,0.00069736061553223895
9.7166666666667556,0.0013092665886155069
9.7250000000000885,0.00081187807460130065
9.7333333333334213,-0.00079544704117423515
9.7416666666667542,-0.0024732556016555285
9.750000000000087,-0.0030434169493549269
9.7583333333334199,-0.0025068917585344642
9.7666666666667528,-0.00086297770771084827
9.7750000000000856,0.00084892973403696489
9.7833333333334185,0.0014507491339582448
9.7916666666667513,0.00094348729524873878
9.8000000000000842,-0.00067351282093883029
9.8083333333334171,-0.0023608126567674398
9.8166666666667499,-0.0029402955305231032
9.8250000000000828,-0.0024129360295047329
9.8333333333334156,-0.00077804569066251437
9.8416666666667485,0.00092496623709962676
9.8500000000000814,0.0015180049846490564
9.8583333333334142,0.001002064247639963
9.8666666666667471,-0.00062352608684014684
9.8750000000000799,-0.0023193403896400607
9.8833333333334128,-0.0029072746549996457
9.8916666666667457,-0.0023883161343661663
9.9000000000000785,-0.00076178901244234611
9.9083333333334114,0.0009328848587492072
9.9166666666667442,0.0015175982054896203
9.9250000000000771,0.00099333223791601933
9.93333333333341,-0.00064059564424035571
9.9416666666667428,-0.0023447723067449929
9.9500000000000757,-0.0029411063342113203
9.9583333333334085,-0.0024305976227020931
9.9666666666667414,-0.00081258302161866744
9.9750000000000743,0.0008735029638688277
9.9833333333334071,0.0014495401733805955
9.99166666666674,0.0009164967475901386
10.000000000000073,-0.00072632302054366894
10.008333333333406,-0.0024395192698716166
10.016666666666739,-0.0030450143149429892
10.025000000000071,-0.0025438219033217155
10.033333333333404,-0.00093529279449655286
10.041666666666737,0.0007411245902257562
10.05000000000007,0.001307295592216448
10.058333333333403,0.00076417343757294277
10.066666666666736,0.00015280642928184186
10.075000000000069,0.00065292622068199684
10.083333333333401,0.0022651778257058983
10.091666666666734,0.0039501159166337512
10.100000000000067,0.0045296254994362933
10.1083333333334,0.0040046825601387885
10.116666666666733,0.0023746009083986464
10.125000000000066,0.0006787912753718991
10.133333333333399,9.5357627958098025e-05
10.141666666666731,0.00062332207514179377
10.150000000000064,0.0012216129130947072
10.158333333333397,0.00071047902430334739
10.16666666666673,-0.00091074224642503769
10.175000000000063,-0.0026026185243005527
10.183333333333396,-0.0031870405527756685
10.191666666666729,-0.002664990550314713
10.200000000000061,-0.0010357878199073109
10.208333333333394,0.00066115055834171292
10.216666666666727,0.0012477207203167094
10.22500000000006,0.00072490642559214962
10.233333333333393,-0.00090797251838967228
10.241666666666726,-0.0026115012251622647
10.250000000000059,-0.0032075879277220195
10.258333333333391,-0.0026972323857466672
10.266666666666724,-0.0010797714569820865
10.275000000000057,0.00060536026870098821
10.28333333333339,0.0011800412330379498
10.291666666666723,0.00064523731304902746
10.300000000000056,4.2009444360113799e-05
10.308333333333389,0.00055010157427163176
10.316666666666721,0.0021701707467037304
10.325000000000054,0.0038627832395463804
10.333333333333387,0.0044498351782122723
10.34166666666672,0.0039323138259194507
10.350000000000053,0.0023095442263725897
10.358333333333386,0.00062094840156983388
10.366666666666719,4.4641264252095711e-05
10.375000000000052,0.00057965554933093598
10.383333333333384,0.0011849301040706122
10.391666666666717,0.00068072424132092576
10.40000000000005,-0.00093361427500095553
10.408333333333383,-0.0026186427352163397
10.416666666666716,-0.0031962416581191901
10.425000000000049,-0.0026673830199738539
10.433333333333382,-0.0010313758854403735
10.441666666666714,0.00067237287428779133
10.450000000000047,0.0012657696077365073
10.45833333333338,0.00074980832496508688
10.466666666666713,-0.00087618090526186585
10.475000000000046,-0.0025727728779159032
10.483333333333379,-0.0031618653313219319
10.491666666666712,-0.0026444474781326045
10.500000000000044,-0.0010198456027035836
10.508333333333377,0.00067251625700405981
10.51666666666671,0.0012545273696737355
10.525000000000043,0.00072716466567140882
10.533333333333376,-0.00091025887400454164
10.541666666666709,-0.0026183351788483574
10.550000000000042,-0.0032189793159962763
10.558333333333374,-0.002713197901660296
10.566666666666707,-0.0011003346573844675
10.57500000000004,0.00058016898107676252
10.583333333333373,0.0011501845217173107
10.591666666666706,0.00061067082209724228
10.600000000000039,2.6817926666171776e-06
10.608333333333372,0.00050595426763857859
10.616666666666704,0.0021211381055287193
10.625000000000037,0.003808792210950822
10.63333333333337,0.0043908050501666289
10.641666666666703,0.0038681562559667593
10.650000000000036,0.0022401632078495859
10.658333333333369,0.00054624038325619081
10.666666666666702,-3.5505149311876278e-05
10.675000000000034,0.00049395113301870788
10.683333333333367,0.0010935397222584867
10.6916666666667,0.00058351131968876156
10.700000000000033,-0.0010367949654223004
10.708333333333366,-0.0027279453347902743
10.716666666666699,-0.0033118297688117596
10.725000000000032,-0.0027894297860117769
10.733333333333364,-0.0011600640573619686
10.741666666666697,0.00053685095447386232
10.75000000000003,0.001123211391162719
10.758333333333363,0.00060000058935138351
10.766666666666696,-0.001033462131781864
10.775000000000029,-0.0027377627083605138
10.783333333333362,-0.0033348108588194471
10.791666666666694,-0.0028256078995266688
10.800000000000027,-0.001209492314508279
10.80833333333336,0.000474099679824318
10.816666666666693,0.001047044268915475
10.825000000000026,0.00051030461355032605
10.833333333333359,-9.5061103951350894e-05
10.841666666666692,0.00041068794215561261
10.850000000000025,0.0020282054003179146
10.858333333333357,0.0037180535821654472
10.86666666666669,0.0043021238654131974
10.875000000000023,0.0037813989011785116
10.883333333333356,0.0021551990383402628
10.891666666666689,0.0004629418214716281
10.900000000000022,-0.00011726302455489492
10.908333333333355,0.00041361125941502026
10.916666666666687,0.0010144972766758054
10.92500000000002,0.00050564760700529219
10.933333333333353,-0.0011135968072656295
10.941666666666686,-0.0028038005539056891
10.950000000000019,-0.0033868524019445767
10.958333333333352,-0.0028637326836046502
10.966666666666685,-0.0012337589243746002
10.975000000000017,0.00046365355665325757
10.98333333333335,0.0010504016816337966
10.991666666666683,0.00052746930486405124
11.000000000000016,-0.0011058237748676866
11.008333333333349,-0.0028100632175578595
11.016666666666682,-0.0034071588481920673
11.025000000000015,-0.0028981121183536975
11.033333333333347,-0.0012822616868175876
11.04166666666668,0.00040095606211746433
11.050000000000013,0.00097341679274965147
11.058333333333346,0.00043608287798718677
11.066666666666679,-0.00016998831798887477
11.075000000000012,0.00033494300759351944
11.083333333333345,0.0019515293403308109
11.091666666666677,0.0036403315298576783
11.10000000000001,0.0042232390734365435
11.108333333333343,0.0037012328056994139
11.116666666666676,0.002073631215038803
11.125000000000009,0.00037985008631519814
11.133333333333342,-0.00020200299523873076
11.141666666666675,0.00032709618787523471
11.150000000000007,0.00092607757134686975
11.15833333333334,0.00041519081567302111
11.166666666666673,-0.0012062261170220868
11.175000000000006,-0.0028987410567679023
11.183333333333339,-0.0034842465080669378
11.191666666666672,-0.0029637265740528108
11.200000000000005,-0.0013365026048325008
11.208333333333337,0.00035800628083115695
11.21666666666667,0.00094169271222352261
11.225000000000003,0.00041553586005774732
11.233333333333336,-0.0012211492178204871
11.241666666666669,-0.00292895324730964
11.250000000000002,-0.0035297917382033838
11.258333333333335,-0.0030246718749126953
11.266666666666667,-0.0014129381170308419
11.275,0.00026596739573432003
11.283333333333333,0.00083391395282553997
11.291666666666666,0.00029185704347126247
11.299999999999999,-0.00031915292939529988
11.308333333333332,0.00018061647729711744
11.316666666666665,0.0017918101390982577
11.324999999999998,0.0034749807069872868
11.33333333333333,0.0040520086010719936
11.341666666666663,0.0035238656682424459
11.349999999999996,0.0018898613133366622
11.358333333333329,0.00018940244973333597
11.366666666666662,-0.00039941305629180346
11.374999999999995,0.00012242841260305771
11.383333333333328,0.0017556048672810129
11.39166666666666,0.0034607018907696083
11.399999999999993,0.0040596327090639686
11.408333333333326,0.0035534021086134487
11.416666666666659,0.0019413524422812315
11.424999999999992,0.00026292341951448606
11.433333333333325,-0.00030375414993187295
11.441666666666658,0.000240366592955897
11.44999999999999,0.00085423810856044145
11.458333333333323,0.00035813233721568446
11.466666666666656,-0.0012485905425952341
11.474999999999989,-0.0029264763212966073
11.483333333333322,-0.0034973956578688427
11.491666666666655,-0.0029623107476376485
11.499999999999988,-0.001320521037814497
11.50833333333332,0.00038857618622704682
11.516666666666653,0.00098689541782091524
11.524999999999986,0.00047543779878320559
11.533333333333319,-0.0011464596153655145
11.541666666666652,-0.0028393653844173382
11.549999999999985,-0.0034251724276146401
11.558333333333318,-0.0029048652501816007
11.56666666666665,-0.0012777655720514344
11.574999999999983,0.00041670710999066989
11.583333333333316,0.0010004453341516126
11.591666666666649,0.00047442839975782921
11.599999999999982,-0.0011620284760366459
11.608333333333315,-0.0028695156858319572
11.616666666666648,-0.0034699480911899935
11.62499999999998,-0.0029643322131493659
11.633333333333313,-0.001352011815064245
11.641666666666646,0.00032757164175675193
11.649999999999979,0.00089628841773182577
11.658333333333312,0.000355095209047348
11.666666666666645,-0.00025495633681370462
11.674999999999978,0.00024586764434650148
11.68333333333331,0.0018582135553515933
11.691666666666643,0.0035426358186544213
11.699999999999976,0.0041210169865112389
11.708333333333309,0.0035943309994118521
11.716666666666642,0.0019618893941943214
11.724999999999975,0.00026310114280491857
11.733333333333308,-0.00032393349217042127
11.74166666666664,0.00019980184019007576
11.749999999999973,0.0018349879236313836
11.758333333333306,0.0035422134016674183
11.766666666666639,0.0041433949971343602
11.774999999999972,0.0036395409550166779
11.783333333333305,0.0020299971336206774
11.791666666666638,0.00035420664733984652
11.799999999999971,-0.00020969588136416584
11.808333333333303,0.00033734064187253515
11.816666666666636,0.00095427304461783043
11.824999999999969,0.00046137791833582032
11.833333333333302,-0.0011419798264881399
11.841666666666635,-0.0028163409454466698
11.849999999999968,-0.0033835704958734198
11.858333333333301,-0.002844625033009726
11.866666666666633,-0.0011987983012744397
11.874999999999966,0.00051451808813162661
11.883333333333299,0.0011172448890793708
11.891666666666632,0.00061038996638337244
11.899999999999965,-0.0010067028321971575
11.908333333333298,-0.0026945948987771875
11.916666666666631,-0.0032751712409484794
11.924999999999963,-0.0027494083755693001
11.933333333333296,-0.0011166199513794797
11.941666666666629,0.00058378257852255823
11.949999999999962,0.0011737005690817454
11.958333333333295,0.00065412273412232286
11.966666666666628,-0.00097562620285704827
11.974999999999961,-0.0026761266294554895
11.983333333333293,-0.0032692824045962984
11.991666666666626,-0.0027560889390609946
11.999999999999959,-0.0011358787746804262
12.008333333333292,0.00055191779709581131
12.016666666666625,0.0011291832340836886
12.024999999999958,0.00059688724420976899
12.033333333333291,-3.9054178159833848e-06
12.041666666666623,0.00050655287842844583
12.049999999999956,0.0021289227587188478
12.058333333333289,0.0038237739051054029
12.066666666666622,0.0044130056313751824
12.074999999999955,0.0038976084475970552
12.083333333333288,0.0022769106242423892
12.091666666666621,0.00059033744469911523
12.099999999999953,1.6006918829918182e-05
12.108333333333286,0.00055295471651488023
12.116666666666619,0.0011601225748676281
12.124999999999952,0.00065777261996912458
12.133333333333285,-0.00095474458096381199
12.141666666666618,-0.0026379835771440075
12.149999999999951,-0.0032138222541676829
12.158333333333283,-0.0026832299588686504
12.166666666666616,-0.0010455131357854229
12.174999999999949,0.00065992395370987624
12.183333333333282,0.0012549901935194209
12.191666666666615,0.00074068208716117617
12.199999999999948,-0.00088366780844370703
12.208333333333281,-0.0025786318252046391
12.216666666666613,-0.003166105275522461
12.224999999999946,-0.0026470749436637133
12.233333333333279,-0.0010208646875907149
12.241666666666612,0.00067310387381420967
12.249999999999945,0.0012567224190778525
12.258333333333278,0.00073097029041289247
12.266666666666611,-0.00090483711790641382
12.274999999999944,-0.0026112893138362852
12.283333333333276,-0.0032102989122184357
12.291666666666609,-0.0027028700660607897
12.299999999999942,-0.0010883440285861224
12.308333333333275,0.00059384022675176254
12.316666666666608,0.001165556724232608
12.324999999999941,0.00062776688438969611
12.333333333333274,2.1527183902293695e-05
12.341666666666606,0.00052657706768874661
12.349999999999939,0.002143569040606082
12.358333333333272,0.003833064740458273
12.366666666666605,0.0044169554956406069
12.374999999999938,0.0038962237860374741
12.383333333333271,0.0022701898531253401
12.391666666666604,0.00057827098679692887
12.399999999999936,-1.4228004493172295e-06
12.408333333333269,0.00053013611589082911
12.416666666666602,0.0011318813887410835
12.424999999999935,0.00062406698789646607
12.433333333333268,-0.0009939646896558324
12.441666666666601,-0.002682776448970808
12.449999999999934,-0.0032642546451784496
12.458333333333266,-0.0027393771406986293
12.466666666666599,-0.0011074589240311378
12.474999999999932,0.00059208721673796691
12.483333333333265,0.0011811613491055769
12.491666666666598,0.00066075092839273442
