Time,Theta
0.0083333333333333332,0.2910880715480596
0.016666666666666666,0.29220940735147555
0.025000000000000001,0.29382495163573069
0.033333333333333333,0.29481601156191223
0.041666666666666664,0.2951844514940748
0.049999999999999996,0.29493100847804543
0.058333333333333327,0.29405529322551316
0.066666666666666666,0.29255578979351454
0.074999999999999997,0.29042985396621451
0.083333333333333329,0.28767371036565864
0.09166666666666666,0.2842824483385884
0.099999999999999992,0.28025001668796862
0.10833333333333332,0.2755692173410752
0.11666666666666665,0.27122733091622919
0.12499999999999999,0.26834699919984756
0.13333333333333333,0.26592760058981418
0.14166666666666666,0.26283468987344866
0.14999999999999999,0.25906279814158029
0.15833333333333333,0.25460524978736121
0.16666666666666666,0.24945415681866895
0.17499999999999999,0.24460436014199308
0.18333333333333332,0.24118715707647909
0.19166666666666665,0.23819276074241635
0.19999999999999998,0.23447627362430265
0.20833333333333331,0.23003118733594138
0.21666666666666665,0.22484971839937148
0.22499999999999998,0.21993381977611631
0.23333333333333331,0.21642260379414396
0.24166666666666664,0.21431212102745623
0.24999999999999997,0.21258648927609605
0.2583333333333333,0.21009441484132957
0.26666666666666666,0.20683161142996317
0.27500000000000002,0.20279245078391725
0.28333333333333338,0.19796996049616472
0.29166666666666674,0.19337371722832203
0.3000000000000001,0.19015095056114584
0.30833333333333346,0.18727832175660769
0.31666666666666682,0.18359590062757394
0.32500000000000018,0.17909740388447326
0.33333333333333354,0.173775156820176
0.3416666666666669,0.16864351201635316
0.35000000000000026,0.16485513401005072
0.35833333333333361,0.16240537456202594
0.36666666666666697,0.16026569175556679
0.37500000000000033,0.15727053145278913
0.38333333333333369,0.15341487990578151
0.39166666666666705,0.14869227287225842
0.40000000000000041,0.14412312073351413
0.40833333333333377,0.14086633855558625
0.41666666666666713,0.13788820209246416
0.42500000000000049,0.13401726494021765
0.43333333333333385,0.12924711984553719
0.44166666666666721,0.12460151204147704
0.45000000000000057,0.12124294204945467
0.45833333333333393,0.11916699088393057
0.46666666666666728,0.11733789688943916
0.47500000000000064,0.11458210414065709
0.483333333333334,0.11089514158913091
0.49166666666666736,0.10627101139169595
0.50000000000000067,0.10173713591024894
0.50833333333333397,0.098459857123464903
0.51666666666666727,0.096434721025066505
0.52500000000000058,0.094622911967634796
0.53333333333333388,0.091847477263335475
0.54166666666666718,0.08810399238676242
0.55000000000000049,0.08338647314399622
0.55833333333333379,0.078724982032526133
0.5666666666666671,0.075288629274307975
0.5750000000000004,0.073072607124424996
0.5833333333333337,0.071035292072024678
0.59166666666666701,0.06799661901437172
0.60000000000000031,0.063951830404642154
0.60833333333333361,0.059933908463540839
0.61666666666666692,0.057114815899228663
0.62500000000000022,0.054450723961424884
0.63333333333333353,0.050759160720580024
0.64166666666666683,0.046034412798115647
0.65000000000000013,0.041309705797605907
0.65833333333333344,0.037757297516200161
0.66666666666666674,0.035371992657168921
0.67500000000000004,0.033109251243710329
0.68333333333333335,0.0297858426814799
0.69166666666666665,0.025396734388765267
0.69999999999999996,0.020976681822262096
0.70833333333333326,0.017699343475445113
0.71666666666666656,0.015559809118925245
0.72499999999999987,0.013513208342774833
0.73333333333333317,0.010375967033702707
0.74166666666666647,0.0061434321753075539
0.74999999999999978,0.0018510623686027665
0.75833333333333308,-0.0013269387826618324
0.76666666666666639,-0.0033954316693980617
0.77499999999999969,-0.0053993754854095985
0.78333333333333299,-0.0085224016271434576
0.7916666666666663,-0.012769049320160784
0.7999999999999996,-0.017103872533607699
0.8083333333333329,-0.020352888628053869
0.81666666666666621,-0.022521157673057145
0.82499999999999951,-0.023612101074013504
0.83333333333333282,-0.024668899891456104
0.84166666666666612,-0.026873357041386541
0.84999999999999942,-0.030228579667666514
0.85833333333333273,-0.033698199633041492
0.86666666666666603,-0.036107504173614607
0.87499999999999933,-0.037460330240063192
0.88333333333333264,-0.038799750686020401
0.89166666666666594,-0.041307361245262401
0.89999999999999925,-0.044986651025261878
0.90833333333333255,-0.048802357519978128
0.91666666666666585,-0.051581123865277252
0.92499999999999916,-0.05332741867924494
0.93333333333333246,-0.054044094240296152
0.94166666666666576,-0.054772312298827466
0.94999999999999907,-0.056691682858549065
0.95833333333333237,-0.059804801071075539
0.96666666666666567,-0.063076499127775729
0.97499999999999898,-0.06533371431441512
0.98333333333333228,-0.066580138843846656
0.99166666666666559,-0.067856829790694906
0.99999999999999889,-0.070343095063936129
1.0083333333333322,-0.073003695350573244
1.0166666666666655,-0.074665607398338787
1.0249999999999988,-0.075331597269444509
1.0333333333333321,-0.076041045125035914
1.0416666666666654,-0.07797156028118514
1.0499999999999987,-0.081125681958100673
1.058333333333332,-0.084470092529622565
1.0666666666666653,-0.086834011058912197
1.0749999999999986,-0.088221364567979063
1.0833333333333319,-0.088634502275751023
1.0916666666666652,-0.089111052794033238
1.0999999999999985,-0.09082674101642374
1.1083333333333318,-0.093783772343867894
1.1166666666666651,-0.09694988515366347
1.1249999999999984,-0.0991556056717664
1.1333333333333317,-0.10040463830591906
1.1416666666666651,-0.1006991260163678
1.1499999999999984,-0.10107509070920299
1.1583333333333317,-0.10270649330808164
1.166666666666665,-0.10559539058502096
1.1749999999999983,-0.10871084852248983
1.1833333333333316,-0.11088499463439513
1.1916666666666649,-0.11212151177085806
1.1999999999999982,-0.11242253885461581
1.2083333333333315,-0.11282255756976495
1.2166666666666648,-0.11449378983797245
1.2249999999999981,-0.11640483680996248
1.2333333333333314,-0.11738730863933805
1.2416666666666647,-0.11744293034217455
1.249999999999998,-0.11760507272446458
1.2583333333333313,-0.11904481453560559
1.2666666666666646,-0.1207310962295803
1.2749999999999979,-0.12149592301590137
1.2833333333333312,-0.12134066229942472
1.2916666666666645,-0.12129776686559968
1.2999999999999978,-0.12253737795928081
1.3083333333333311,-0.12402868560215868
1.3166666666666644,-0.12460398110441005
1.3249999999999977,-0.1242643183855755
1.333333333333331,-0.12404140618780161
1.3416666666666643,-0.12510463428301558
1.3499999999999976,-0.12642334785786177
1.358333333333331,-0.12683001220546217
1.3666666666666643,-0.12632540092664007
1.3749999999999976,-0.12594063491440571
1.3833333333333309,-0.12684452034641941
1.3916666666666642,-0.1280064598246454
1.3999999999999975,-0.12825897804831377
1.4083333333333308,-0.12760259147398595
1.4166666666666641,-0.12706797363967184
1.4249999999999974,-0.12782349929217771
1.4333333333333307,-0.12883852711652094
1.441666666666664,-0.12894552338842738
1.4499999999999973,-0.12814476130624733
1.4583333333333306,-0.12746659438410418
1.4666666666666639,-0.12807910524824895
1.4749999999999972,-0.12895150248610837
1.4833333333333305,-0.12891607109446593
1.4916666666666638,-0.12797284604424722
1.4999999999999971,-0.12715197764003081
1.5083333333333304,-0.12762138578190707
1.5166666666666637,-0.1283500159844472
1.524999999999997,-0.12816984168047019
1.5333333333333303,-0.12708065594989043
1.5416666666666636,-0.12611251469889179
1.5499999999999969,-0.12643329733680503
1.5583333333333302,-0.12701156415611767
1.5666666666666635,-0.12667883653380574
1.5749999999999968,-0.12543465318938576
1.5833333333333302,-0.12430907861663244
1.5916666666666635,-0.12447006915783711
1.5999999999999968,-0.12591772696366271
1.6083333333333301,-0.12762203666815006
1.6166666666666634,-0.12841622194604321
1.6249999999999967,-0.12830170458824103
1.63333333333333,-0.12727838742154426
1.6416666666666633,-0.12534465452490742
1.6499999999999966,-0.12352946909545055
1.6583333333333299,-0.12299986456951426
1.6666666666666632,-0.12375505568126109
1.6749999999999965,-0.12476376828191849
1.6833333333333298,-0.12485773716485306
1.6916666666666631,-0.12403721374937406
1.6999999999999964,-0.12230092453037625
1.7083333333333297,-0.12067862392492967
1.716666666666663,-0.12033813351638348
1.7249999999999963,-0.12127890926545537
1.7333333333333296,-0.12246955117557166
1.7416666666666629,-0.12274165556753201
1.7499999999999962,-0.12209577051771625
1.7583333333333295,-0.12053091545477163
1.7666666666666628,-0.11907739067449616
1.7749999999999961,-0.11890354825917705
1.7833333333333294,-0.11897613721294831
1.7916666666666627,-0.11812457483420849
1.799999999999996,-0.11634754231512032
1.8083333333333294,-0.1146756185667132
1.8166666666666627,-0.11427754786190218
1.824999999999996,-0.11515270719081892
1.8333333333333293,-0.11626871412711502
1.8416666666666626,-0.11645602395986628
1.8499999999999959,-0.11571504285126108
1.8583333333333292,-0.11404463802921755
1.8666666666666625,-0.11247589276169806
1.8749999999999958,-0.11217806319480504
1.8833333333333291,-0.11211676058917364
1.8916666666666624,-0.11112009680876553
1.8999999999999957,-0.10918652097732953
1.908333333333329,-0.1073473741262429
1.9166666666666623,-0.10677229562471759
1.9249999999999956,-0.10746042395445417
1.9333333333333289,-0.10837806418994077
1.9416666666666622,-0.10835414789984829
1.9499999999999955,-0.10738873206081052
1.9583333333333288,-0.10548032214963783
1.9666666666666621,-0.10366079982281086
1.9749999999999954,-0.10310038574526537
1.9833333333333287,-0.10276311007538307
1.991666666666662,-0.10147527411732826
1.9999999999999953,-0.099234861644532824
2.0083333333333289,-0.097074028654716121
2.0166666666666622,-0.09616341054936331
2.0249999999999955,-0.096501686841227036
2.0333333333333288,-0.097053296781583184
2.0416666666666621,-0.096645015435391321
2.0499999999999954,-0.0952762729964753
2.0583333333333287,-0.092944931511508247
2.066666666666662,-0.09068376594806668
2.0749999999999953,-0.089664110431924002
2.0833333333333286,-0.089884486986948481
2.0916666666666619,-0.090308404280007484
2.0999999999999952,-0.089761565639921367
2.1083333333333285,-0.088243180102302879
2.1166666666666618,-0.085750879293963064
2.1249999999999951,-0.083317997261572435
2.1333333333333284,-0.082116517401125105
2.1416666666666617,-0.082144700870924736
2.149999999999995,-0.082364958156882717
2.1583333333333283,-0.08160173333114619
2.1666666666666616,-0.079853892196487836
2.1749999999999949,-0.077118713038698397
2.1833333333333282,-0.074430040677039691
2.1916666666666615,-0.072960467589325131
2.1999999999999948,-0.072707867018683925
2.2083333333333282,-0.072633340237522243
2.2166666666666615,-0.071559840383767157
2.2249999999999948,-0.069485746760806627
2.2333333333333281,-0.067446659504536627
2.2416666666666614,-0.0666168703173277
2.2499999999999947,-0.066995122548437272
2.258333333333328,-0.0675429094271838
2.2666666666666613,-0.067083589384114961
2.2749999999999946,-0.065616529305711074
2.2833333333333279,-0.06313948960310678
2.2916666666666612,-0.060687975796352295
2.2999999999999945,-0.05943627051883231
2.3083333333333278,-0.05938251680251664
2.3166666666666611,-0.059486992712055105
2.3249999999999944,-0.058571688552288718
2.3333333333333277,-0.05663525429333266
2.341666666666661,-0.054714539609883539
2.3499999999999943,-0.053985129516888067
2.3583333333333276,-0.053405950415941941
2.3666666666666609,-0.051797505096884543
2.3749999999999942,-0.049157359843968872
2.3833333333333275,-0.046521778293739713
2.3916666666666608,-0.045065855010626411
2.3999999999999941,-0.044787412006549045
2.4083333333333274,-0.044645448275531553
2.4166666666666607,-0.043460502600398285
2.424999999999994,-0.041230823428329566
2.4333333333333274,-0.038993775791984715
2.4416666666666607,-0.037925524320794983
2.449999999999994,-0.03802442973496608
2.4583333333333273,-0.038249685335204411
2.4666666666666606,-0.037421998934830038
2.4749999999999939,-0.035540185471503755
2.4833333333333272,-0.03364243040885103
2.4916666666666605,-0.032905694049486719
2.4999999999999938,-0.033328806879718995
2.5083333333333271,-0.033871225452574379
2.5166666666666604,-0.033353905827998055
2.5249999999999937,-0.031776149030291495
2.533333333333327,-0.029135616033897124
2.5416666666666603,-0.026469599350571076
2.5499999999999936,-0.024954211313289967
2.5583333333333269,-0.024587139135680031
2.5666666666666602,-0.024326363781605569
2.5749999999999935,-0.022991260000674862
2.5833333333333268,-0.020579882187910289
2.5916666666666601,-0.018130160256713167
2.5999999999999934,-0.016818808581006473
2.6083333333333267,-0.016643794255431724
2.61666666666666,-0.016563172135645499
2.6249999999999933,-0.015396362142605591
2.6333333333333266,-0.01314169067677318
2.6416666666666599,-0.010837499963527956
2.6499999999999932,-0.0096608836047213549
2.6583333333333266,-0.0096099933914345331
2.6666666666666599,-0.0096429502897105585
2.6749999999999932,-0.0085792175673205292
2.6833333333333265,-0.0064172900148765262
2.6916666666666598,-0.0041957473387710968
2.6999999999999931,-0.0030918874674151784
2.7083333333333264,-0.0031039587178351728
2.7166666666666597,-0.00319012265500295
2.724999999999993,-0.0021698659576466642
2.7333333333333263,-4.1759549791707594e-05
2.7416666666666596,0.0021555262288884764
2.7499999999999929,0.0032446388937813577
2.7583333333333262,0.0032273186455465349
2.7666666666666595,0.0031453967968786143
2.7749999999999928,0.0041793906721726117
2.7833333333333261,0.0063307395128719126
2.7916666666666594,0.0085608187090484202
2.7999999999999927,0.0096923642376083897
2.808333333333326,0.0097271909538529291
2.8166666666666593,0.0097071574289262722
2.8249999999999926,0.010812811611975988
2.8333333333333259,0.013045687955224235
2.8416666666666592,0.015367349182020882
2.8499999999999925,0.016600773185474958
2.8583333333333258,0.016747941375192726
2.8666666666666591,0.016850768155437297
2.8749999999999925,0.018089849410159137
2.8833333333333258,0.020466902838205084
2.8916666666666591,0.022943841945495203
2.8999999999999924,0.024344069407894801
2.9083333333333257,0.024669836198431633
2.916666666666659,0.023921745481389443
2.9249999999999923,0.02314016615952811
2.9333333333333256,0.02350417865132208
2.9416666666666589,0.025014210062631864
2.9499999999999922,0.026631014876523251
2.9583333333333255,0.027176840284445992
2.9666666666666588,0.026652629160078569
2.9749999999999921,0.026099004670430033
2.9833333333333254,0.026695286425543054
2.9916666666666587,0.028442237885186513
2.999999999999992,0.03030107041698165
3.0083333333333253,0.031094533929201529
3.0166666666666586,0.030823956605248549
3.0249999999999919,0.030530198956932396
3.0333333333333252,0.031392793258729679
3.0416666666666585,0.033412884229370172
3.0499999999999918,0.035552265388578003
3.0583333333333251,0.036634339846078119
3.0666666666666584,0.036660889671557714
3.0749999999999917,0.035632058316232375
3.083333333333325,0.034587339812405977
3.0916666666666583,0.03470493998379251
3.0999999999999917,0.035984923402441346
3.108333333333325,0.037388109862029936
3.1166666666666583,0.037736904520626516
3.1249999999999916,0.037031951806611715
3.1333333333333249,0.036313179665643007
3.1416666666666582,0.036759199800500193
3.1499999999999915,0.038370549168531803
3.1583333333333248,0.040108637521774813
3.1666666666666581,0.040796511389358615
3.1749999999999914,0.040435344999994391
3.1833333333333247,0.040065430062695556
3.191666666666658,0.040865701859154675
3.1999999999999913,0.041796511639625035
3.2083333333333246,0.041679808688772024
3.2166666666666579,0.040515512750144797
3.2249999999999912,0.039342672080367971
3.2333333333333245,0.039339045536734937
3.2416666666666578,0.040504522740406272
3.2499999999999911,0.041799967169020791
3.2583333333333244,0.042047867036503046
3.2666666666666577,0.041248711189582676
3.274999999999991,0.040442073548111364
3.2833333333333243,0.040806205416758043
3.2916666666666576,0.042341523311910018
3.2999999999999909,0.044009520005088787
3.3083333333333242,0.044633365518026172
3.3166666666666575,0.044214137474695402
3.3249999999999909,0.042751281665129197
3.3333333333333242,0.041283266163725497
3.3416666666666575,0.040987289598522283
3.3499999999999908,0.041862822978135719
3.3583333333333241,0.04287037749981383
3.3666666666666574,0.042832079199231078
3.3749999999999907,0.041747970059209001
3.383333333333324,0.040657157626122375
3.3916666666666573,0.040737449652467998
3.3999999999999906,0.041988855968249875
3.4083333333333239,0.043372439432136582
3.4166666666666572,0.043710911494386516
3.4249999999999905,0.043004903054976076
3.4333333333333238,0.042294038434466961
3.4416666666666571,0.042756604495216184
3.4499999999999904,0.044393157283226826
3.4583333333333237,0.046165443928062683
3.466666666666657,0.046896923035120913
3.4749999999999903,0.04658884272795543
3.4833333333333236,0.045240821535041741
3.4916666666666569,0.043891365283924635
3.4999999999999902,0.043717692929914787
3.5083333333333235,0.044719451335330805
3.5166666666666568,0.045857486451530274
3.5249999999999901,0.045954301609803808
3.5333333333333234,0.045010150105650071
3.5416666666666567,0.044064176307231973
3.5499999999999901,0.044294200805786284
3.5583333333333234,0.045700446545786408
3.5666666666666567,0.047244398776741345
3.57499999999999,0.047749249257954568
3.5833333333333233,0.047215891536044177
3.5916666666666566,0.045643590322704347
3.5999999999999899,0.044070480660120592
3.6083333333333232,0.043673430628894151
3.6166666666666565,0.044451768310262478
3.6249999999999898,0.045366001713357425
3.6333333333333231,0.045238272774956401
3.6416666666666564,0.044068483150645876
3.6499999999999897,0.042895481256067861
3.658333333333323,0.042896815927325284
3.6666666666666563,0.044072383840407132
3.6749999999999896,0.04538324734312154
3.6833333333333229,0.045652134600379264
3.6916666666666562,0.044879568359241617
3.6999999999999895,0.043064440602651889
3.7083333333333228,0.041244657328820773
3.7166666666666561,0.040596885715140398
3.7249999999999894,0.041120092880253645
3.7333333333333227,0.0417742409457766
3.741666666666656,0.041380869216291791
3.7499999999999893,0.039939465715102165
3.7583333333333226,0.038488680579534591
3.7666666666666559,0.038205899001854525
3.7749999999999893,0.039090609610610436
3.7833333333333226,0.040103199028997907
3.7916666666666559,0.040065640741607754
3.7999999999999892,0.038977978212346359
3.8083333333333225,0.037879455805171297
3.8166666666666558,0.037948026257259043
3.8249999999999891,0.039183682971778447
3.8333333333333224,0.040547327281939452
3.8416666666666557,0.040861476569143837
3.849999999999989,0.040126722621492729
3.8583333333333223,0.038342021928166818
3.8666666666666556,0.036545575466226637
3.8749999999999889,0.035914349583313236
3.8833333333333222,0.036447330229265107
3.8916666666666555,0.037104269109612169
3.8999999999999888,0.036706452166042076
3.9083333333333221,0.035253363445833866
3.9166666666666554,0.0337838613780512
3.9249999999999887,0.03347554799212768
3.933333333333322,0.034327872913066784
3.9416666666666553,0.035300960977688908
3.9499999999999886,0.03521647518380646
3.9583333333333219,0.034074386748317184
3.9666666666666552,0.032914084852930021
3.9749999999999885,0.032913681627393387
3.9833333333333218,0.034073071433684987
3.9916666666666551,0.035352816771562628
3.9999999999999885,0.035575037431436946
4.0083333333333222,0.034740180513637704
4.0166666666666559,0.032847053198078624
4.0249999999999897,0.03093394340374123
4.0333333333333234,0.030177915089923488
4.0416666666666572,0.030577767539027762
4.0499999999999909,0.031092814121011166
4.0583333333333247,0.030543844250824636
4.0666666666666584,0.028930112324653499
4.0749999999999922,0.027290492671276353
4.0833333333333259,0.026802617205896599
4.0916666666666597,0.027465671083200575
4.0999999999999934,0.028239241732757357
4.1083333333333272,0.027944384330790481
4.1166666666666609,0.026580747212920107
4.1249999999999947,0.025187672368820083
4.1333333333333284,0.024943244666481346
4.1416666666666622,0.025847002754405723
4.1499999999999959,0.026858834806534268
4.1583333333333297,0.026800097231943151
4.1666666666666634,0.025670802406010603
4.1749999999999972,0.024510681391261446
4.1833333333333309,0.024498195501240293
4.1916666666666647,0.02563322165335016
4.1999999999999984,0.026875981382494696
4.2083333333333321,0.027048174919988583
4.2166666666666659,0.02615017009295751
4.2249999999999996,0.024180687856991817
4.2333333333333334,0.022178223976354956
4.2416666666666671,0.021320046947026102
4.2500000000000009,0.021604795896427754
4.2583333333333346,0.02199132398326805
4.2666666666666684,0.021299892814300895
4.2750000000000021,0.019529546558332236
4.2833333333333359,0.017719220177059059
4.2916666666666696,0.017046603427084594
4.3000000000000034,0.017510602380476258
4.3083333333333371,0.018070235614699028
4.3166666666666709,0.017545913602650197
4.3250000000000046,0.015936939640513792
4.3333333333333384,0.014282579587002868
4.3416666666666721,0.013760840097916525
4.3500000000000059,0.014370846422428122
4.3583333333333396,0.01507177207766691
4.3666666666666734,0.014684169881162777
4.3750000000000071,0.013207553581076562
4.3833333333333409,0.011681443611045662
4.3916666666666746,0.011284090437853857
4.4000000000000083,0.01201480139175647
4.4083333333333421,0.012832891634612971
4.4166666666666758,0.01255904629168856
4.4250000000000096,0.011192953179092639
4.4333333333333433,0.0097743335730677023
4.4416666666666771,0.0094816306860975412
4.4500000000000108,0.010314305953646309
4.4583333333333446,0.01123180359948818
4.4666666666666783,0.011054931231428537
4.4750000000000121,0.0097835243593693364
4.4833333333333458,0.0084574677086004749
4.4916666666666796,0.0082553620583114551
4.5000000000000133,0.0091768028552190704
4.5083333333333471,0.010181353532339593
4.5166666666666808,0.010089936759199834
4.5250000000000146,0.0089025177500393678
4.5333333333333483,0.0076591194479014605
4.5416666666666821,0.0075384768179992834
4.5500000000000158,0.0085403061822447151
4.5583333333333496,0.0096242842780601551
4.5666666666666833,0.0096114452025276159
4.5750000000000171,0.0085018731749980838
4.5833333333333508,0.0073357134910132021
4.5916666666666845,0.0072918209830134285
4.6000000000000183,0.0083700260502545306
4.608333333333352,0.0095301176499704727
4.6166666666666858,0.0095932425019824748
4.6250000000000195,0.008559599775362579
4.6333333333333533,0.0074694487397609869
4.641666666666687,0.007501756983815556
4.6500000000000208,0.0086564681980357272
4.6583333333333545,0.0098934881339903212
4.6666666666666883,0.010034083193045929
4.675000000000022,0.0090785698361243467
4.6833333333333558,0.0070256058536469768
4.6916666666666895,0.0049139289657325613
4.7000000000000233,0.0039209965473625107
4.708333333333357,0.0040452236132963258
4.7166666666666908,0.004244943699523533
4.7250000000000245,0.0033398186202803397
4.7333333333333583,0.0013285906816029925
4.741666666666692,-0.0007498980305597877
4.7500000000000258,-0.0017181159425869485
4.7583333333333595,-0.0015776195206908261
4.7666666666666933,-0.00032830187321885749
4.775000000000027,0.00098984787251502429
4.7833333333333607,0.0011981577661763759
4.7916666666666945,0.0002970443065317396
4.8000000000000282,-0.0017147397858613557
4.808333333333362,-0.0037983477249782095
4.8166666666666957,-0.0047762612624236197
4.8250000000000295,-0.0046500559063150579
4.8333333333333632,-0.0034196454890359686
4.841666666666697,-0.0021250366416222652
4.8500000000000307,-0.0019449310542622622
4.8583333333333645,-0.0028789552910633018
4.8666666666666982,-0.003886649434903286
4.875000000000032,-0.003788883527406276
4.8833333333333657,-0.0025856143928444813
4.8916666666666995,-0.0013168935781884821
4.9000000000000332,-0.001161464386408944
4.908333333333367,-0.0021189901153367357
4.9166666666667007,-0.0031490443187203901
4.9250000000000345,-0.0030725274958718204
4.9333333333333682,-0.0018894285545025585
4.941666666666702,-0.00063983209501038672
4.9500000000000357,-0.00050251170897812824
4.9583333333333695,-0.0014771576762300921
4.9666666666667032,-0.0025233683243231532
4.9750000000000369,-0.0024620663924005866
4.9833333333333707,-0.0012932637445016728
4.9916666666667044,-5.706830936048359e-05
5.0000000000000382,6.7725370515088533e-05
5.0083333333333719,-0.00091859165412303846
5.0166666666667057,-0.0019756348702393198
5.0250000000000394,-0.0019243419855935644
5.0333333333333732,-0.00076473996636850731
5.0416666666667069,0.00046304817964524744
5.0500000000000407,0.00058021495248636193
5.0583333333333744,-0.00041295995170137544
5.0666666666667082,-0.0014761023419776213
5.0750000000000419,-0.0014301582851809626
5.0833333333333757,-0.00027516283429820308
5.0916666666667094,0.00094875323327263362
5.1000000000000432,0.0010627766336959634
5.1083333333333769,6.7182416900267246e-05
5.1166666666667107,-0.00099765918999646336
5.1250000000000444,-0.0009526963821298518
5.1333333333333782,0.00020203426215719767
5.1416666666667119,0.0014264010242938533
5.1500000000000457,0.0015415916449657131
5.1583333333333794,0.00054788299104545682
5.1666666666667131,-0.0005143525043757761
5.1750000000000469,-0.00046605903320582422
5.1833333333333806,0.00069273176602600742
5.1916666666667144,0.0019218940011982493
5.2000000000000481,0.0020426233048788096
5.2083333333333819,0.0010552049288090428
5.2166666666667156,1.9780205395062399e-08
5.2250000000000494,5.6133980992125964e-05
5.2333333333333831,0.0012235275513651932
5.2416666666667169,0.0024620875477786197
5.2500000000000506,0.0025930248496566781
5.2583333333333844,0.0016166401239507823
5.2666666666667181,0.00057332940665035794
5.2750000000000519,0.00064217590354232661
5.2833333333333856,0.0018231786274771689
5.2916666666667194,0.0030762455036808397
5.3000000000000531,0.0032226109697711773
5.3083333333333869,0.0022625989856984636
5.3166666666667206,0.0012366280510730046
5.3250000000000544,0.0013238059689913838
5.3333333333333881,0.0025241590853739967
5.3416666666667219,0.0037976254209689756
5.3500000000000556,0.0039654727889363679
5.3583333333333893,0.0030280576016122776
5.3666666666667231,0.00098407403362628766
5.3750000000000568,-0.0011276838399725518
5.3833333333333906,-0.0021297343307410954
5.3916666666667243,-0.0020236852462086688
5.4000000000000581,-0.00080948131206918378
5.4083333333333918,0.00047283653973964455
5.4166666666667256,0.00064454259417627698
5.4250000000000593,-0.00029400167947040345
5.4333333333333931,-0.001302340204863474
5.4416666666667268,-0.0012013366889304026
5.4500000000000606,9.0564028049961207e-06
5.4583333333333943,0.0012887910608194505
5.4666666666667281,0.0014591379154407561
5.4750000000000618,0.00052045658112458951
5.4833333333333956,-0.0004867978788066103
5.4916666666667293,-0.00038348720360962158
5.5000000000000631,0.00083043943860862651
5.5083333333333968,0.0021149388177182219
5.5166666666667306,0.0022912898887774988
5.5250000000000643,0.0013598614686321966
5.5333333333333981,0.00036111781341595156
5.5416666666667318,0.00047420930903379379
5.5500000000000655,0.0016992012656817952
5.5583333333333993,0.0029960673997489582
5.566666666666733,0.0031861075223996562
5.5750000000000668,0.002269711233269852
5.5833333333334005,0.00024560543784860349
5.5916666666667343,-0.0018473838248528175
5.600000000000068,-0.0028317472480029766
5.6083333333334018,-0.0027090671576524019
5.6166666666667355,-0.0014792631446744399
5.6250000000000693,-0.00018235097136055575
5.633333333333403,2.9660475825507892e-06
5.6416666666667368,-0.0009229303736167934
5.6500000000000705,-0.0019195651410323976
5.6583333333334043,-0.0018077853017923167
5.666666666666738,-0.00058752702161414506
5.6750000000000718,0.00070117740547763377
5.6833333333334055,0.00087961180927662464
5.6916666666667393,-5.1852198553296191e-05
5.700000000000073,-0.0010527480737348256
5.7083333333334068,-0.00094392815876295593
5.7166666666667405,0.00027466675527742184
5.7250000000000743,0.0015630007036808412
5.733333333333408,0.0017423574955455889
5.7416666666667417,0.0008131103310591737
5.7500000000000755,-0.00018427205712324401
5.7583333333334092,-7.0636713863257683e-05
5.766666666666743,0.0011540826038271544
5.7750000000000767,0.0024498588723658806
5.7833333333334105,0.0026379887035799352
5.7916666666667442,0.0017188586888850475
5.800000000000078,-0.00030880756835203593
5.8083333333334117,-0.0024061882459512685
5.8166666666667455,-0.0033957815368826257
5.8250000000000792,-0.0032791784579379959
5.833333333333413,-0.0020563076061431134
5.8416666666667467,-0.00076719321047645571
5.8500000000000805,-0.00059054931767075418
5.8583333333334142,-0.001526007346657814
5.866666666666748,-0.0025331069497651067
5.8750000000000817,-0.0024327122750201122
5.8833333333334155,-0.0012247764591483249
5.8916666666667492,5.0651160808416442e-05
5.900000000000083,0.00021483479024109092
5.9083333333334167,-0.00073187547125953009
5.9166666666667505,-0.001749035699752338
5.9250000000000842,-0.0016575234131217342
5.9333333333334179,-0.00045730523479175188
5.9416666666667517,0.00081155622212463136
5.9500000000000854,0.00097031503825753226
5.9583333333334192,1.9313340514354123e-05
5.9666666666667529,-0.0010010116963872807
5.9750000000000867,-0.00091154151693783041
5.9833333333334204,0.00028775405583706282
5.9916666666667542,0.0015568100926592677
6.0000000000000879,0.0017168814903693987
6.0083333333334217,0.0007683124996466596
6.0166666666667554,-0.00024845706852025923
6.0250000000000892,-0.00015430330219313852
6.0333333333334229,0.0010508108596472029
6.0416666666667567,0.0023268289764768156
6.0500000000000904,0.0024950177481627648
6.0583333333334242,0.0015557337790909375
6.0666666666667579,0.00054942900517499004
6.0750000000000917,0.0006552421891357548
6.0833333333334254,0.0018732277020322369
6.0916666666667592,0.0031633489451032308
6.1000000000000929,0.003346896185540555
6.1083333333334267,0.0024242493028702873
6.1166666666667604,0.00039412557853750696
6.1250000000000941,-0.0017046583537418539
6.1333333333334279,-0.0026946017129696807
6.1416666666667616,-0.0025772949945954975
6.1500000000000954,-0.0013526658943043639
6.1583333333334291,-6.0738320686348407e-05
6.1666666666667629,0.00011977679327898438
6.1750000000000966,-0.00081074600374990066
6.1833333333334304,-0.0018118385263313104
6.1916666666667641,-0.0017043543102996941
6.2000000000000979,-0.00048823599248030834
6.2083333333334316,0.00079647773582949052
6.2166666666667654,0.0009710647269076299
6.2250000000000991,3.589084442740182e-05
6.2333333333334329,-0.00096858300602765067
6.2416666666667666,-0.00086321448266555255
6.2500000000001004,0.00035205042953375342
6.2583333333334341,0.001637170710272433
6.2666666666667679,0.0018134254454205193
6.2750000000001016,0.00088118319607561658
6.2833333333334354,-0.00011909193046263468
6.2916666666667691,-8.2513587027987459e-06
6.3000000000001029,0.0012137669524390506
6.3083333333334366,0.0025069319481631409
6.3166666666667703,0.0026925364701049009
6.3250000000001041,0.0017709633296093472
6.3333333333334378,-0.0002590676173348398
6.3416666666667716,-0.0023587381840159388
6.3500000000001053,-0.0033505499015706931
6.3583333333334391,-0.0032360970504931152
6.3666666666667728,-0.0020153114706031377
6.3750000000001066,-0.00072822067692056638
6.3833333333334403,-0.00055354183195363484
6.3916666666667741,-0.0014909092880705369
6.4000000000001078,-0.0024998655224860188
6.4083333333334416,-0.0024012773756042229
6.4166666666667753,-0.0011951007043652898
6.4250000000001091,7.8612433032048206e-05
6.4333333333334428,0.00024112364544465444
6.4416666666667766,-0.00070721946800519203
6.4500000000001103,-0.0017259754307316301
6.4583333333334441,-0.0016360241157584586
6.4666666666667778,-0.00043733449367981746
6.4750000000001116,0.00083002849391781357
6.4833333333334453,0.00098731668389946854
6.4916666666667791,3.4870001207077918e-05
6.5000000000001128,-0.00098687656126930862
6.5083333333334465,-0.00089880657175102417
6.5166666666667803,0.00029910804417766838
6.525000000000114,0.0015668002766577561
6.5333333333334478,0.0017255229900651468
6.5416666666667815,0.00077561841272873015
6.5500000000001153,-0.00024247566254480501
6.558333333333449,-0.0001496373133822945
6.5666666666667828,0.0010541685487739543
6.5750000000001165,0.0023288835223068574
6.5833333333334503,0.002495772358442977
6.591666666666784,0.001555189709217986
6.6000000000001178,0.00054758556149695902
6.6083333333334515,0.00065209673165158623
6.6166666666667853,0.0018687756414836314
6.625000000000119,0.0031575837291091566
6.6333333333334528,0.0033398092737159089
6.6416666666667865,0.0024158301662219371
6.6500000000001203,0.00038436169736087082
6.658333333333454,-0.0017157814937313644
6.6666666666667878,-0.0027071006759428738
6.6750000000001215,-0.002591188427949833
6.6833333333334553,-0.0013679745377582376
6.691666666666789,-7.7484995854846048e-05
6.7000000000001227,0.00010156712559118541
6.7083333333334565,-0.00083044582110462491
6.7166666666667902,-0.0018330578882490285
6.725000000000124,-0.0017271249264093163
6.7333333333334577,-0.00051259189659007601
6.7416666666667915,0.00077050017367366098
6.7500000000001252,0.0009434267012195499
6.758333333333459,6.551053325327334e-06
6.7666666666667927,-0.00099966839183448348
6.7750000000001265,-0.00089609192696787465
6.7833333333334602,0.00031733178154984076
6.791666666666794,0.001600558977039798
6.8000000000001277,0.0017748658589901939
6.8083333333334615,0.00084061805603754592
6.8166666666667952,-0.00016172325734856884
6.825000000000129,-5.3012577231204743e-05
6.8333333333334627,0.0011668089548979559
6.8416666666667965,0.0024577069758260407
6.8500000000001302,0.0026409708046938496
6.858333333333464,0.0017169797239507839
6.8666666666667977,-0.00031554996395962771
6.8750000000001315,-0.0024178037258580517
6.8833333333334652,-0.0034122870840006827
6.8916666666667989,-0.0033005984231225466
6.9000000000001327,-0.0020826737255925476
6.9083333333334664,-0.00079854455517179915
6.9166666666668002,-0.0006269323734511183
6.9250000000001339,-0.001567476141121499
6.9333333333334677,-0.0025797231761701695
6.9416666666668014,-0.002484545470339162
6.9500000000001352,-0.0012819039884722778
6.9583333333334689,-1.1855864506062305e-05
6.9666666666668027,0.00014685509626201506
6.9750000000001364,-0.00080542922132307735
6.9833333333334702,-0.0018282732580068451
6.9916666666668039,-0.0017425631853063156
7.0000000000001377,-0.00054827432195515358
7.0083333333334714,0.0007145219792194273
7.0166666666668052,0.00086707069204757436
7.0250000000001389,-9.0295389944396626e-05
7.0333333333334727,-0.0011171485496040577
7.0416666666668064,-0.0010343800949267773
7.0500000000001402,0.00015803011921646231
7.0583333333334739,0.001420006945195439
7.0666666666668077,0.0015727945099725282
7.0750000000001414,0.00061672610418759112
7.0833333333334751,-0.0004077694555708021
7.0916666666668089,-0.00032157978299004222
7.1000000000001426,0.00087532027523889088
7.1083333333334764,0.0021428619518608708
7.1166666666668101,0.0023022988376764919
7.1250000000001439,0.0013539743519067984
7.1333333333334776,0.00033832739219327967
7.1416666666668114,0.00043448301801713108
7.1500000000001451,0.0016424811792019841
7.1583333333334789,0.0029222700712544397
7.1666666666668126,0.0030951236752840509
7.1750000000001464,0.002161405738107251
7.1833333333334801,0.00011981728597094471
7.1916666666668139,-0.0019908416040942825
7.2000000000001476,-0.002993088311850369
7.2083333333334814,-0.0028885322462686015
7.2166666666668151,-0.0016771201992592365
7.2250000000001489,-0.0003988949437826002
7.2333333333334826,-0.00023258752849779951
7.2416666666668164,-0.001177844769483479
7.2500000000001501,-0.0021942207136521371
7.2583333333334838,-0.0021025925665671555
7.2666666666668176,-0.00090292669617699503
7.2750000000001513,0.00036471434366869011
7.2833333333334851,0.00052158286528142901
7.2916666666668188,-0.00043198193065190174
7.3000000000001526,-0.0014555464398342676
7.3083333333334863,-0.0013699973661448642
7.3166666666668201,-0.00017531033473447909
7.3250000000001538,0.001088443306092598
7.3333333333334876,0.0012425100805055532
7.3416666666668213,0.0002872251331070885
7.3500000000001551,-0.00073698107135638364
7.3583333333334888,-0.00065099569800766927
7.3666666666668226,0.0005452061575238502
7.3750000000001563,0.0018115547648340621
7.3833333333334901,0.0019693013210741166
7.3916666666668238,0.0010187866392420326
7.4000000000001576,4.4711389469435963e-07
7.4083333333334913,9.3404134023743793e-05
7.4166666666668251,0.0012976929211583517
7.4250000000001588,0.0025732558752317993
7.4333333333334926,0.002741359627627964
7.4416666666668263,0.001802360709028155
7.45000000000016,0.00079671075655811776
7.4583333333334938,0.00090354907072942396
7.4666666666668275,0.0021229315066521501
7.4750000000001613,0.0034148238902189949
7.483333333333495,0.0036005200656359609
7.4916666666668288,0.0026804032051783574
7.5000000000001625,0.00065319401876474904
7.5083333333334963,-0.0014422871896850064
7.51666666666683,-0.002428534461746918
7.5250000000001638,-0.0023071323503738787
7.5333333333334975,-0.0010780024593319653
7.5416666666668313,0.00021883732341575139
7.550000000000165,0.00040468318997988043
7.5583333333334988,-0.00052008225293416705
7.5666666666668325,-0.0015149821889289051
7.5750000000001663,-0.0014008604213363565
7.5833333333335,-0.00017764968833752594
7.5916666666668338,0.0011146214727098351
7.6000000000001675,0.0012972423656917788
7.6083333333335013,0.00037059098147038854
7.616666666666835,-0.00062485935350340088
7.6250000000001688,-0.00050995266819692448
7.6333333333335025,0.00071537928199612918
7.6416666666668362,0.0020111103949853179
7.65000000000017,0.0021985362625901454
7.6583333333335037,0.0012780423091472667
7.6666666666668375,-0.0007516492635991828
7.6750000000001712,-0.0028517190451583679
7.683333333333505,-0.0038446703048485398
7.6916666666668387,-0.0037320997734535347
7.7000000000001725,-0.0025139420139646414
7.7083333333335062,-0.0012302265001150662
7.71666666666684,-0.0010596742726420032
7.7250000000001737,-0.0020019259772763925
7.7333333333335075,-0.0030165320886550535
7.7416666666668412,-0.0029243694925184045
7.750000000000175,-0.0017254036027317936
7.7583333333335087,-0.0004596957343712346
7.7666666666668425,-0.00030599562006448721
7.7750000000001762,-0.0012639689735368918
7.78333333333351,-0.0022931889580657316
7.7916666666668437,-0.0022145522606813804
7.8000000000001775,-0.0010280447423257988
7.8083333333335112,0.00022625157702521349
7.816666666666845,0.00036956906916383312
7.8250000000001787,-0.00059777340568267963
7.8333333333335124,-0.0016353628666423655
7.8416666666668462,-0.0015641072832504772
7.8500000000001799,-0.00038400370157217395
7.8583333333335137,0.00086485495110005057
7.8666666666668474,0.0010036927688288448
7.8750000000001812,3.2822009348794855e-05
7.8833333333335149,-0.0010073499738335924
7.8916666666668487,-0.00093773438902510593
7.9000000000001824,0.00024166916286102774
7.9083333333335162,0.0014907659464367202
7.9166666666668499,0.0016307808536669805
7.9250000000001837,0.00066202801857590367
7.9333333333335174,-0.0003750828570081624
7.9416666666668512,-0.0003014583169138998
7.9500000000001849,0.00088290795295030314
7.9583333333335187,0.002137928389858735
7.9666666666668524,0.0022848378041516312
7.9750000000001862,0.0013239607988305333
7.9833333333335199,0.00029571749715704912
7.9916666666668537,0.00037921411812889502
8.0000000000001865,0.0015744716588236224
8.0083333333335194,0.0028414191611793199
8.0166666666668522,0.0030013111097638295
8.0250000000001851,0.0020544917514656747
8.033333333333518,0.0010414001513071043
8.0416666666668508,0.0011411639188789611
8.0500000000001837,0.0023538282708796855
8.0583333333335165,0.0036393493457201366
8.0666666666668494,0.0038190123405434911
8.0750000000001823,0.0028931914071127995
8.0833333333335151,0.00086059836275002074
8.091666666666848,-0.0012399552036548083
8.1000000000001808,-0.0022309708337766875
8.1083333333335137,-0.0021140399380403588
8.1166666666668466,-0.00088909087998089505
8.1250000000001794,0.00040385172008736294
8.1333333333335123,0.00058607810811370448
8.1416666666668451,-0.00034203448964542914
8.150000000000178,-0.0013400143295410241
8.1583333333335109,-0.0012287096261826087
8.1666666666668437,-8.0573824105247628e-06
8.1750000000001766,0.0012819098068779396
8.1833333333335094,0.0014624779099274023
8.1916666666668423,0.0005340218778059529
8.2000000000001751,-0.00046298790046149708
8.208333333333508,-0.00034939780404036802
8.2166666666668409,0.00087485840270930401
8.2250000000001737,0.0021697529756289327
8.2333333333335066,0.0023565805654160179
8.2416666666668394,0.0014357257373778347
8.2500000000001723,-0.00059409008051998307
8.2583333333335052,-0.0026940478598593376
8.266666666666838,-0.0036866503002365601
8.2750000000001709,-0.0035734933721799297
8.2833333333335037,-0.0023545107909189625
8.2916666666668366,-0.0010697314604811289
8.3000000000001695,-0.00089787524322710558
8.3083333333335023,-0.0018385807964620016
8.3166666666668352,-0.0028513960262143289
8.325000000000168,-0.0027571945891472333
8.3333333333335009,-0.0015559388658059402
8.3416666666668338,-0.00028768727207789885
8.3500000000001666,-0.00013118598206344551
8.3583333333334995,-0.0010860964785420974
8.3666666666668323,-0.0021119872275712883
8.3750000000001652,-0.0020297495162946901
8.3833333333334981,-0.00083936382804339815
8.3916666666668309,0.0004190932072148837
8.4000000000001638,0.00056686010402290322
8.4083333333334966,-0.00039573757140547411
8.4166666666668295,-0.0014282797748680685
8.4250000000001624,-0.0013516666379870829
8.4333333333334952,-0.00016588719908865727
8.4416666666668281,0.0010889738127919197
8.4500000000001609,0.0012341495868987281
8.4583333333334938,0.00026996192892419092
8.4666666666668267,-0.00076317203428332521
8.4750000000001595,-0.00068615286135593643
8.4833333333334924,0.00050103091205834266
8.4916666666668252,0.0017582960500588897
8.5000000000001581,0.0019068800485063889
8.508333333333491,0.00094710995355114691
8.5166666666668238,-8.0591585524163715e-05
8.5250000000001567,2.8828423589006606e-06
8.5333333333334895,0.0011975542649656562
8.5416666666668224,0.0024633506229370392
8.5500000000001553,0.0026215236238950426
8.5583333333334881,0.0016724148541591404
8.566666666666821,0.00065646115732803905
8.5750000000001538,0.00075278663830153085
8.5833333333334867,0.0019614314409229735
8.5916666666668196,0.0032423450789445525
8.6000000000001524,0.0034168043017675414
8.6083333333334853,0.0024851753427879955
8.6166666666668181,0.00044616188767871291
8.625000000000151,-0.001661432917148714
8.6333333333334838,-0.002660121459223876
8.6416666666668167,-0.002551507304690984
8.6500000000001496,-0.0013355312164189219
8.6583333333334824,-5.2230149499941276e-05
8.6666666666668153,0.00011967201305983322
8.6750000000001481,-0.00081946308488695194
8.683333333333481,-0.0018291801716623479
8.6916666666668139,-0.0017303457420044187
8.7000000000001467,-0.00052291541332494555
8.7083333333334796,0.00075305914313511773
8.7166666666668124,0.00091884266795961851
8.7250000000001453,-2.5212188529269861e-05
8.7333333333334782,-0.0010386577917151291
8.741666666666811,-0.00094236529287794512
8.7500000000001439,0.0002637057244174847
8.7583333333334767,0.001539500515144711
8.7666666666668096,0.0017062840589555526
8.7750000000001425,0.00076441067786303142
8.7833333333334753,-0.00024566975940581472
8.7916666666668082,-0.00014482330968420802
8.800000000000141,0.0010669971174886504
8.8083333333334739,0.0023497451395472616
8.8166666666668068,0.002524697597837397
8.8250000000001396,0.0015922212626330659
8.8333333333334725,0.00059277819213089656
8.8416666666668053,0.00070551737151058024
8.8500000000001382,0.0019305035334150414
8.8583333333334711,0.00322771063816208
8.8666666666668039,0.0034184397992915246
8.8750000000001368,0.0025030817109814129
8.8833333333334696,0.0004803644989090143
8.8916666666668025,-0.0016108843052194672
8.9000000000001354,-0.0025931525296306601
8.9083333333334682,-0.002468019002180489
8.9166666666668011,-0.0012353996833042902
8.9250000000001339,6.4693192759743387e-05
8.9333333333334668,0.0002535608188991533
8.9416666666667997,-0.00066840970778989724
8.9500000000001325,-0.0016607373664808247
8.9583333333334654,-0.00154426230932793
8.9666666666667982,-0.00031891371086537388
8.9750000000001311,0.00097528330960201717
8.983333333333464,0.0011596208750292271
8.9916666666667968,0.00023447951764375929
9.0000000000001297,-0.00075966500510293747
9.0083333333334625,-0.00064365478275882858
9.0166666666667954,0.00058258011347699784
9.0250000000001283,0.001879014984145807
9.0333333333334611,0.0020669462427572237
9.041666666666794,0.001146760039535739
9.0500000000001268,-0.00088282076868642808
9.0583333333334597,-0.0029829764659633769
9.0666666666667926,-0.0039762108116737013
9.0750000000001254,-0.0038641211585815779
9.0833333333334583,-0.0026466427646791154
9.0916666666667911,-0.0013638055431450565
9.100000000000124,-0.0011943314771383597
9.1083333333334568,-0.0021378628561796367
9.1166666666667897,-0.0031539523069417826
9.1250000000001226,-0.0030634794210454971
9.1333333333334554,-0.0018664121269372593
9.1416666666667883,-0.00060281411527354832
9.1500000000001211,-0.0004514380380006286
9.158333333333454,-0.0014119531180674944
9.1666666666667869,-0.0024439364461711576
9.1750000000001197,-0.0023682892271216366
9.1833333333334526,-0.001185001787720784
9.1916666666667854,6.5839409979628633e-05
9.2000000000001183,0.00020546167637425678
9.2083333333334512,-0.00076582169564975815
9.216666666666784,-0.001807603628972644
9.2250000000001169,-0.0017407986494109835
9.2333333333334497,-0.00056541045779140051
9.2416666666667826,0.0006784612510804005
9.2500000000001155,0.00081203306777679555
9.2583333333334483,-0.00016439067972569559
9.2666666666667812,-0.0012104108092195482
9.275000000000114,-0.0011469474412974042
9.2833333333334469,2.5990623843639182e-05
9.2916666666667798,0.0012682991551952716
9.3000000000001126,0.0014011926456756146
9.3083333333334455,0.00042497450398415768
9.3166666666667783,-0.00061995640106351471
9.3250000000001112,-0.00055451830251784361
9.3333333333334441,0.00062128287794743482
9.3416666666667769,0.0018673467806452505
9.3500000000001098,0.0020048942828147839
9.3583333333334426,0.0010342358801678189
9.3666666666667755,-4.2223097815486876e-06
9.3750000000001084,6.8610928623577389e-05
9.3833333333334412,0.0012527406665122412
9.3916666666667741,0.0025080790626358634
9.4000000000001069,0.0026558622630728965
9.4083333333334398,0.0016964162526965406
9.4166666666667727,0.00067016227592995637
9.4250000000001055,0.00075620895983766591
9.4333333333334384,0.0019545810559658261
9.4416666666667712,0.0032252126770148325
9.4500000000001041,0.0033893651025667421
9.458333333333437,0.0024473890646084968
9.4666666666667698,0.0014397294653890882
9.4750000000001027,0.0015455210285436835
9.4833333333334355,0.0027648179107642597
9.4916666666667684,0.0040575870188943224
9.5000000000001013,0.0042451262756778392
9.5083333333334341,0.0033278217845569831
9.516666666666767,0.0013043975392759738
9.5250000000000998,-0.00078632261440543516
9.5333333333334327,-0.0017668254395502433
9.5416666666667656,-0.0016386858908286842
9.5500000000000984,-0.00040181561113167638
9.5583333333334313,0.00090377770954193999
9.5666666666667641,0.0010994032603747839
9.575000000000097,0.00018545848848287204
9.5833333333334298,-0.0018393229728183597
9.5916666666667627,-0.0039361138443019918
9.6000000000000956,-0.0049274161964104127
9.6083333333334284,-0.0048148258965825131
9.6166666666667613,-0.0035982772438316818
9.6250000000000941,-0.002317796733136169
9.633333333333427,-0.002152106469233197
9.6416666666667599,-0.0031008546140039489
9.6500000000000927,-0.0041236039287827148
9.6583333333334256,-0.0040412481496911309
9.6666666666667584,-0.002853767242362016
9.6750000000000913,-0.001601235277298325
9.6833333333334242,-0.0014624189918779368
9.691666666666757,-0.00243700659622576
9.7000000000000899,-0.0034845978217581618
9.7083333333334227,-0.0034261207306427359
9.7166666666667556,-0.0022615913034134197
9.7250000000000885,-0.0010311206686867973
9.7333333333334213,-0.00091351027919783529
9.7416666666667542,-0.0019084799881154012
9.750000000000087,-0.0029756590980530516
9.7583333333334199,-0.002936003138966436
9.7666666666667528,-0.0017895564459666964
9.7750000000000856,-0.00057645903250811152
9.7833333333334185,-0.00047553936746141289
9.7916666666667513,-0.0014865422352327924
9.8000000000000842,-0.0025691204569979753
9.8083333333334171,-0.0025442514032063372
9.8166666666667499,-0.0014120016658468652
9.8250000000000828,-0.00021253374724669577
9.8333333333334156,-0.00012469710970892166
9.8416666666667485,-0.0011482560956852291
9.8500000000000814,-0.0022428821068668473
9.8583333333334142,-0.0022295697496845126
9.8666666666667471,-0.0011084029986784595
9.8750000000000799,8.0438198268267558e-05
9.8833333333334128,0.00015808813628542405
9.8916666666667457,-0.00087523276477297193
9.9000000000000785,-0.0019792104563719631
9.9083333333334114,-0.0019748530102756357
9.9166666666667442,-0.00086225786276558571
9.9250000000000771,0.00031838160591102471
9.93333333333341,0.00038818723416546709
9.9416666666667428,-0.00065263229744192449
9.9500000000000757,-0.0017637741860390319
9.9583333333334085,-0.0017662568655637976
9.9666666666667414,-0.00066018805055457347
9.9750000000000743,0.00051422867800558563
9.9833333333334071,0.00057810575897713557
9.99166666666674,-0.00046835700224944648
10.000000000000073,-0.0015848653155783648
10.008333333333406,-0.0015924453970856147
10.016666666666739,-0.00049121261845937896
10.025000000000071,0.00067862188345594124
10.033333333333404,0.00073816366188180881
10.041666666666737,-0.00031239396900675185
10.05000000000007,-0.0014327629369777768
10.058333333333403,-0.0014439750584918614
10.066666666666736,-0.00034615116002469982
10.075000000000069,0.00082049227970763068
10.083333333333401,0.00087705604778200012
10.091666666666734,-0.00017627100048409422
10.100000000000067,-0.0012992050388153263
10.1083333333334,-0.0013127815918716874
10.116666666666733,-0.00021712503691197698
10.125000000000066,0.00094754471665438236
10.133333333333399,0.0010023255378727111
10.141666666666731,-5.2596386223266879e-05
10.150000000000064,-0.0011769397256227688
10.158333333333397,-0.0011917420142396251
10.16666666666673,-9.7129470626425971e-05
10.175000000000063,0.001066676282434809
10.183333333333396,0.0011207718783480022
10.191666666666729,6.5342481540477888e-05
10.200000000000061,-0.0010593314560706705
10.208333333333394,-0.0010742878841911885
10.216666666666727,2.0346745341991805e-05
10.22500000000006,0.0011843507167260087
10.233333333333393,0.0012388210395776638
10.241666666666726,0.00018394344564890775
10.250000000000059,-0.00094000092001395941
10.258333333333391,-0.00095404885196853921
10.266666666666724,0.00014167455852373749
10.275000000000057,0.0013069491169126716
10.28333333333339,0.0013628738410817666
10.291666666666723,0.00030963665050713922
10.300000000000056,-0.00081247901003194593
10.308333333333389,-0.00082450714962760473
10.316666666666721,0.00027343016712718255
10.325000000000054,0.0014411159656102243
10.333333333333387,0.0014996530161570695
10.34166666666672,0.00044923316478673607
10.350000000000053,-0.00066985611808982766
10.358333333333386,-0.00067864428185024665
10.366666666666719,0.00042275146401669715
10.375000000000052,0.001594119243517874
10.383333333333384,0.001656567534628794
10.391666666666717,0.00061029406162739779
10.40000000000005,-0.00050440774489948759
10.408333333333383,-0.00050856076547806074
10.416666666666716,0.00059772473496525196
10.425000000000049,0.0017742441445261171
10.433333333333382,0.001842113927135372
10.441666666666714,0.0008015399561256333
10.450000000000047,-0.00030717613583571555
10.45833333333338,-0.00030504831524566772
10.466666666666713,0.00080782256052663631
10.475000000000046,0.0019912417205974371
10.483333333333379,0.0020663363491136349
10.491666666666712,0.0010333231820802492
10.500000000000044,-6.7485284392912643e-05
10.508333333333377,-5.709130640574395e-05
10.51666666666671,0.001064416635064775
10.525000000000043,0.002256856749641413
10.533333333333376,0.002341370294670369
10.541666666666709,0.0013181881734444425
10.550000000000042,0.00022763695584541836
10.558333333333374,0.00024872947651612213
10.566666666666707,0.0013813932645734453
10.57500000000004,0.0025854634003557647
10.583333333333373,0.0026820993909000977
10.591666666666706,0.0016715503833108509
10.600000000000039,0.00059416093128114957
10.608333333333372,0.00062896307805799915
10.616666666666704,0.0017759048554118837
10.625000000000037,0.0029948430947688205
10.63333333333337,0.0031069608158452119
10.641666666666703,0.0021125304818748569
10.650000000000036,0.0010519194151939661
10.658333333333369,0.0011041838991752997
10.666666666666702,0.0022692980585263989
10.675000000000034,0.0035071466562999025
10.683333333333367,0.0036389429179035713
10.6916666666667,0.002664988970500437
10.700000000000033,0.0016256807655750975
10.708333333333366,0.0017001049698395184
10.716666666666699,0.0028882687846700505
10.725000000000032,0.0041500927928527455
10.733333333333364,0.0043068290040426923
10.741666666666697,0.0033588171843667676
10.75000000000003,0.0023464890754401097
10.758333333333363,0.0024489691965529858
10.766666666666696,0.0036663065700079525
10.775000000000029,0.0049584677368195362
10.783333333333362,0.0051467545675995931
10.791666666666694,0.0042315545143400881
10.800000000000027,0.0022115934219846031
10.80833333333336,0.0001256964774738903
10.816666666666693,-0.00084861666230214331
10.825000000000026,-0.00071291031825538806
10.833333333333359,0.00053291499326064301
10.841666666666692,0.0018488639823931441
10.850000000000025,0.0020562622692023662
10.858333333333357,0.0011555252265196749
10.86666666666669,-0.00085459509682532888
10.875000000000023,-0.0029352498133286683
10.883333333333356,-0.0039089133177529073
10.891666666666689,-0.003777153457594534
10.900000000000022,-0.0025398759155536889
10.908333333333355,-0.0012370813075562306
10.916666666666687,-0.0010474620235210541
10.92500000000002,-0.0019706301731009308
10.933333333333353,-0.0029661075934537015
10.941666666666686,-0.0028547423349719317
10.950000000000019,-0.0016364709618246786
10.958333333333352,-0.00035132607245202583
10.966666666666685,-0.00017802840575026607
10.975000000000017,-0.0011162142954936854
10.98333333333335,-0.0021254271535380109
10.991666666666683,-0.0020265332967066797
11.000000000000016,-0.00081948819558406755
11.008333333333349,0.00045565649066536357
11.016666666666682,0.0006201642935128878
11.025000000000015,-0.00032561411414274159
11.033333333333347,-0.0013412334914145894
11.04166666666668,-0.0012475685013219819
11.050000000000013,-4.4582612060070366e-05
11.058333333333346,0.0012276651146372218
11.066666666666679,0.0013904340331642596
11.075000000000012,0.00044407237344708077
11.083333333333345,-0.00057097621623522846
11.091666666666677,-0.0004755851556308326
11.10000000000001,0.00073028453138357006
11.108333333333343,0.0020065775499041442
11.116666666666676,0.0021745603426330984
11.125000000000009,0.0012345891342954423
11.133333333333342,0.00022711566163982174
11.141666666666675,0.0003312773839494394
11.150000000000007,0.0015471262645098325
11.15833333333334,0.0028346221859617848
11.166666666666673,0.0030150504091016814
11.175000000000006,0.0020887860457635887
11.183333333333339,5.4541433531612944e-05
11.191666666666672,-0.0020488721800691269
11.200000000000005,-0.0030439613975077732
11.208333333333337,-0.0029323249606255639
11.21666666666667,-0.0017138990093490379
11.225000000000003,-0.00042871565772432463
11.233333333333336,-0.00025549546850334344
11.241666666666669,-0.0011938749093460274
11.250000000000002,-0.0022033977282867154
11.258333333333335,-0.0021049308795087628
11.266666666666667,-0.0008984304596590352
11.275,0.00037605122985687113
11.283333333333333,0.00053977675678176622
11.291666666666666,-0.00040690439594706559
11.299999999999999,-0.001423548308784607
11.308333333333332,-0.0013310312718523194
11.316666666666665,-0.00012931846050242844
11.324999999999998,0.0011415292594980661
11.33333333333333,0.001302769082617316
11.341666666666663,0.00035474692627266173
11.349999999999996,-0.00066209593177404672
11.358333333333329,-0.00056863560408495367
11.366666666666662,0.00063516400791005956
11.374999999999995,0.0019092445329649034
11.383333333333328,0.0020748689221627768
11.39166666666666,0.001132389837534783
11.399999999999993,0.00012225548836611818
11.408333333333326,0.00022359945725432313
11.416666666666659,0.0014364695074976879
11.424999999999992,0.0027208209792058727
11.433333333333325,0.0028979340847098737
11.441666666666658,0.0019681789266435923
11.44999999999999,-6.973722551982463e-05
11.458333333333323,-0.0021770083786290377
11.466666666666656,-0.0031761471256758489
11.474999999999989,-0.0030687584864849656
11.483333333333322,-0.0018547849578205032
11.491666666666655,-0.0005742648662711773
11.499999999999988,-0.00040592552559243331
11.50833333333332,-0.0013494107471228665
11.516666666666653,-0.0023642720457444106
11.524999999999986,-0.0022713847606679288
11.533333333333319,-0.0010707133375121014
11.541666666666652,0.00019768157869418779
11.549999999999985,0.00035505352676023594
11.558333333333318,-0.0005982575721233985
11.56666666666665,-0.0016218176960816693
11.574999999999983,-0.0015365137624521398
11.583333333333316,-0.00034232173541872454
11.591666666666649,0.00092068653790325057
11.599999999999982,0.0010737563880292814
11.608333333333315,0.00011722143077459812
11.616666666666648,-0.00090848955396471184
11.62499999999998,-0.00082426604092950332
11.633333333333313,0.00036991426185845847
11.641666666666646,0.0016339786911981247
11.649999999999979,0.0017891747590732213
11.658333333333312,0.00083583941363847005
11.666666666666645,-0.00018559481501468841
11.674999999999978,-9.6011045516884491e-05
11.68333333333331,0.0011046209230048526
11.691666666666643,0.00237623794024199
11.699999999999976,0.0025401002251230292
11.708333333333309,0.0015965578931913516
11.716666666666642,0.00058605636916011985
11.724999999999975,0.00068772805924140537
11.733333333333308,0.0019016211257724149
11.74166666666664,0.0031876928715263556
11.749999999999973,0.0033672275806296017
11.758333333333306,0.0024405991053597863
11.766666666666639,0.00040651871635902405
11.774999999999972,-0.0016962029270978312
11.783333333333305,-0.0026900709399285444
11.791666666666638,-0.0025766816999951616
11.799999999999971,-0.0013559687896828199
11.808333333333303,-6.7961990724107985e-05
11.816666666666636,0.00010862188989727211
11.824999999999969,-0.00082584849193113354
11.833333333333302,-0.0018309108719842015
11.841666666666635,-0.0017274247702682413
11.849999999999968,-0.00051533882121060793
11.858333333333301,0.00076530227913374437
11.866666666666633,0.00093577027120028352
11.874999999999966,-3.5751662501046986e-06
11.883333333333299,-0.001012279351623972
11.891666666666632,-0.0009112063107055492
11.899999999999965,0.0002996915379563935
11.908333333333298,0.0015803666619462673
11.916666666666631,0.0017520914086114436
11.924999999999963,0.00081522752597081136
11.933333333333296,-0.00018976769085325928
11.941666666666629,-8.3752701717438165e-05
11.949999999999962,0.0011333273181413539
11.958333333333295,0.002421433886152069
11.966666666666628,0.0026018520476493944
11.974999999999961,0.0016749568009771427
11.983333333333293,-0.00036053985275922906
11.991666666666626,-0.0024658277591201256
11.999999999999959,-0.0034634170888860048
12.008333333333292,-0.0033549109678284914
12.016666666666625,-0.0021402501526762226
12.024999999999958,-0.00085947089396791368
12.033333333333291,-0.00069129954887805654
12.041666666666623,-0.0016353802438812868
12.049999999999956,-0.0026512656745279911
12.058333333333289,-0.0025598334894326004
12.066666666666622,-0.0013610502671486508
12.074999999999955,-9.497871570632252e-05
12.083333333333288,5.9631481173492413e-05
12.091666666666621,-0.00089688395368410696
12.099999999999953,-0.001924095822472679
12.108333333333286,-0.0018428970168672995
12.116666666666619,-0.0006532696115757726
12.124999999999952,0.00060470824062913405
12.133333333333285,0.00075227429066754314
12.141666666666618,-0.00021024616121754515
12.149999999999951,-0.0012424330474640967
12.158333333333283,-0.0011651857752781603
12.166666666666616,2.1507538678900405e-05
12.174999999999949,0.0012775633082379725
12.183333333333282,0.0014242166479124536
12.191666666666615,0.00046179161546668838
12.199999999999948,-0.00056929227319443051
12.208333333333281,-0.00048993248588992465
12.216666666666613,0.00069988591968545835
12.224999999999946,0.0019600835832079108
12.233333333333279,0.0021119027326456283
12.241666666666612,0.0011556753104163511
12.249999999999945,0.0001318288291510075
12.258333333333278,0.00021947629310281694
12.266666666666611,0.0014186449454631203
12.274999999999944,0.0026892695772452679
12.283333333333276,0.0028526097368936029
12.291666666666609,0.0019090148218380615
12.299999999999942,0.0008989292264661023
12.308333333333275,0.0010014853870772091
12.316666666666608,0.0022167327279662662
12.324999999999941,0.0035046310249182444
12.333333333333274,0.003686468488503463
12.341666666666606,0.0027626225092567797
12.349999999999939,0.00073180806757957141
12.358333333333272,-0.001367160179712578
12.366666666666605,-0.0023567814571086509
12.374999999999938,-0.0022386452718495316
12.383333333333271,-0.0010126781492474869
12.391666666666604,0.00028109711090263187
12.399999999999936,0.00046397206468631083
12.408333333333269,-0.0004636751192813529
12.416666666666602,-0.001461371958654087
12.424999999999935,-0.0013499663821512449
12.433333333333268,-0.00012939521532713468
12.441666666666601,0.001160308977399248
12.449999999999934,0.001340431679199791
12.458333333333266,0.000411347143678235
12.466666666666599,-0.00058647500802917166
12.474999999999932,-0.00047388236118539476
12.483333333333265,0.0007491898513098833
12.491666666666598,0.002042712129547299
12.499999999999931,0.0022279768134862701
