Time,Theta
0.0083333333333333332,0.40751747624914686
0.016666666666666666,0.40884703074995155
0.025000000000000001,0.41082599972688838
0.033333333333333333,0.41239107679546405
0.041666666666666664,0.41354520315262627
0.049999999999999996,0.41429056011488508
0.058333333333333327,0.41462857298131367
0.066666666666666666,0.41455991359477395
0.074999999999999997,0.41408450159735155
0.083333333333333329,0.41320150437830971
0.09166666666666666,0.4119093357150822
0.099999999999999992,0.4102056531100457
0.10833333333333332,0.40808735382816214
0.11666666666666665,0.40555056964320463
0.12499999999999999,0.40259066030328333
0.13333333333333333,0.39920220572994158
0.14166666666666666,0.395378996969319
0.14999999999999999,0.39111402591897643
0.15833333333333333,0.38639947386009593
0.16666666666666666,0.38122669883214672
0.17499999999999999,0.37558622189594298
0.18333333333333332,0.36946771234158632
0.19166666666666665,0.36285997191035874
0.19999999999999998,0.35575091811453569
0.20833333333333331,0.34909340168290359
0.21666666666666665,0.34397393433707518
0.22499999999999998,0.3394179492400532
0.23333333333333331,0.33431899073311122
0.24166666666666664,0.32866779747481911
0.24999999999999997,0.32245411381378847
0.2583333333333333,0.3156666765053896
0.26666666666666666,0.30927490815644548
0.27500000000000002,0.30438333194593781
0.28333333333333338,0.3000019069536784
0.29166666666666674,0.2950070843897164
0.3000000000000001,0.28938988967862855
0.30833333333333346,0.28314024109158203
0.31666666666666682,0.2762469391795449
0.32500000000000018,0.26969330982304518
0.33333333333333354,0.26459920946871435
0.3416666666666669,0.25996036123794269
0.35000000000000026,0.25463733356701185
0.35833333333333361,0.24862069398016939
0.36666666666666697,0.2418997990037389
0.37500000000000033,0.23546913235582684
0.38333333333333369,0.23046060532458859
0.39166666666666705,0.22585944407742484
0.40000000000000041,0.22051465346898783
0.40833333333333377,0.21441690137828939
0.41666666666666713,0.20755556289042076
0.42500000000000049,0.20093441711341811
0.43333333333333385,0.19569551916115288
0.44166666666666721,0.19081443769793485
0.45000000000000057,0.18512948769458684
0.45833333333333393,0.17863091691120542
0.46666666666666728,0.17233006962733999
0.47500000000000064,0.16737693859304831
0.483333333333334,0.1627408673904219
0.49166666666666736,0.15725344017383075
0.50000000000000067,0.15090539867983224
0.50833333333333397,0.14471408249837242
0.51666666666666727,0.13983579972163102
0.52500000000000058,0.13523453605600255
0.53333333333333388,0.12973606308188593
0.54166666666666718,0.12333126933722227
0.55000000000000049,0.11704220965157731
0.55833333333333379,0.11203016228529189
0.5666666666666671,0.10828851315627287
0.5750000000000004,0.10477767742148744
0.5833333333333337,0.1003197199628004
0.59166666666666701,0.094907426952636612
0.60000000000000031,0.088532057481063325
0.60833333333333361,0.082220471792600947
0.61666666666666692,0.07713886130238648
0.62500000000000022,0.073280199086258963
0.63333333333333353,0.069600584559493847
0.64166666666666683,0.064917424686380967
0.65000000000000013,0.05922335266179047
0.65833333333333344,0.05354915556341551
0.66666666666666674,0.04906480397311222
0.67500000000000004,0.045763860085326666
0.68333333333333335,0.042601030533929871
0.69166666666666665,0.038392280538625735
0.69999999999999996,0.033131156364342801
0.70833333333333326,0.027850756828875146
0.71666666666666656,0.023723188868018084
0.72499999999999987,0.020742341657599039
0.73333333333333317,0.01786224252032885
0.74166666666666647,0.013898179717622207
0.74999999999999978,0.0088442248024188565
0.75833333333333308,0.003734557703319887
0.76666666666666639,-0.00025785583252202173
0.77499999999999969,-0.0031390832282493452
0.78333333333333299,-0.0059552993341058322
0.7916666666666663,-0.009891347334924647
0.7999999999999996,-0.014952967395736554
0.8083333333333329,-0.020105950753972854
0.81666666666666621,-0.0241776036271013
0.82499999999999951,-0.027174258940693388
0.83333333333333282,-0.030141891697475734
0.84166666666666612,-0.034264974875544807
0.84999999999999942,-0.039549363420431312
0.85833333333333273,-0.044961866648635489
0.86666666666666603,-0.049331237386272486
0.87499999999999933,-0.052664419977727479
0.88333333333333264,-0.054966756793084104
0.89166666666666594,-0.057281809580773044
0.89999999999999925,-0.060791399640694542
0.90833333333333255,-0.065500337249193366
0.91666666666666585,-0.070376148190906318
0.92499999999999916,-0.074248780573514361
0.93333333333333246,-0.07712453432793627
0.94166666666666576,-0.079008128091451066
0.94999999999999907,-0.080940509292659321
0.95833333333333237,-0.084100608978118815
0.96666666666666567,-0.088492618387824573
0.97499999999999898,-0.093085691832904133
0.98333333333333228,-0.096711906588353727
0.99166666666666559,-0.099377272611647999
0.99999999999999889,-0.10108624524616432
1.0083333333333322,-0.10287705419805267
1.0166666666666655,-0.1059255669288275
1.0249999999999988,-0.11023570269540725
1.0333333333333321,-0.11477906742733922
1.0416666666666654,-0.1183907640588498
1.0499999999999987,-0.12107687201111075
1.058333333333332,-0.12284194850201914
1.0666666666666653,-0.12472131505867121
1.0749999999999986,-0.12788746842264248
1.0833333333333319,-0.13131299383071163
1.0916666666666652,-0.13383421248507787
1.0999999999999985,-0.13545544358360978
1.1083333333333318,-0.13720977032293352
1.1166666666666651,-0.14026719397760545
1.1249999999999984,-0.14360216179902563
1.1333333333333317,-0.14605320228488664
1.1416666666666651,-0.14762454873886563
1.1499999999999984,-0.14831895206172277
1.1583333333333317,-0.14916573754172308
1.166666666666665,-0.15133110422646009
1.1749999999999983,-0.15481762046235747
1.1833333333333316,-0.15860288577648665
1.1916666666666649,-0.16152918477171255
1.1999999999999982,-0.16360159787989709
1.2083333333333315,-0.16482375542131167
1.2166666666666648,-0.16519783753434689
1.2249999999999981,-0.16574937857278224
1.2333333333333314,-0.16764045656283552
1.2416666666666647,-0.17087324169395229
1.249999999999998,-0.17442816158500085
1.2583333333333313,-0.17715081289690535
1.2666666666666646,-0.17904596973397782
1.2749999999999979,-0.18011698679242741
1.2833333333333312,-0.18036579990053747
1.2916666666666645,-0.18081450580415609
1.2999999999999978,-0.18262136691836486
1.3083333333333311,-0.1847675321381631
1.3166666666666644,-0.18609923349983098
1.3249999999999977,-0.18661886303692793
1.333333333333331,-0.18632740771832892
1.3416666666666643,-0.18624472461997241
1.3499999999999976,-0.18752686549967354
1.358333333333331,-0.18915543346608099
1.3666666666666643,-0.18997709185325187
1.3749999999999976,-0.18999335262001377
1.3833333333333309,-0.18920433055926783
1.3916666666666642,-0.18862839306721466
1.3999999999999975,-0.18942020935735598
1.4083333333333308,-0.19158059486099538
1.4166666666666641,-0.19409317693508413
1.4249999999999974,-0.19580712558657756
1.4333333333333307,-0.19672550778543896
1.441666666666664,-0.19685000787875531
1.4499999999999973,-0.1961809282792881
1.4583333333333306,-0.19573517891222136
1.4666666666666639,-0.19666572201771598
1.4749999999999972,-0.19795587382095395
1.4833333333333305,-0.19845419903301542
1.4916666666666638,-0.19816165141745268
1.4999999999999971,-0.19707780655766829
1.5083333333333304,-0.19621866850784156
1.5166666666666637,-0.19673643217561793
1.524999999999997,-0.19761392489513599
1.5333333333333303,-0.19769906105351767
1.5416666666666636,-0.19699207446052525
1.5499999999999969,-0.19549181921250425
1.5583333333333302,-0.19421399165969669
1.5666666666666635,-0.1943106894104209
1.5749999999999968,-0.19476364041663105
1.5833333333333302,-0.19441940941611394
1.5916666666666635,-0.19327748359321145
1.5999999999999968,-0.19235468480244006
1.6083333333333301,-0.19280415781216631
1.6166666666666634,-0.19360770583047407
1.6249999999999967,-0.19361205566114439
1.63333333333333,-0.19281730093531096
1.6416666666666633,-0.19122214640351462
1.6499999999999966,-0.189843149780203
1.6583333333333299,-0.18983342486500152
1.6666666666666632,-0.19017350916420692
1.6749999999999965,-0.18970858576748881
1.6833333333333298,-0.18843793454368293
1.6916666666666631,-0.18635943852809125
1.6999999999999964,-0.18448998926224808
1.7083333333333297,-0.18398334649326126
1.716666666666663,-0.18483881752407491
1.7249999999999963,-0.18603686223918733
1.7333333333333296,-0.1864227474411394
1.7416666666666629,-0.18599722846097397
1.7499999999999962,-0.18475965552038467
1.7583333333333295,-0.1827079737533544
1.7666666666666628,-0.18085995310183037
1.7749999999999961,-0.18037031343986301
1.7833333333333294,-0.18021683136337646
1.7916666666666627,-0.17924144779492382
1.799999999999996,-0.17744256760632077
1.8083333333333294,-0.1748171775029326
1.8166666666666627,-0.17238384911644664
1.824999999999996,-0.17129849789308771
1.8333333333333293,-0.17155972842646669
1.8416666666666626,-0.17214434385053967
1.8499999999999959,-0.17189331105831543
1.8583333333333292,-0.17080628774193174
1.8666666666666625,-0.16888149606524494
1.8749999999999958,-0.16611572274115494
1.8833333333333291,-0.16352915279008914
1.8916666666666624,-0.16227955100333488
1.8999999999999957,-0.16236530383569983
1.908333333333329,-0.16276109419759627
1.9166666666666623,-0.16230543589405066
1.9249999999999956,-0.16099764056772983
1.9333333333333289,-0.1588355651829462
1.9416666666666622,-0.15684185894246935
1.9499999999999955,-0.15617670229836159
1.9583333333333288,-0.15581259117782525
1.9666666666666621,-0.15458543742110098
1.9749999999999954,-0.15249324464187169
1.9833333333333287,-0.14953254917760861
1.991666666666662,-0.14672648236695235
1.9999999999999953,-0.14523613446963687
2.0083333333333289,-0.14505955110918567
2.0166666666666622,-0.14516777704429867
2.0249999999999955,-0.14439513567653581
2.0333333333333288,-0.14274041354343886
2.0416666666666621,-0.14020090887309405
2.0499999999999954,-0.13780213160685326
2.0583333333333287,-0.13670758647907302
2.066666666666662,-0.13588564643055728
2.0749999999999953,-0.13416749793358254
2.0833333333333286,-0.13155034921698558
2.0916666666666619,-0.12906105696332368
2.0999999999999952,-0.12786463228894562
2.1083333333333285,-0.12692784381351807
2.1166666666666618,-0.12508005612060927
2.1249999999999951,-0.12231827960227129
2.1333333333333284,-0.11967060922178574
2.1416666666666617,-0.11830346328262707
2.149999999999995,-0.11821496919201122
2.1583333333333283,-0.11837188885818892
2.1666666666666616,-0.1176036586493138
2.1749999999999949,-0.11590909870526532
2.1833333333333282,-0.11328549426589403
2.1916666666666615,-0.11076250327682206
2.1999999999999948,-0.10950818834816183
2.2083333333333282,-0.10848649406621061
2.2166666666666615,-0.10652359686716856
2.2249999999999948,-0.10361635970617362
2.2333333333333281,-0.10079530996879486
2.2416666666666614,-0.099229548595511252
2.2499999999999947,-0.09891689087056986
2.258333333333328,-0.098821176042247882
2.2666666666666613,-0.097768491907577179
2.2749999999999946,-0.095757213403620658
2.2833333333333279,-0.092784151355049763
2.2916666666666612,-0.089881077620079172
2.2999999999999945,-0.088218446881454499
2.3083333333333278,-0.087793912594180304
2.3166666666666611,-0.087569856915960781
2.3249999999999944,-0.086370704140500215
2.3333333333333277,-0.08419460770910113
2.341666666666661,-0.081038141861937696
2.3499999999999943,-0.077934089151590849
2.3583333333333276,-0.076054026304510178
2.3666666666666609,-0.07539527327428959
2.3749999999999942,-0.07491861111077637
2.3833333333333275,-0.073446646016203182
2.3916666666666608,-0.070977114569768351
2.3999999999999941,-0.06854486130778828
2.4083333333333274,-0.067323471392466167
2.4166666666666607,-0.066272202473682165
2.424999999999994,-0.064211958858768015
2.4333333333333274,-0.06113955839967998
2.4416666666666607,-0.058089734549834869
2.449999999999994,-0.056236080304933184
2.4583333333333273,-0.055575887596015755
2.4666666666666606,-0.055068292539180295
2.4749999999999939,-0.053534030653283361
2.4833333333333272,-0.050970781366062465
2.4916666666666605,-0.048414810092586309
2.4999999999999938,-0.047041202723744423
2.5083333333333271,-0.046847902885186483
2.5166666666666604,-0.046794151556548931
2.5249999999999937,-0.045700756056636663
2.533333333333327,-0.043566104463243147
2.5416666666666603,-0.040386958524668871
2.5499999999999936,-0.037199261451557074
2.5583333333333269,-0.035177835989715189
2.5666666666666602,-0.034319667221694238
2.5749999999999935,-0.033582385910003058
2.5833333333333268,-0.031785039345849801
2.5916666666666601,-0.028924948477351688
2.5999999999999934,-0.026039077409977296
2.6083333333333267,-0.024303222812476172
2.61666666666666,-0.023714749333108007
2.6249999999999933,-0.023231285578654119
2.6333333333333266,-0.021671838609022626
2.6416666666666599,-0.019034121519350179
2.6499999999999932,-0.016355761576456799
2.6583333333333266,-0.014813174336780468
2.6666666666666599,-0.014403982397318956
2.6749999999999932,-0.014085849262878558
2.6833333333333265,-0.012677787541856248
2.6916666666666598,-0.010177761940889422
2.6999999999999931,-0.0076237934133233029
2.7083333333333264,-0.0061926465039654627
2.7166666666666597,-0.0058820884660635052
2.724999999999993,-0.0056498158204416008
2.7333333333333263,-0.0043148532513649319
2.7416666666666596,-0.0018752940140735115
2.7499999999999929,0.00063066609306950978
2.7583333333333262,0.0020261367546138068
2.7666666666666595,0.0023133153663681704
2.7749999999999928,0.0025344932606634284
2.7833333333333261,0.0038706451436850233
2.7916666666666594,0.0063236622179234344
2.7999999999999927,0.0088553706624520546
2.808333333333326,0.010288960889893598
2.8166666666666593,0.010626705322060854
2.8249999999999926,0.010910908718952389
2.8333333333333259,0.012322558517298019
2.8416666666666592,0.014863639590344839
2.8499999999999925,0.017496199622930728
2.8583333333333258,0.019043726456795338
2.8666666666666591,0.019508684792744032
2.8749999999999925,0.019933410284775997
2.8833333333333258,0.021498902745959839
2.8916666666666591,0.024207351564047568
2.8999999999999924,0.027021253356215906
2.9083333333333257,0.028764649019522619
2.916666666666659,0.029440326436159348
2.9249999999999923,0.029049430382526876
2.9333333333333256,0.02863270378768212
2.9416666666666589,0.029369573483323905
2.9499999999999922,0.031261004461156691
2.9583333333333255,0.033268519586837034
2.9666666666666588,0.034215218705797953
2.9749999999999921,0.034102670681544836
2.9833333333333254,0.033971845319685424
2.9916666666666587,0.035002362578815963
2.999999999999992,0.03719560437643963
3.0083333333333253,0.039513775079020749
3.0166666666666586,0.040780746567365203
3.0249999999999919,0.04099859501389698
3.0333333333333252,0.041208476519650185
3.0416666666666585,0.042590139142900885
3.0499999999999918,0.044104865604151527
3.0583333333333251,0.044575605465617854
3.0666666666666584,0.044003196869717626
3.0749999999999917,0.043427415937663583
3.083333333333325,0.044026685016525562
3.0916666666666583,0.04580175435192483
3.0999999999999917,0.047714648270635859
3.108333333333325,0.04858913343374386
3.1166666666666583,0.048426683975016406
3.1249999999999916,0.048267454399476967
3.1333333333333249,0.049290182736134676
3.1416666666666582,0.051496214928207024
3.1499999999999915,0.053848530469624095
3.1583333333333248,0.055171973798362375
3.1666666666666581,0.055468734899410829
3.1749999999999914,0.054739383570015634
3.1833333333333247,0.054022784998747506
3.191666666666658,0.054496410148567681
3.1999999999999913,0.056160821316302283
3.2083333333333246,0.057978523246533485
3.2166666666666579,0.058773894942535806
3.2249999999999912,0.058548296963398562
3.2333333333333245,0.058341109003500403
3.2416666666666578,0.059330231455262235
3.2499999999999911,0.060477426893685328
3.2583333333333244,0.060606297092816792
3.2666666666666577,0.059717147160617032
3.274999999999991,0.058848234183323161
3.2833333333333243,0.059176408745090912
3.2916666666666576,0.060702025392088077
3.2999999999999909,0.062387713574397784
3.3083333333333242,0.063058027766642988
3.3166666666666575,0.062714134125868598
3.3249999999999909,0.061355586186296274
3.3333333333333242,0.060019781953786711
3.3416666666666575,0.059882761507703261
3.3499999999999908,0.060944227646921777
3.3583333333333241,0.062166165679250214
3.3666666666666574,0.062372431568673614
3.3749999999999907,0.061563453606329747
3.383333333333324,0.060777473164612926
3.3916666666666573,0.061191302590376237
3.3999999999999906,0.062805415058606914
3.4083333333333239,0.064582724647434281
3.4166666666666572,0.065348113909871219
3.4249999999999905,0.065102902302258417
3.4333333333333238,0.063846799332878665
3.4416666666666571,0.062617165953686688
3.4499999999999904,0.062589976626109586
3.4583333333333237,0.063765088008441245
3.466666666666657,0.065104863548303374
3.4749999999999903,0.065433592836357524
3.4833333333333236,0.064751899906029198
3.4916666666666569,0.064097972157308974
3.4999999999999902,0.064648527772005859
3.5083333333333235,0.065365112404005249
3.5166666666666568,0.065071128020460028
3.5249999999999901,0.063766206417049442
3.5333333333333234,0.062487638582979781
3.5416666666666567,0.06241133596442839
3.5499999999999901,0.063537086674567159
3.5583333333333234,0.064827166094525893
3.5666666666666567,0.065105765925717263
3.57499999999999,0.064373430235795906
3.5833333333333233,0.062629092858949992
3.5916666666666566,0.060909447828330632
3.5999999999999899,0.060389873559299173
3.6083333333333232,0.061069538001125238
3.6166666666666565,0.061909891534006778
3.6249999999999898,0.06173420902013451
3.6333333333333231,0.060542311827972706
3.6416666666666564,0.05937192130554142
3.6499999999999897,0.059399384725155296
3.658333333333323,0.060624635165621311
3.6666666666666563,0.062009867707457096
3.6749999999999896,0.062379163956316021
3.6833333333333229,0.061733211277393722
3.6916666666666562,0.060071083647064663
3.6999999999999895,0.058429803387173955
3.7083333333333228,0.057985079907269511
3.7166666666666561,0.058736183969852571
3.7249999999999894,0.059644494893592755
3.7333333333333227,0.059533194308811252
3.741666666666656,0.058402206380410486
3.7499999999999893,0.057289508585043301
3.7583333333333226,0.057371709509817986
3.7666666666666559,0.057609134197094493
3.7749999999999893,0.056823813053106777
3.7833333333333226,0.055014604149566243
3.7916666666666559,0.053218671210148623
3.7999999999999892,0.052611904857461041
3.8083333333333225,0.053193343095130387
3.8166666666666558,0.053923738129355359
3.8249999999999891,0.053625555534557501
3.8333333333333224,0.052298425938107622
3.8416666666666557,0.0509804494181356
3.849999999999989,0.050848410630360226
3.8583333333333223,0.051902017366403451
3.8666666666666556,0.053102616406757917
3.8749999999999889,0.053273303123568296
3.8833333333333222,0.052414447789170884
3.8916666666666555,0.050524797625277
3.8999999999999888,0.048641694451014808
3.9083333333333221,0.047941230907185009
3.9166666666666554,0.048422307264013406
3.9249999999999887,0.049045230517740152
3.933333333333322,0.048631956231300628
3.9416666666666553,0.047181936639033528
3.9499999999999886,0.045733405051067474
3.9583333333333219,0.045463311471593888
3.9666666666666552,0.04637116593161178
3.9749999999999885,0.047417771058941328
3.9833333333333218,0.047425596849087009
3.9916666666666551,0.046394757096416592
3.9999999999999885,0.044323736896968204
4.0083333333333222,0.042249975235821927
4.0166666666666559,0.041349693353095428
4.0249999999999897,0.041621498120812984
4.0333333333333234,0.042025012923881222
4.0416666666666572,0.041381421638444917
4.0499999999999909,0.039689821684318352
4.0583333333333247,0.037988489809703339
4.0666666666666584,0.037454458892750196
4.0749999999999922,0.03808685612523776
4.0833333333333259,0.038845653510738605
4.0916666666666597,0.038552380035611324
4.0999999999999934,0.037206681323737598
4.1083333333333272,0.035847490236761551
4.1166666666666609,0.035652472248980958
4.1249999999999947,0.036621241261513768
4.1333333333333284,0.037714191606284073
4.1416666666666622,0.037753286264446621
4.1499999999999959,0.036738688169457245
4.1583333333333297,0.03466892249297783
4.1666666666666634,0.032581925277675471
4.1749999999999972,0.031654421197790973
4.1833333333333309,0.031884963417097484
4.1916666666666647,0.032232668559593051
4.1999999999999984,0.031518128373993912
4.2083333333333321,0.02974034028845457
4.2166666666666659,0.027937896155505505
4.2249999999999996,0.027288155639074534
4.2333333333333334,0.027790068973078202
4.2416666666666671,0.028402998201546941
4.2500000000000009,0.027947766407843657
4.2583333333333346,0.026423774728861874
4.2666666666666684,0.024870125275011933
4.2750000000000021,0.024464671829231083
4.2833333333333359,0.025206717957103855
4.2916666666666696,0.026055894123837218
4.3000000000000034,0.025833285590953669
4.3083333333333371,0.024538652854108656
4.3166666666666709,0.023211511125187365
4.3250000000000046,0.023030114491879458
4.3333333333333384,0.023994093001820951
4.3416666666666721,0.025063367326986764
4.3500000000000059,0.025059314877652339
4.3583333333333396,0.023982032303740783
4.3666666666666734,0.021829968134365257
4.3750000000000071,0.019641411729785525
4.3833333333333409,0.018593428997841732
4.3916666666666746,0.01868437692625911
4.4000000000000083,0.018872749116960689
4.4083333333333421,0.017978423421314078
4.4166666666666758,0.016000137770432542
4.4250000000000096,0.013976595732247583
4.4333333333333433,0.013085254199055648
4.4416666666666771,0.013324692215764725
4.4500000000000108,0.013653515753023799
4.4583333333333446,0.012891694334982639
4.4666666666666783,0.011038174348293055
4.4750000000000121,0.0091319418019545073
4.4833333333333458,0.0083507155619972698
4.4916666666666796,0.0086932314840825024
4.5000000000000133,0.0091181855306545993
4.5083333333333471,0.0084456201208246116
4.5166666666666808,0.0066746220167741028
4.5250000000000146,0.0048443580968255146
4.5333333333333483,0.004132709156407466
4.5416666666666821,0.0045385097071099952
4.5500000000000158,0.0050205166188208861
4.5583333333333496,0.0043988190037677812
4.5666666666666833,0.0026725846061374098
4.5750000000000171,0.00088107810886770303
4.5833333333333508,0.00020225940595845662
4.5916666666666845,0.00063500791980547542
4.6000000000000183,0.0011381092454326965
4.608333333333352,0.00053166948764399931
4.6166666666666858,-0.0011851168337734259
4.6250000000000195,-0.002972960583718084
4.6333333333333533,-0.0036538973717620761
4.641666666666687,-0.0032290548683610813
4.6500000000000208,-0.0027396520187228076
4.6583333333333545,-0.0033655965328799557
4.6666666666666883,-0.005107719192343943
4.675000000000022,-0.0069267773598990535
4.6833333333333558,-0.0076448762034644242
4.6916666666666895,-0.0072632034851418262
4.7000000000000233,-0.0068230156751530784
4.708333333333357,-0.0075042643379942516
4.7166666666666908,-0.0093078583045705897
4.7250000000000245,-0.011194676929963055
4.7333333333333583,-0.011986976034796031
4.741666666666692,-0.011686060395925856
4.7500000000000258,-0.011333255225133735
4.7583333333333595,-0.012108582970167118
4.7666666666666933,-0.014013086615936043
4.775000000000027,-0.01600785518388044
4.7833333333333607,-0.016915391963367461
4.7916666666666945,-0.016737182880210959
4.8000000000000282,-0.015473059610908519
4.808333333333362,-0.014162821303203021
4.8166666666666957,-0.013984995626813594
4.8250000000000295,-0.014939215516961561
4.8333333333333632,-0.015985175016360806
4.841666666666697,-0.015943961116573112
4.8500000000000307,-0.014815614400588244
4.8583333333333645,-0.013640153206427573
4.8666666666666982,-0.013596319013510372
4.875000000000032,-0.014683942533820526
4.8833333333333657,-0.015862911204327326
4.8916666666666995,-0.015954507826538646
4.9000000000000332,-0.014958975234531977
4.908333333333367,-0.013916530418924719
4.9166666666667007,-0.014006109588930799
4.9250000000000345,-0.015227740439023535
4.9333333333333682,-0.016541518736302128
4.941666666666702,-0.016768943312490629
4.9500000000000357,-0.015910464055759372
4.9583333333333695,-0.015006486764518864
4.9666666666667032,-0.01523613304393328
4.9750000000000369,-0.016599636921855666
4.9833333333333707,-0.018057330000567653
4.9916666666667044,-0.018430961273614828
5.0000000000000382,-0.01772120423956108
5.0083333333333719,-0.016968651274671114
5.0166666666667057,-0.017352606298333621
5.0250000000000394,-0.018873529557525092
5.0333333333333732,-0.020492032780399801
5.0416666666667069,-0.021030168293339691
5.0500000000000407,-0.020488862556677607
5.0583333333333744,-0.019908896665925369
5.0666666666667082,-0.020469756033569403
5.0750000000000419,-0.022172158357219644
5.0833333333333757,-0.023977062560114993
5.0916666666667094,-0.024706903860960409
5.1000000000000432,-0.024362905701465772
5.1083333333333769,-0.022944642694141908
5.1166666666667107,-0.021491490620512546
5.1250000000000444,-0.021181569399815765
5.1333333333333782,-0.022014320386827317
5.1416666666667119,-0.022949415620748419
5.1500000000000457,-0.022807962891137738
5.1583333333333794,-0.021589848306503467
5.1666666666667131,-0.020334792256609679
5.1750000000000469,-0.020221249047364869
5.1833333333333806,-0.021248947452940262
5.1916666666667144,-0.02237782704233434
5.2000000000000481,-0.022429266191797585
5.2083333333333819,-0.021403446753262827
5.2166666666667156,-0.020340387376529757
5.2250000000000494,-0.020418831949881189
5.2333333333333831,-0.021638790727347965
5.2416666666667169,-0.022960496996245323
5.2500000000000506,-0.02320563428050201
5.2583333333333844,-0.022374681488576641
5.2666666666667181,-0.021507926920304916
5.2750000000000519,-0.021784375209796002
5.2833333333333856,-0.023204326299934616
5.2916666666667194,-0.024728350192769678
5.3000000000000531,-0.025178489192681716
5.3083333333333869,-0.024555537717174818
5.3166666666667206,-0.022858641652217605
5.3250000000000544,-0.021126754173722048
5.3333333333333881,-0.020537585787507039
5.3416666666667219,-0.021090168467975425
5.3500000000000556,-0.021743736707316996
5.3583333333333893,-0.021318942045260143
5.3666666666667231,-0.019815237068066267
5.3750000000000568,-0.018271955264527545
5.3833333333333906,-0.017867174486770665
5.3916666666667243,-0.018600195134582581
5.4000000000000581,-0.019430457691600542
5.4083333333333918,-0.019178811086464496
5.4166666666667256,-0.017844973998043408
5.4250000000000593,-0.016468587391447371
5.4333333333333931,-0.016228026992537233
5.4416666666667268,-0.017122833937755891
5.4500000000000606,-0.018112656135913525
5.4583333333333943,-0.018018546366045468
5.4666666666667281,-0.01684046425308381
5.4750000000000618,-0.015618310422113741
5.4833333333333956,-0.0155307132145682
5.4916666666667293,-0.016577438921293368
5.5000000000000631,-0.017718349420642859
5.5083333333333968,-0.0177747131076679
5.5166666666667306,-0.016746719228624807
5.5250000000000643,-0.015674498449362955
5.5333333333333981,-0.015736903786796198
5.5416666666667318,-0.016933922587270687
5.5500000000000655,-0.018225646413529188
5.5583333333333993,-0.018433580940862577
5.566666666666733,-0.017558146796950079
5.5750000000000668,-0.016639688326033349
5.5833333333334005,-0.016857267430027814
5.5916666666667343,-0.018211099725146163
5.600000000000068,-0.019661535352900127
5.6083333333334018,-0.02003035355536063
5.6166666666667355,-0.019318221289694015
5.6250000000000693,-0.017524153222812439
5.633333333333403,-0.015687098136184675
5.6416666666667368,-0.014984755936620074
5.6500000000000705,-0.01541598673523332
5.6583333333334043,-0.015939718100783828
5.666666666666738,-0.015376256992079724
5.6750000000000718,-0.013724848922645413
5.6833333333334055,-0.012024739868506246
5.6916666666667393,-0.011453912170165403
5.700000000000073,-0.012011416613894916
5.7083333333334068,-0.012656310934201116
5.7166666666667405,-0.01220901854563654
5.7250000000000743,-0.010668964165316257
5.733333333333408,-0.009075613757333529
5.7416666666667417,-0.0086071577062657844
5.7500000000000755,-0.009262796222274881
5.7583333333334092,-0.010001697773974496
5.766666666666743,-0.0096443854927289602
5.7750000000000767,-0.0081904221902863866
5.7833333333334105,-0.0066794367687865886
5.7916666666667442,-0.0062897728097575925
5.800000000000078,-0.0070207461123621955
5.8083333333334117,-0.0078316159058569555
5.8166666666667455,-0.0075429871427451362
5.8250000000000792,-0.0061545276348498167
5.833333333333413,-0.0047059861749007888
5.8416666666667467,-0.0043758181851848901
5.8500000000000805,-0.005163427063826373
5.8583333333334142,-0.0060281436608929919
5.866666666666748,-0.0057906371956858629
5.8750000000000817,-0.004450653419046771
5.8833333333334155,-0.003048027701703608
5.8916666666667492,-0.0027612952533738462
5.900000000000083,-0.0035899235695762244
5.9083333333334167,-0.0044932973272731862
5.9166666666667505,-0.0042921334068186812
5.9250000000000842,-0.0029862328847342634
5.9333333333334179,-0.0016154910980189694
5.9416666666667517,-0.0013584973172798942
5.9500000000000854,-0.0022147629463783948
5.9583333333334192,-0.0031437100623107825
5.9666666666667529,-0.0029660876446519512
5.9750000000000867,-0.001681732629784969
5.9833333333334204,-0.00033057817733674185
5.9916666666667542,-9.1246023015160849e-05
6.0000000000000879,-0.00096327356665722988
6.0083333333334217,-0.0019061049754357528
6.0166666666667554,-0.0017405066195367272
6.0250000000000892,-0.00046633387687742889
6.0333333333334229,0.00087646167114227265
6.0416666666667567,0.0011092449991280059
6.0500000000000904,0.00023246928483270821
6.0583333333334242,-0.00071331714348261477
6.0666666666667579,-0.00054888384886793873
6.0750000000000917,0.00072591168860972966
6.0833333333334254,0.0020711175500199791
6.0916666666667592,0.0023081036109399815
6.1000000000000929,0.0014373297443321478
6.1083333333334267,0.00049935109515317861
6.1166666666667604,0.00067340900626359688
6.1250000000000941,0.0019596600503412501
6.1333333333334279,0.0033181700249130313
6.1416666666667616,0.0035703322379090421
6.1500000000000954,0.0027166297910463681
6.1583333333334291,0.0017976391817137176
6.1666666666667629,0.0019926270832039271
6.1750000000000966,0.0033017809618258328
6.1833333333334304,0.0046852036386066309
6.1916666666667641,0.0049643320875123274
6.2000000000000979,0.0041396904959775582
6.2083333333334316,0.0032518919220965842
6.2166666666667654,0.0034802435055977543
6.2250000000000991,0.0048249820256547945
6.2333333333334329,0.0062462693034553689
6.2416666666667666,0.0065656094647074982
6.2500000000001004,0.0057835879575131709
6.2583333333334341,0.0049408706709757905
6.2666666666667679,0.0052168213392277188
6.2750000000001016,0.0066117470097989588
6.2833333333334354,0.0080858948579182605
6.2916666666667691,0.0084608648198091305
6.3000000000001029,0.007737327238320847
6.3083333333334366,0.0069560184122516768
6.3166666666667703,0.0072963758617665695
6.3250000000001041,0.0087588014607014042
6.3333333333334378,0.010303660673542233
6.3416666666667716,0.01075268561708179
6.3500000000001053,0.010106659981669109
6.3583333333334391,0.0094064093395617217
6.3666666666667728,0.0098314629425175146
6.3750000000001066,0.011382346867476471
6.3833333333334403,0.013019587374152861
6.3916666666667741,0.013565096349227108
6.4000000000001078,0.013019805769840711
6.4083333333334416,0.011382990880136825
6.4166666666667753,0.0096939602726771289
6.4250000000001091,0.0091307514621905526
6.4333333333334428,0.0096924245043630355
6.4416666666667766,0.010338012851980681
6.4500000000001103,0.0098879047716830693
6.4583333333334441,0.0083415224059515472
6.4666666666667778,0.0067383533090997023
6.4750000000001116,0.0062566018537773679
6.4833333333334453,0.0068954468133503892
6.4916666666667791,0.0076140089531714934
6.5000000000001128,0.007232752914368752
6.5083333333334465,0.0057512067761303354
6.5166666666667803,0.0042089825657678284
6.525000000000114,0.0037843986338085846
6.5333333333334478,0.0044767172442937058
6.5416666666667815,0.0052451231363598218
6.5500000000001153,0.0049101356885807119
6.558333333333449,0.0034713541540630139
6.5666666666667828,0.0019684713588590764
6.5750000000001165,0.0015798769600914831
6.5833333333334503,0.002304885651256825
6.591666666666784,0.0031027231547770821
6.6000000000001178,0.0027939418539387178
6.6083333333334515,0.0013781815829770473
6.6166666666667853,-0.00010482095326922608
6.625000000000119,-0.00047664129863306183
6.6333333333334528,0.00026205921012083125
6.6416666666667865,0.0010705247945021904
6.6500000000001203,0.000769319285182508
6.658333333333454,-0.00064190506558813769
6.6666666666667878,-0.0021234010165093954
6.6750000000001215,-0.0024967428658285154
6.6833333333334553,-0.0017625953199791604
6.691666666666789,-0.00096171783370517961
6.7000000000001227,-0.0012735565905295848
6.7083333333334565,-0.002698474215810754
6.7166666666667902,-0.004196745418635411
6.725000000000124,-0.0045899766684481674
6.7333333333334577,-0.0038788637237803856
6.7416666666667915,-0.0031041919195689068
6.7500000000001252,-0.0034454390132486754
6.758333333333459,-0.0049030104113008373
6.7666666666667927,-0.0064372370198489334
6.7750000000001265,-0.0068697935561310283
6.7833333333334602,-0.0062014363758855261
6.791666666666794,-0.0054729992314777433
6.8000000000001277,-0.0058640132167316903
6.8083333333334615,-0.0073749564974406679
6.8166666666667952,-0.008966255020220408
6.825000000000129,-0.0094596936291886213
6.8333333333334627,-0.0088561223467068361
6.8416666666667965,-0.0071547318895146097
6.8500000000001302,-0.0053947891879653513
6.858333333333464,-0.0047542760549547725
6.8666666666667977,-0.005232133641315047
6.8750000000001315,-0.0057872304966659766
6.8833333333334652,-0.0052397705424964474
6.8916666666667989,-0.0035890325928464996
6.9000000000001327,-0.001874389794431596
6.9083333333334664,-0.0012739142817862459
6.9166666666668002,-0.0017866037082251898
6.9250000000001339,-0.0023713647987413503
6.9333333333334677,-0.0018484283393621806
6.9416666666668014,-0.00021711299600416274
6.9500000000001352,0.0014831653499806617
6.9583333333334689,0.0020743081225264677
6.9666666666668027,0.0015573066621242541
6.9750000000001364,-6.8511204550238342e-05
6.9833333333334702,-0.0017637208521341296
6.9916666666668039,-0.0023502164179137297
7.0000000000001377,-0.0018289825090176104
7.0083333333334714,-0.00019934036537919809
7.0166666666668052,0.001499291586082875
7.0250000000001389,0.0020888123154477801
7.0333333333334727,0.0015702107419963574
7.0416666666668064,-5.7187721395533634e-05
7.0500000000001402,-0.0017539608393526704
7.0583333333334739,-0.0023420050806844139
7.0666666666668077,-0.0018223073698399332
7.0750000000001414,-0.00019419125996561189
7.0833333333334751,0.001502922521355687
7.0916666666668089,0.0020909306710561542
7.1000000000001426,0.0015708198405851403
7.1083333333334764,-5.8086824178161237e-05
7.1166666666668101,-0.0017563693502708861
7.1250000000001439,-0.002345926472902765
7.1333333333334776,-0.0018277473906749082
7.1416666666668114,-0.00020115793328345902
7.1500000000001451,0.0014944188927945115
7.1583333333334789,0.0020808774717204939
7.1666666666668126,0.0015592021210078823
7.1750000000001464,-7.1286353056392601e-05
7.1833333333334801,-0.0017711703313543162
7.1916666666668139,-0.0023623509698438927
7.2000000000001476,-0.0018458199183018127
7.2083333333334814,-0.00022090546673245732
7.2166666666668151,0.0014729669009836514
7.2250000000001489,0.0020576889932718591
7.2333333333334826,0.0015342425018966114
7.2416666666668164,-9.8054405287998183e-05
7.2500000000001501,-0.0017997867827349607
7.2583333333334838,-0.0023928585964513474
7.2666666666668176,-0.0018782643615959174
7.2750000000001513,-0.00025533525031174397
7.2833333333334851,0.0014365003389676507
7.2916666666668188,0.0020191311281753778
7.3000000000001526,0.0014935356377815069
7.3083333333334863,-0.00014097115657207455
7.3166666666668201,-0.0018449775625289039
7.3250000000001538,-0.0024403910189265787
7.3333333333334876,-0.0019282095976707104
7.3416666666668213,-0.00030776805367035731
7.3500000000001551,0.0013815015832328334
7.3583333333334888,0.0019614841420243509
7.3666666666668226,0.0014331541201020371
7.3750000000001563,-0.00020417756110238325
7.3833333333334901,-0.0019111033592196592
7.3916666666668238,-0.0025095351878725086
7.4000000000001576,-0.0020004757110758014
7.4083333333334913,-0.00038326431368445127
7.4166666666668251,0.0013026622791838024
7.4250000000001588,0.001879183825952158
7.4333333333334926,0.0013472695609384061
7.4416666666668263,-0.00029377490180886864
7.45000000000016,-0.0020045474729226557
7.4583333333334938,-0.002606965981828681
7.4666666666668275,-0.0021020391642189891
7.4750000000001613,-0.00048911253001501234
7.483333333333495,0.0011923709901990357
7.4916666666668288,0.0017642844261507469
7.5000000000001625,0.00122759000151119
7.5083333333334963,-0.00041841374195020724
7.51666666666683,-0.0021343320074808407
7.5250000000001638,-0.0027420905653791697
7.5333333333334975,-0.0022427062901443189
7.5416666666668313,-0.00063553290475580051
7.550000000000165,0.0010399783586627039
7.5583333333334988,0.0016056915103847039
7.5666666666668325,0.0010625593402784439
7.5750000000001663,0.0004516296753023062
7.5833333333335,0.00095263450059124895
7.5916666666668338,0.0025662199100786633
7.6000000000001675,0.0042529429965445014
7.6083333333335013,0.004834692841305238
7.616666666666835,0.0043124490616562681
7.6250000000001688,0.0026855292695413184
7.6333333333335025,0.0009933474641530438
7.6416666666668362,0.00041401231580899664
7.65000000000017,0.00094655234482585301
7.6583333333335037,0.001549902896308768
7.6666666666668375,0.001044320867449558
7.6750000000001712,-0.00057084834297290582
7.683333333333505,-0.0022561635161681129
7.6916666666668387,-0.0028335047761422691
7.7000000000001725,-0.0023038434026102198
7.7083333333335062,-0.00066648756678200794
7.71666666666684,0.0010391569022929707
7.7250000000001737,0.0016349992076769358
7.7333333333335075,0.0011220373529084856
7.7416666666668412,-0.00050039440462004443
7.750000000000175,-0.0021928658100922502
7.7583333333335087,-0.0027772675913370114
7.7666666666668425,-0.002254581582286779
7.7750000000001762,-0.00062412647913903251
7.78333333333351,0.0010746814222444088
7.7916666666668437,0.0016637410828739443
7.8000000000001775,0.0011440403586674304
7.8083333333335112,-0.00048509662681261805
7.816666666666845,-0.0021842496954531487
7.8250000000001787,-0.0027753195758705453
7.8333333333335124,-0.0022592981131500031
7.8416666666668462,-0.00063551401486906757
7.8500000000001799,0.0010566064322366604
7.8583333333335137,0.0016389521535813537
7.8666666666668474,0.0011125009135556291
7.8750000000001812,-0.00052343327015133979
7.8833333333335149,-0.0022294403801523511
7.8916666666668487,-0.0028274315084651355
7.9000000000001824,-0.0023184089391954082
7.9083333333335162,-0.0007017118486183885
7.9166666666668499,0.00098322299553596938
7.9250000000001837,0.0015582737219948378
7.9333333333335174,0.0010244070848917125
7.9416666666668512,-0.00061907395212837792
7.9500000000001849,-0.002332770606444037
7.9583333333335187,-0.0029386057091258665
7.9666666666668524,-0.0024375934230079226
7.9750000000001862,-0.00082908486521031323
7.9833333333335199,0.00084747122474031114
7.9916666666668537,0.001413940391709266
8.0000000000001865,0.00087127639844180281
8.0083333333335194,0.0002605280827630707
8.0166666666668522,0.00076142792362893751
8.0250000000001851,0.0023746220146428432
8.033333333333518,0.0040606665807133334
8.0416666666668508,0.0046414487821029712
8.0500000000001837,0.0041179466148721549
8.0583333333335165,0.0024894759613649491
8.0666666666668494,0.00079544943987126619
8.0750000000001823,0.00021397343460846925
8.0833333333335151,0.00074407308827343071
8.091666666666848,0.001344679953728205
8.1000000000001808,0.00083604652874557815
8.1083333333335137,-0.00078248619461271222
8.1166666666668466,-0.0024714818806147931
8.1250000000001794,-0.0030528266380945696
8.1333333333335123,-0.0025274979473756784
8.1416666666668451,-0.00089481029979092408
8.150000000000178,0.00080582405985292667
8.1583333333335109,0.0013963067909695355
8.1666666666668437,0.00087762764935185936
8.1750000000001766,-0.00075088748245449605
8.1833333333335094,-0.0024498172653429269
8.1916666666668423,-0.0030410626503773988
8.2000000000001751,-0.002525615978695773
8.208333333333508,-0.00090280659790580085
8.2166666666668409,0.00078793843124592869
8.2250000000001737,0.0013685059361037881
8.2333333333335066,0.00083987078096277844
8.2416666666668394,-0.00079865605957200729
8.2500000000001723,-0.0025076682340434359
8.2583333333335052,-0.00310908194235435
8.266666666666838,-0.0026039048589923284
8.2750000000001709,-0.00099148170415510857
8.2833333333335037,0.000688745108053769
8.2916666666668366,0.0012586466410294983
8.3000000000001695,0.00071918167315528341
8.3083333333335023,0.00011140405449714197
8.3166666666668352,0.00061505085630812371
8.325000000000168,0.0022307724080540591
8.3333333333335009,0.0039191285407703088
8.3416666666668338,0.0045020092459104027
8.3500000000001666,0.0039803955570932243
8.3583333333334995,0.0023536063167376429
8.3666666666668323,0.00066105730293431766
8.3750000000001652,8.0857413034731283e-05
8.3833333333334981,0.0006120335849001576
8.3916666666668309,0.0012135189243016804
8.4000000000001638,0.00070556709373585365
8.4083333333334966,-0.00091247978364854656
8.4166666666668295,-0.0026011845705455673
8.4250000000001624,-0.0031824332526756358
8.4333333333334952,-0.0026572032773806726
8.4416666666668281,-0.0010248091734679206
8.4500000000001609,0.00067533674112084429
8.4583333333334938,0.0012651354101462049
8.4666666666668267,0.00074557544871721058
8.4750000000001595,-0.00088401847042318259
8.4833333333334924,-0.0025842265453888333
8.4916666666668252,-0.0031769519634426368
8.5000000000001581,-0.0026631894078867602
8.508333333333491,-0.0010422706426795043
8.5166666666668238,0.0006463748265701898
8.5250000000001567,0.001224630700394881
8.5333333333334895,0.00069346825342465662
8.5416666666668224,-0.0009478052053806833
8.5500000000001553,-0.0026597873624165194
8.5583333333334881,-0.0032643992453471804
8.566666666666821,-0.0027626534716138585
8.5750000000001538,-0.0011538997897291784
8.5833333333334867,0.00052241435211433044
8.5916666666668196,0.0010881541999989499
8.6000000000001524,0.00054427214963667983
8.6083333333334853,-6.8184367485544053e-05
8.6166666666668181,0.00043051482651334383
8.625000000000151,0.0020410127988733334
8.6333333333334838,0.0037238613526077075
8.6416666666668167,0.0043009414003715033
8.6500000000001496,0.003773225079077471
8.6583333333334824,0.0021400222215798778
8.6666666666668153,0.00044073990896107578
8.6750000000001481,-0.00014652263472272794
8.683333333333481,0.00037725075533560681
8.6916666666668139,0.00097098203342534063
8.7000000000001467,0.0004549130204008076
8.7083333333334796,-0.0011716261280544846
8.7166666666668124,-0.0028692109287131841
8.7250000000001453,-0.0034597413995632576
8.7333333333334782,-0.0029442091734617425
8.741666666666811,-0.001321943117800704
8.7500000000001439,0.00036763015133672617
8.7583333333334767,0.00094639585297300293
8.7666666666668096,0.00041532578684141865
8.7750000000001425,-0.0001845132675732698
8.7833333333334753,0.00032662784372476899
8.7916666666668082,0.0019494109201461151
8.800000000000141,0.0036444060976111824
8.8083333333334739,0.0042335121698903223
8.8166666666668068,0.003717719302195944
8.8250000000001396,0.0020963553203582645
8.8333333333334725,0.00040884529091448734
8.8416666666668053,-0.00016669384151638323
8.8500000000001382,0.00036877162671266001
8.8583333333334711,0.00097418117730306293
8.8666666666668039,0.00046979414104856741
8.8750000000001368,-0.0011450418159869007
8.8833333333334696,-0.002830884663353541
8.8916666666668025,-0.0034096167095633745
8.9000000000001354,-0.0028822118155025795
8.9083333333334682,-0.0012479810470450345
8.9166666666668011,0.00045366671794220821
8.9250000000001339,0.0010446347600462568
8.9333333333334668,0.00052591325381185611
8.9416666666667997,-0.0011031716839200677
8.9500000000001325,-0.0028031994023533066
8.9583333333334654,-0.0033960733942634911
8.9666666666667982,-0.0028827887582233581
8.9750000000001311,-0.0012626777930101034
8.983333333333464,0.00042482945574620666
8.9916666666667968,0.001001615072918338
9.0000000000001297,0.00046864793784978892
9.0083333333334625,-0.00013300806599355472
9.0166666666667954,0.00037639346878798075
9.0250000000001283,0.0019975116929260919
9.0333333333334611,0.003690914287426305
9.041666666666794,0.004278497846008044
9.0500000000001268,0.0037612502831973274
9.0583333333334597,0.0021384971988123946
9.0666666666667926,0.00044966139139212971
9.0750000000001254,-0.00012714225628242677
9.0833333333334583,-0.00063464104255627537
9.0916666666667911,-0.0022542435601545885
9.100000000000124,-0.003946515483528615
9.1083333333334568,-0.0045333527915710145
9.1166666666667897,-0.0040157424968455535
9.1250000000001226,-0.0023930094389197211
9.1333333333334554,-0.00070457531468711581
9.1416666666667883,-0.00012855510329743037
9.1500000000001211,-0.00066398204128021669
9.158333333333454,-0.0012697956267315889
9.1666666666667869,-0.0007662560725569909
9.1750000000001197,0.00084728792807133491
9.1833333333334526,0.00253139251693157
9.1916666666667854,0.0031079366124255881
9.2000000000001183,0.0025778905309732998
9.2083333333334512,0.00094056162918481918
9.216666666666784,-0.00076464494695538995
9.2250000000001169,-0.001359637717537028
9.2333333333334497,-0.00084541316849970555
9.2416666666667826,0.00077869610582045553
9.2500000000001155,0.0024732621379611555
9.2583333333334483,0.0030601793913201977
9.2666666666667812,0.0025404337227202282
9.275000000000114,0.00091334800498191942
9.2833333333334469,-0.00078165715362105864
9.2916666666667798,-0.0013664749705931381
9.3000000000001126,-0.00084208668150135657
9.3083333333334455,0.0007921903681164552
9.3166666666667783,0.0024969434555357174
9.3250000000001112,0.0030940823706945234
9.3333333333334441,0.002584608353676225
9.3416666666667769,0.00096785968111313199
9.3500000000001098,-0.00071672766354081345
9.3583333333334426,-0.0012910312792954535
9.3666666666667755,-0.00075601657209236641
9.3750000000001084,-0.00015274402063949514
9.3833333333334412,-0.00066095741766151106
9.3916666666667741,-0.0022813138965752521
9.4000000000001069,-0.0039743802943790008
9.4083333333334398,-0.0045620539036346497
9.4166666666667727,-0.0040453230198191957
9.4250000000001055,-0.0024235137815895591
9.4333333333334384,-0.00073604913399596939
9.4416666666667712,-0.00016104544211699456
9.4500000000001041,-0.00069753749216266948
9.458333333333437,-0.0013044663939281945
9.4666666666667698,-0.00080209407271254014
9.4750000000001027,0.00081022905637935798
9.4833333333334355,0.0024930573250609685
9.4916666666667684,0.0030682676471540582
9.5000000000001013,0.0025368283018531298
9.5083333333334341,0.00089804458678837058
9.516666666666767,-0.00080868041893414084
9.5250000000000998,-0.0014052575099179757
9.5333333333334327,-0.00089268558806913944
9.5416666666667656,0.00072970031194460807
9.5500000000000984,0.0024224696706342396
9.5583333333334313,0.0030075141419163734
9.5666666666667641,0.0024858167240460059
9.575000000000097,0.00085669740233628583
9.5833333333334298,-0.00084042611481855518
9.5916666666667627,-0.0014274502205461688
9.6000000000000956,-0.00090535951173039623
9.6083333333334284,0.00072652527226188296
9.6166666666667613,0.0024287878648601318
9.6250000000000941,0.0030233341656205441
9.633333333333427,0.002511161458072795
9.6416666666667599,0.00089160402329018656
9.6500000000000927,-0.00079590616265837904
9.6583333333334256,-0.0013732510747822672
9.6666666666667584,-0.00084140074937215457
9.6750000000000913,0.00080033866498152996
9.6833333333334242,0.0025125656351643916
9.691666666666757,0.0031172011918779458
9.7000000000000899,0.0026152578563784687
9.7083333333334227,0.0010060852008517876
9.7166666666667556,-0.00067086951946292877
9.7250000000000885,-0.0012374724636808332
9.7333333333334213,-0.00069467744685449112
9.7416666666667542,-8.3533354186156127e-05
9.750000000000087,-0.00058377223040530853
9.7583333333334199,-0.0021960393245258028
9.7666666666667528,-0.0038808892510183114
9.7750000000000856,-0.0044602065816680249
9.7833333333334185,-0.003934966954089964
9.7916666666667513,-0.0023044837907998015
9.8000000000000842,-0.00060816753804050923
9.8083333333334171,-2.4121549651026664e-05
9.8166666666667499,-0.00055136695582524281
9.8250000000000828,-0.0011488309498708818
9.8333333333334156,-0.00063676109994069223
9.8416666666667485,0.00098550659177646586
9.8500000000000814,0.0026785412873566003
9.8583333333334142,0.0032642356609727408
9.8666666666667471,0.0027435739092868563
9.8750000000000799,0.0011158773557757209
9.8833333333334128,-0.00057943489458158327
9.8916666666667457,-0.0011642565628685274
9.9000000000000785,-0.00063956871473027732
9.9083333333334114,0.00099531158042866935
9.9166666666667442,0.002700972399086956
9.9250000000000771,0.0032993254006427912
9.93333333333341,0.0027913738305317204
9.9416666666667428,0.0011764580827813558
9.9500000000000757,-0.00050598372113023018
9.9583333333334085,-0.0010778260261494681
9.9666666666667414,-0.00054003036693068564
9.9750000000000743,6.6346689693403942e-05
9.9833333333334071,-0.0004384341499218317
9.99166666666674,-0.0020550250603238395
10.000000000000073,-0.0037439869894439039
10.008333333333406,-0.0043272100933158036
10.016666666666739,-0.0038056757704732574
10.025000000000071,-0.0021787031310010305
10.033333333333404,-0.00048570845588119966
10.041666666666737,9.5199678528515649e-05
10.05000000000007,-0.00043500445285838774
10.058333333333403,-0.0010352524517505922
10.066666666666736,-0.00052579595805257696
10.075000000000069,0.0010940250129488442
10.083333333333401,0.0027847759184745071
10.091666666666734,0.0033683462948831859
10.100000000000067,0.0028457172375660335
10.1083333333334,0.0012162070251611088
10.116666666666733,-0.00048076827137691846
10.125000000000066,-0.0010671049097147069
10.133333333333399,-0.00054378614192186867
10.141666666666731,0.0010898688267785804
10.150000000000064,0.002794446203378452
10.158333333333397,0.0033918562759697644
10.16666666666673,0.0028831009550869461
10.175000000000063,0.0012675193501637616
10.183333333333396,-0.00041545170336800843
10.191666666666729,-0.00098768749117078103
10.200000000000061,-0.00045015006112950192
10.208333333333394,0.00015610354123628056
10.216666666666727,-0.00034866620743888429
10.22500000000006,-0.0019651115392521606
10.233333333333393,-0.0036537931037394396
10.241666666666726,-0.0042366002710147628
10.250000000000059,-0.0037145137362329201
10.258333333333391,-0.0020868518557050756
10.266666666666724,-0.00039303026784845961
10.275000000000057,0.00018884352547427283
10.28333333333339,-0.00034025467362285857
10.291666666666723,-0.0009392547997484408
10.300000000000056,-0.00042840655032852618
10.308333333333389,0.0011929520657909607
10.316666666666721,0.0028853887928295512
10.325000000000054,0.0034707959791519627
10.333333333333387,0.0029501575685993943
10.34166666666672,0.0013227947446063401
10.350000000000053,-0.0003718735376769971
10.358333333333386,-0.00095574013752031974
10.366666666666719,-0.00042978450786081227
10.375000000000052,0.0012066780038665075
10.383333333333384,0.0029142377915629221
10.391666666666717,0.0035148099555507122
10.40000000000005,0.0030094012667161137
10.408333333333383,0.0013973557628563758
10.416666666666716,-0.00028188483237964951
10.425000000000049,-0.00085019029869958635
10.433333333333382,-0.00030851667694186893
10.441666666666714,0.00030208506800210168
10.450000000000047,-0.00019811811537662763
10.45833333333338,-0.0018097717385129738
10.466666666666713,-0.003493429153313079
10.475000000000046,-0.0040709715787433506
10.483333333333379,-0.0035433716514830598
10.491666666666712,-0.0019099395767281382
10.500000000000044,-0.0002100830477416345
10.508333333333377,0.00037809919564317642
10.51666666666671,-0.00014440743115736018
10.525000000000043,-0.0017782819173782377
10.533333333333376,-0.0034841109053658781
10.541666666666709,-0.0040838088052998879
10.550000000000042,-0.0035783815783924943
10.558333333333374,-0.0019671727658274406
10.566666666666707,-0.00028962323659416866
10.57500000000004,0.00027613492151389957
10.583333333333373,-0.00026894655085440522
10.591666666666706,-0.00088382155203526713
10.600000000000039,-0.00038876354375263865
10.608333333333372,0.0012168657488982612
10.616666666666704,0.0028936104784238041
10.625000000000037,0.0034633394966775651
10.63333333333337,0.002927013181606731
10.641666666666703,0.0012839291442523074
10.650000000000036,-0.00042651715523620649
10.658333333333369,-0.0010262422109564922
10.666666666666702,-0.0005162493068955413
10.675000000000034,0.001104122338362595
10.683333333333367,0.0027954390054451207
10.6916666666667,0.0033795911082909022
10.700000000000033,0.0028575606260557783
10.708333333333366,0.0012286667273890459
10.716666666666699,-0.00046767363006551267
10.725000000000032,-0.0010533557581448789
10.733333333333364,-0.00052936191586852198
10.741666666666697,0.0011049896919043919
10.75000000000003,0.0028102863129894021
10.758333333333363,0.0034084393576280731
10.766666666666696,0.0029004518673661291
10.775000000000029,0.001285664091883643
10.783333333333362,-0.00039648599881974048
10.791666666666694,-0.00096787247017341566
10.800000000000027,-0.00042945608024236645
10.80833333333336,0.00017770742435949081
10.816666666666693,-0.00032612012431760097
10.825000000000026,-0.0019415895648765042
10.833333333333359,-0.0036292600648087487
10.841666666666692,-0.0042110193816120274
10.850000000000025,-0.0036878466126738642
10.858333333333357,-0.0020590585021652472
10.86666666666669,-0.0003640691124148904
10.875000000000023,0.00021901575746186548
10.883333333333356,-0.00030882625051571961
10.891666666666689,-0.0009065231870771654
10.900000000000022,-0.00039432277443560853
10.908333333333355,0.0012284389781889943
10.916666666666687,0.0029223319153494878
10.92500000000002,0.0035092506763413443
10.933333333333353,0.0029901815097616224
10.941666666666686,0.0013644479251353606
10.950000000000019,-0.00032852881183836045
10.958333333333352,-0.00091063905234607938
10.966666666666685,-0.00038285957788996845
10.975000000000017,0.0012554969593714738
10.98333333333335,0.002965023788756078
10.991666666666683,0.0035676391099155849
11.000000000000016,0.0030643528111046359
11.008333333333349,0.001454512076938677
11.016666666666682,-0.00022243824948324265
11.025000000000015,-0.00078836456025627416
11.033333333333347,-0.00024421927872563269
11.04166666666668,0.00036895028933772684
11.050000000000013,-0.00012858506933424957
11.058333333333346,-0.0017374669239187935
11.066666666666679,-0.003418244427629437
11.075000000000012,-0.0039927942042323143
11.083333333333345,-0.0034620843243791241
11.091666666666677,-0.0018254203835705131
11.10000000000001,-0.00012220555207050673
11.108333333333343,0.00046946634485590775
11.116666666666676,-4.9413969788441313e-05
11.125000000000009,-0.0016795201297398763
11.133333333333342,-0.0033814330764412454
11.141666666666675,-0.0039770609743304004
11.150000000000007,-0.003467403571084222
11.15833333333334,-0.0018517981343959956
11.166666666666673,-0.00016967938484918578
11.175000000000006,0.00040082726644671395
11.183333333333339,-0.00013931922194261706
11.191666666666672,-0.00074906536815722046
11.200000000000005,-0.00024867687723476413
11.208333333333337,0.0013624924059670014
11.21666666666667,0.0030449949420861661
11.225000000000003,0.0036207086715954301
11.233333333333336,0.0030906030993468657
11.241666666666669,0.0014539850503346836
11.250000000000002,-0.00024974086868732555
11.258333333333335,-0.00084248119456701296
11.266666666666667,-0.00032522858004766219
11.275,0.0013026884849953661
11.283333333333333,0.0030018475727581692
11.291666666666666,0.0035941514551176752
11.299999999999999,0.003080594547386848
11.308333333333332,0.0014605085734145772
11.316666666666665,-0.00022667703969707885
11.324999999999998,-0.00080284403502612332
11.33333333333333,-0.00026896019449110291
11.341666666666663,0.00033391180311248797
11.349999999999996,-0.000173972690846084
11.358333333333329,-0.001793270721752077
11.366666666666662,-0.0034845470901662748
11.374999999999995,-0.0040696943993720341
11.383333333333328,-0.0035496967198349618
11.39166666666666,-0.0019238756911164464
11.399999999999993,-0.00023165039154932456
11.408333333333326,0.00034886902137035083
11.416666666666659,-0.00018134354021791249
11.424999999999992,-0.00078121969147143251
11.433333333333325,-0.00027101035350672229
11.441666666666658,0.0013499453752356737
11.44999999999999,0.0030422146294166834
11.458333333333323,0.003627689979252099
11.466666666666656,0.0031073556066478127
11.474999999999989,0.0014805330191019579
11.483333333333322,-0.00021335854869204999
11.491666666666655,-0.00079621091132667688
11.499999999999988,-0.00026900186335439432
11.50833333333332,0.0013689549895196957
11.516666666666653,0.00307825227694962
11.524999999999986,0.0036808082042725969
11.533333333333319,0.003177632671296469
11.541666666666652,0.0015680729362842556
11.549999999999985,-0.0001084261318773173
11.558333333333318,-0.00067373035451594274
11.56666666666665,-0.00012879112648241775
11.574999999999983,0.00048534536358635643
11.583333333333316,-1.1048653894428228e-05
11.591666666666649,-0.001618613132725161
11.599999999999982,-0.0032978951932490911
11.608333333333315,-0.003870768787429371
11.616666666666648,-0.0033381993627428839
11.62499999999998,-0.0016994898239391313
11.633333333333313,5.9592503041426624e-06
11.641666666666646,0.00060005722520320133
11.649999999999979,8.3798573614568469e-05
11.658333333333312,-0.0015434865201984645
11.666666666666645,-0.00324237471634359
11.674999999999978,-0.0038347691589667222
11.68333333333331,-0.0033216646099819501
11.691666666666643,-0.0017023932721282294
11.699999999999976,-1.6384928393351817e-05
11.708333333333309,0.00055824064640389547
11.716666666666642,2.2448715294998457e-05
11.724999999999975,-0.00058270076259715807
11.733333333333308,-7.7466552500619386e-05
11.74166666666664,0.0015388046260732238
11.749999999999973,0.0032266729184496959
11.758333333333306,0.0038080248997008127
11.766666666666639,0.0032838387092615764
11.774999999999972,0.0016534299105679469
11.783333333333305,-4.3788270466636983e-05
11.791666666666638,-0.00062971280736733547
11.799999999999971,-0.00010532595327973045
11.808333333333303,0.0015300543134838091
11.816666666666636,0.0032370167865684693
11.824999999999969,0.0038374766929694811
11.833333333333302,0.0033324409212225933
11.841666666666635,0.0017212538039993023
11.849999999999968,4.3357203998153776e-05
11.858333333333301,-0.00052311696668694199
11.866666666666633,2.0878270853243194e-05
11.874999999999966,0.00063429524167433712
11.883333333333299,0.00013740511746586018
11.891666666666632,-0.0014704329201259149
11.899999999999965,-0.0031497663539551543
11.908333333333298,-0.0037224687109707229
11.916666666666631,-0.0031895050560357429
11.924999999999963,-0.0015501778296215486
11.933333333333296,0.00015611277056507271
11.941666666666629,0.00075127721236757075
11.949999999999962,0.0002363117004614465
11.958333333333295,-0.0013894517703047842
11.966666666666628,-0.0030865875472589166
11.974999999999961,-0.0036769956346183459
11.983333333333293,-0.0031616676708083637
11.991666666666626,-0.0015399326478739825
11.999999999999959,0.00014878276238384247
12.008333333333292,0.00072636266853819608
12.016666666666625,0.00019377690416139614
12.024999999999958,-0.000407909853843914
12.033333333333291,0.00010104882976730544
12.041666666666623,0.0017213116712935705
12.049999999999956,0.0034134448763752309
12.058333333333289,0.0039993420692028105
12.066666666666622,0.0034799883869910363
12.074999999999955,0.0018547064972911894
12.083333333333288,0.0001629165641898569
12.091666666666621,-0.00041727050185271587
12.099999999999953,0.00011317182575075967
12.108333333333286,0.00071317552061017241
12.116666666666619,0.00020299166737042303
12.124999999999952,-0.0014180405405757972
12.133333333333285,-0.0031104883598053472
12.141666666666618,-0.0036962448448859104
12.149999999999951,-0.0031762946595276938
12.158333333333283,-0.001549959830734038
12.166666666666616,0.0001433399178652953
12.174999999999949,0.00072549557753165839
12.183333333333282,0.00019748383755166597
12.191666666666615,-0.0014413828385394284
12.199999999999948,-0.0031516984528483839
12.208333333333281,-0.0037553829734864232
12.216666666666613,-0.0032534480630519672
12.224999999999946,-0.0016452427838793201
12.233333333333279,2.9786238132702185e-05
12.241666666666612,0.00059350270282141715
12.249999999999945,4.6855558779457679e-05
12.258333333333278,-0.00056911152443042071
12.266666666666611,-7.4673529383626882e-05
12.274999999999944,0.0015308066346144133
12.283333333333276,0.003207872931316985
12.291666666666609,0.0037783956830799025
12.299999999999942,0.0032433367256178287
12.308333333333275,0.0016019953007281873
12.316666666666608,-0.00010623160780185664
12.324999999999941,-0.00070325742229565503
12.333333333333274,-0.00019008109388568068
12.341666666666606,0.0014339626606736547
12.349999999999939,0.0031294456161207809
12.358333333333272,0.0037182654373355195
12.366666666666605,0.0032014114114617956
12.374999999999938,0.0015782102016252757
12.383333333333271,-0.00011191386024706294
12.391666666666604,-0.00069084703239465344
12.399999999999936,-0.00015956114559633573
12.408333333333269,0.00044087715281536935
12.416666666666602,-6.9280446050721086e-05
12.424999999999935,-0.0016906944823018534
12.433333333333268,-0.0033839328718179499
12.441666666666601,-0.0039708907879448868
12.449999999999934,-0.0034525549380651404
12.458333333333266,-0.0018282495443805694
12.466666666666599,-0.00013739634249175579
12.474999999999932,0.00044189231639278734
12.483333333333265,-8.9411418857378782e-05
12.491666666666598,-0.00069024081972998859
12.499999999999931,-0.000180848200993407
