Time,Theta
0.0083333333333333332,0.17465456354098591
0.016666666666666666,0.175547250569318
0.025000000000000001,0.17676907272012621
0.033333333333333333,0.17716299418296155
0.041666666666666664,0.1767297820128573
0.049999999999999996,0.17546877815944151
0.058333333333333327,0.17337789955491298
0.066666666666666666,0.17045363806730204
0.074999999999999997,0.16771500922522692
0.083333333333333329,0.16631857168602468
0.09166666666666666,0.16523792879605295
0.099999999999999992,0.16331012602864395
0.10833333333333332,0.16053195636096007
0.11666666666666665,0.1568987662169915
0.12499999999999999,0.15343117445465818
0.13333333333333333,0.15128783911577309
0.14166666666666666,0.15046602234883547
0.14999999999999999,0.14993692573727216
0.15833333333333333,0.14853497077813557
0.16666666666666666,0.14625787328117323
0.17499999999999999,0.14310187106892699
0.18333333333333332,0.14009095492107895
0.19166666666666665,0.13838724050339815
0.19999999999999998,0.13695859183496797
0.20833333333333331,0.13463555035091701
0.21666666666666665,0.13141430683202607
0.22499999999999998,0.12832076045242827
0.23333333333333331,0.12651912868599705
0.24166666666666664,0.12600700626005396
0.24999999999999997,0.12575177614160277
0.2583333333333333,0.12458355689517714
0.26666666666666666,0.12250049423078294
0.27500000000000002,0.11949921214078654
0.28333333333333338,0.11660784821515939
0.29166666666666674,0.11499295869832928
0.3000000000000001,0.11361878032164419
0.30833333333333346,0.11131179425033967
0.31666666666666682,0.10806828265022379
0.32500000000000018,0.10491763699680132
0.33333333333333354,0.10302785112080999
0.3416666666666669,0.10239632402233151
0.35000000000000026,0.10198689787272135
0.35833333333333361,0.1006256584318144
0.36666666666666697,0.098310470477953937
0.37500000000000033,0.095037640418436278
0.38333333333333369,0.091838193173889304
0.39166666666666705,0.089881876698197735
0.40000000000000041,0.089165955239517244
0.40833333333333377,0.088652559961002173
0.41666666666666713,0.087165831960789614
0.42500000000000049,0.084703456451191372
0.43333333333333385,0.081261542165499953
0.44166666666666721,0.077872396653785023
0.45000000000000057,0.075707168042324705
0.45833333333333393,0.074762785304523613
0.46666666666666728,0.073999568525072598
0.47500000000000064,0.072239610434801774
0.483333333333334,0.069480187975754476
0.49166666666666736,0.065716984567560879
0.50000000000000067,0.061983274945236734
0.50833333333333397,0.059451274572626382
0.51666666666666727,0.058117339388538622
0.52500000000000058,0.056939828497888353
0.53333333333333388,0.054738644190660934
0.54166666666666718,0.051510408857591027
0.55000000000000049,0.04829031764933215
0.55833333333333379,0.04625245607417907
0.5666666666666671,0.045393823302282615
0.5750000000000004,0.044672615759385192
0.5833333333333337,0.042908520248790598
0.59166666666666701,0.040098880281585238
0.60000000000000031,0.03728022510914103
0.60833333333333361,0.035627932384595724
0.61666666666666692,0.035139518976882549
0.62500000000000022,0.034773190452116798
0.63333333333333353,0.033348600715308367
0.64166666666666683,0.03086364452594292
0.65000000000000013,0.027314581398050864
0.65833333333333344,0.023737381451690159
0.66666666666666674,0.02130688198922415
0.67500000000000004,0.020019425517150483
0.68333333333333335,0.018831506468326844
0.69166666666666665,0.016560952893891492
0.69999999999999996,0.01320440493255514
0.70833333333333326,0.009798532756694173
0.71666666666666656,0.0075187890187073288
0.72499999999999987,0.0063616861119695578
0.73333333333333317,0.0052836634633465036
0.74166666666666647,0.0031024782876857052
0.74999999999999978,-0.00018504752352463026
0.75833333333333308,-0.0035419841245053463
0.76666666666666639,-0.0057927203502902425
0.77499999999999969,-0.0069407471922029139
0.78333333333333299,-0.0069878996836491708
0.7916666666666663,-0.0069760829360779849
0.7999999999999996,-0.0080858905649590935
0.8083333333333329,-0.010318868070280216
0.81666666666666621,-0.012636544957627125
0.82499999999999951,-0.01386184323105335
0.83333333333333282,-0.013996726991491446
0.84166666666666612,-0.01408314396297383
0.84999999999999942,-0.015301726906140452
0.85833333333333273,-0.017654168892754129
0.86666666666666603,-0.020102287195591272
0.87499999999999933,-0.021469359671112114
0.88333333333333264,-0.021757580776937225
0.89166666666666594,-0.022008960740352673
0.89999999999999925,-0.023404175804417629
0.90833333333333255,-0.025945161311187546
0.91666666666666585,-0.028594216676849575
0.92499999999999916,-0.030175196880994206
0.93333333333333246,-0.030690643150365259
0.94166666666666576,-0.031182625045405751
0.94999999999999907,-0.03283183433134839
0.95833333333333237,-0.035640552340953861
0.96666666666666567,-0.038571814948156459
0.97499999999999898,-0.040450350805177934
0.98333333333333228,-0.041279186864284383
0.99166666666666559,-0.041059717519375316
0.99999999999999889,-0.040832421200000003
1.0083333333333322,-0.04177640511673672
1.0166666666666655,-0.043892915480802937
1.0249999999999988,-0.0461443682075897
1.0333333333333321,-0.047354927441905628
1.0416666666666654,-0.047526592423041372
1.0499999999999987,-0.047700089132276954
1.058333333333332,-0.049054699644299454
1.0666666666666653,-0.051592241717795292
1.0749999999999986,-0.054276178080257892
1.0833333333333319,-0.055931872674113745
1.0916666666666652,-0.056562041021322118
1.0999999999999985,-0.056167780341933392
1.1083333333333318,-0.055788378263334715
1.1166666666666651,-0.056601680521215295
1.1249999999999984,-0.058608725531988738
1.1333333333333317,-0.060772678914831027
1.1416666666666651,-0.061918657839433879
1.1499999999999984,-0.062048582524708948
1.1583333333333317,-0.062202124552402253
1.166666666666665,-0.063557402655135403
1.1749999999999983,-0.065077020427014992
1.1833333333333316,-0.065585528012904709
1.1916666666666649,-0.065083835929872533
1.1999999999999982,-0.064610386520927585
1.2083333333333315,-0.065342126112758761
1.2166666666666648,-0.067279967274666688
1.2249999999999981,-0.0693876384697132
1.2333333333333314,-0.070490952656242528
1.2416666666666647,-0.070591774461076881
1.249999999999998,-0.069690365068337798
1.2583333333333313,-0.068824149862048795
1.2666666666666646,-0.0691690760509764
1.2749999999999979,-0.070725515653653578
1.2833333333333312,-0.072456946583202536
1.2916666666666645,-0.073188935659567023
1.2999999999999978,-0.072922756224369528
1.3083333333333311,-0.072696543573721933
1.3166666666666644,-0.073686831881235162
1.3249999999999977,-0.074856562479837283
1.333333333333331,-0.07503073054143039
1.3416666666666643,-0.074209715301107274
1.3499999999999976,-0.07343065994000797
1.358333333333331,-0.07386917845578099
1.3666666666666643,-0.075525768841154126
1.3749999999999976,-0.077364479351136994
1.3833333333333309,-0.078211545179828368
1.3916666666666642,-0.078068429298395581
1.3999999999999975,-0.076935000398171888
1.4083333333333308,-0.07584765009157865
1.4166666666666641,-0.07598126492083386
1.4249999999999974,-0.077335922807794583
1.4333333333333307,-0.078875416834506565
1.441666666666664,-0.079425711703331223
1.4499999999999973,-0.078987793496759856
1.4583333333333306,-0.077561055395525505
1.4666666666666639,-0.076181365048275634
1.4749999999999972,-0.076023126298688043
1.4833333333333305,-0.07708601671440389
1.4916666666666638,-0.07833339575538005
1.4999999999999971,-0.078590744011092284
1.5083333333333304,-0.077858575226967069
1.5166666666666637,-0.077173824513379369
1.524999999999997,-0.077711849166280003
1.5333333333333303,-0.078435331709600292
1.5416666666666636,-0.078169002535268234
1.5499999999999969,-0.076912531816666713
1.5583333333333302,-0.075702119160736756
1.5666666666666635,-0.075712478814274856
1.5749999999999968,-0.076943519599683083
1.5833333333333302,-0.07835882372011449
1.5916666666666635,-0.078784118653170643
1.5999999999999968,-0.078220188741438351
1.6083333333333301,-0.076666224614464498
1.6166666666666634,-0.075157980226664561
1.6249999999999967,-0.074869773310501583
1.63333333333333,-0.075801102616563421
1.6416666666666633,-0.076915021515264484
1.6499999999999966,-0.077036662519495133
1.6583333333333299,-0.076166320644460217
1.6666666666666632,-0.074302695207542457
1.6749999999999965,-0.07248127760037798
1.6833333333333298,-0.071876188906130109
1.6916666666666631,-0.07248648964656669
1.6999999999999964,-0.073274476965281735
1.7083333333333297,-0.073064425963801277
1.716666666666663,-0.071856099313812552
1.7249999999999963,-0.070686246699273939
1.7333333333333296,-0.070730167014941114
1.7416666666666629,-0.071987815509813327
1.7499999999999962,-0.073422358305076332
1.7583333333333295,-0.073859027691243639
1.7666666666666628,-0.073298623912454633
1.7749999999999961,-0.07174034731676554
1.7833333333333294,-0.070220407345196717
1.7916666666666627,-0.069913615340315038
1.799999999999996,-0.070819441842485287
1.8083333333333294,-0.071900453299280256
1.8166666666666627,-0.071981212127536595
1.824999999999996,-0.07106194743819827
1.8333333333333293,-0.069141286445853892
1.8416666666666626,-0.067255100860539943
1.8499999999999959,-0.066577934060532459
1.8583333333333292,-0.067108740976625281
1.8666666666666625,-0.067809240493639067
1.8749999999999958,-0.06750303936212336
1.8833333333333291,-0.066189748715940827
1.8916666666666624,-0.064906447229612196
1.8999999999999957,-0.064828819285058875
1.908333333333329,-0.064917533278683298
1.9166666666666623,-0.063995032348393863
1.9249999999999956,-0.062059947827889005
1.9333333333333289,-0.060148720341226265
1.9416666666666622,-0.059436502292682193
1.9499999999999955,-0.059922191191983498
1.9583333333333288,-0.060566874709888391
1.9666666666666621,-0.060193425790157302
1.9749999999999954,-0.058801352430284788
1.9833333333333287,-0.057428194802581899
1.991666666666662,-0.057250153575804298
1.9999999999999953,-0.057227173221215108
2.0083333333333289,-0.056180871352252595
2.0166666666666622,-0.054109693841249681
2.0249999999999955,-0.052050459433358932
2.0333333333333288,-0.051178746464063327
2.0416666666666621,-0.051493217018020024
2.0499999999999954,-0.05195412923509056
2.0583333333333287,-0.051383406309999227
2.066666666666662,-0.049780250694041753
2.0749999999999953,-0.048182497165743542
2.0833333333333286,-0.04776670395446983
2.0916666666666619,-0.048532175221483106
2.0999999999999952,-0.049439634509632707
2.1083333333333285,-0.049311483563292173
2.1166666666666618,-0.048147622367965486
2.1249999999999951,-0.045946324343353002
2.1333333333333284,-0.043744731970233541
2.1416666666666617,-0.042718779732069646
2.149999999999995,-0.042866897208304597
2.1583333333333283,-0.04314859435543579
2.1666666666666616,-0.042384942382692838
2.1749999999999949,-0.040574850104529762
2.1833333333333282,-0.038756365523031501
2.1916666666666615,-0.038106301351471195
2.1999999999999948,-0.038623618760787043
2.2083333333333282,-0.039268147899441552
2.2166666666666615,-0.038861271836873677
2.2249999999999948,-0.037402459145281626
2.2333333333333281,-0.035930459031394607
2.2416666666666614,-0.035622761731927861
2.2499999999999947,-0.03647881881525921
2.258333333333328,-0.037458854018726097
2.2666666666666613,-0.037384649867686748
2.2749999999999946,-0.036256193166874603
2.2833333333333279,-0.034071832849787674
2.2916666666666612,-0.031869355520550764
2.2999999999999945,-0.030825344400949986
2.3083333333333278,-0.030938182833713492
2.3166666666666611,-0.031166778157684843
2.3249999999999944,-0.030331498199543328
2.3333333333333277,-0.028431155103632918
2.341666666666661,-0.026504202756764166
2.3499999999999943,-0.025727869456165002
2.3583333333333276,-0.026100919509329135
2.3666666666666609,-0.026582469387924516
2.3749999999999942,-0.025993077307320551
2.3833333333333275,-0.02433193939202262
2.3916666666666608,-0.022638017604082496
2.3999999999999941,-0.022089031272988214
2.4083333333333274,-0.022684072564887563
2.4166666666666607,-0.023382481468089727
2.424999999999994,-0.023005027473366489
2.4333333333333274,-0.021551234636824387
2.4416666666666607,-0.020060465180111776
2.449999999999994,-0.019710825790704153
2.4583333333333273,-0.02050169887957691
2.4666666666666606,-0.021392655603983426
2.4749999999999939,-0.021204690456197339
2.4833333333333272,-0.019937618753760444
2.4916666666666605,-0.018631131084963979
2.4999999999999938,-0.018463652752035774
2.5083333333333271,-0.018393290485759353
2.5166666666666604,-0.017239524259583677
2.5249999999999937,-0.015000697053990561
2.533333333333327,-0.012715138246738289
2.5416666666666603,-0.011559935552529915
2.5499999999999936,-0.011533275897256312
2.5583333333333269,-0.011593342206622261
2.5666666666666602,-0.010559666855653203
2.5749999999999935,-0.0084307869011297654
2.5833333333333268,-0.0062453088791570282
2.5916666666666601,-0.0051805669111946208
2.5999999999999934,-0.0052348710689883345
2.6083333333333267,-0.0053664575005248401
2.61666666666666,-0.0043948931795275651
2.6249999999999933,-0.0023188187920662687
2.6333333333333266,-0.00017697460360924965
2.6416666666666599,0.00085320375342434502
2.6499999999999932,0.0007733642748509736
2.6583333333333266,0.00062525019669116774
2.6666666666666599,0.0015892873450937023
2.6749999999999932,0.0036668144953965072
2.6833333333333265,0.0058190858217033745
2.6916666666666598,0.0068686968743119142
2.6999999999999931,0.006817334272521053
2.7083333333333264,0.0056650242818814716
2.7166666666666597,0.004451875845268319
2.724999999999993,0.0043566999129317626
2.7333333333333263,0.0053792502994158666
2.7416666666666596,0.0064792101416612366
2.7499999999999929,0.0064776044072320186
2.7583333333333262,0.0053745344621729399
2.7666666666666595,0.0042101857477249236
2.7749999999999928,0.0041634442225271023
2.7833333333333261,0.0052341359336607936
2.7916666666666594,0.0063820151365107441
2.7999999999999927,0.0064281777323267411
2.808333333333326,0.0053727971407653572
2.8166666666666593,0.004256130657016452
2.8249999999999926,0.004257135542970485
2.8333333333333259,0.0053757090740875896
2.8416666666666592,0.0065716778526974653
2.8499999999999925,0.0066662113277071383
2.8583333333333258,0.0056595558990144958
2.8666666666666591,0.0045920400183947913
2.8749999999999925,0.0046426923760182932
2.8833333333333258,0.0058114842675022083
2.8916666666666591,0.0070583198999384696
2.8999999999999924,0.0072044490871917216
2.9083333333333257,0.0062501961605592312
2.916666666666659,0.0052359636167487534
2.9249999999999923,0.0053408551602316641
2.9333333333333256,0.0065649228329938821
2.9416666666666589,0.0078681583579848953
2.9499999999999922,0.0080719037088019304
2.9583333333333255,0.0071765704077063792
2.9666666666666588,0.0062226412438701828
2.9749999999999921,0.0063893017114696141
2.9833333333333254,0.0076766955939289215
2.9916666666666587,0.0090449176680837892
2.999999999999992,0.0093154200192602631
3.0083333333333253,0.0084887154643551663
3.0166666666666586,0.0076053765037957192
3.0249999999999919,0.007844680095330795
3.0333333333333252,0.0092068775697219298
3.0416666666666585,0.010652189394610396
3.0499999999999918,0.011002203644141418
3.0583333333333251,0.01025755420155562
3.0666666666666584,0.00945891559350036
3.0749999999999917,0.0097856683431509512
3.083333333333325,0.011238192712218145
3.0916666666666583,0.0127768667828554
3.0999999999999917,0.013223451045964422
3.108333333333325,0.012578727060295248
3.1166666666666583,0.011883486039965686
3.1249999999999916,0.012317225709190393
3.1333333333333249,0.013880483234919994
3.1416666666666582,0.015533838756492738
3.1499999999999915,0.016099276053295451
3.1583333333333248,0.015577759404685415
3.1666666666666581,0.015010212597185307
3.1749999999999914,0.015576264017769582
3.1833333333333247,0.017276643583773121
3.191666666666658,0.019072195231884748
3.1999999999999913,0.019785197134269929
3.2083333333333246,0.019416841917417688
3.2166666666666579,0.019008200869812468
3.2249999999999912,0.019739043176206075
3.2333333333333245,0.020568832676094013
3.2416666666666578,0.0203184489512582
3.2499999999999911,0.018987612124688066
3.2583333333333244,0.017615939992623668
3.2666666666666577,0.017381786573580801
3.274999999999991,0.018284702836764199
3.2833333333333243,0.019284373445629392
3.2916666666666576,0.019201895874096254
3.2999999999999909,0.018037247293248283
3.3083333333333242,0.016830321363423755
3.3166666666666575,0.016759740424960971
3.3249999999999909,0.017825295948035814
3.3333333333333242,0.018986903261957001
3.3416666666666575,0.019065893386364718
3.3499999999999908,0.018062490172727163
3.3583333333333241,0.017016831826574295
3.3666666666666574,0.017107779194440856
3.3749999999999907,0.018335361442978738
3.383333333333324,0.019659744595712195
3.3916666666666573,0.019902520001306549
3.3999999999999906,0.019064161922861891
3.4083333333333239,0.01818503548397811
3.4166666666666572,0.018444222581339296
3.4249999999999905,0.019841999376330965
3.4333333333333238,0.021338817515996436
3.4416666666666571,0.021756572152325904
3.4499999999999904,0.021096006020972537
3.4583333333333237,0.020397702578677603
3.466666666666657,0.02084095442521491
3.4749999999999903,0.022426306477629741
3.4833333333333236,0.024114551631533955
3.4916666666666569,0.024727956023374471
3.4999999999999902,0.024267564414153661
3.5083333333333235,0.022732772692043848
3.5166666666666568,0.021162785175737921
3.5249999999999901,0.020735555664441269
3.5333333333333234,0.021450353471489787
3.5416666666666567,0.02226666175260536
3.5499999999999901,0.022005390199246508
3.5583333333333234,0.020666241531310074
3.5666666666666567,0.019288777191460601
3.57499999999999,0.019051297113080765
3.5833333333333233,0.019953347963978341
3.5916666666666566,0.020954651622959074
3.5999999999999899,0.020876354136431841
3.6083333333333232,0.019718438779844853
3.6166666666666565,0.01852076799364916
3.6249999999999898,0.018461934229267014
3.6333333333333231,0.019541746357083032
3.6416666666666564,0.020720179106904341
3.6499999999999897,0.020818635638131012
3.658333333333323,0.019837369704055419
3.6666666666666563,0.018816509571852675
3.6749999999999896,0.018934906321036983
3.6833333333333229,0.020192629108958408
3.6916666666666562,0.021549930949907179
3.6999999999999895,0.021828505396156855
3.7083333333333228,0.021028882127015185
3.7166666666666561,0.020191434620675779
3.7249999999999894,0.020495251603160115
3.7333333333333227,0.021940673763342008
3.741666666666656,0.023488274865069277
3.7499999999999893,0.023960091405975409
3.7583333333333226,0.023356950310234281
3.7666666666666559,0.021678029043371839
3.7749999999999893,0.019962342970926306
3.7833333333333226,0.019387662229828049
3.7916666666666559,0.019953038977058999
3.7999999999999892,0.020617697897105804
3.8083333333333225,0.020202274038144639
3.8166666666666558,0.018706235089956575
3.8249999999999891,0.017168954491997228
3.8333333333333224,0.01676854798428903
3.8416666666666557,0.017504321718495152
3.849999999999989,0.018335696210817511
3.8583333333333223,0.018083493620596788
3.8666666666666556,0.016747432247177854
3.8749999999999889,0.015367174782769437
3.8833333333333222,0.015121117032310276
3.8916666666666555,0.01600879163546793
3.8999999999999888,0.016989813774524007
3.9083333333333221,0.016885196159608765
3.9166666666666554,0.015694882613862451
3.9249999999999887,0.014458779739569345
3.933333333333322,0.014355520623456741
3.9416666666666553,0.015384848317535843
3.9499999999999886,0.016506576268130558
3.9583333333333219,0.01654191602516835
3.9666666666666552,0.015491024757298138
3.9749999999999885,0.014394024849709426
3.9833333333333218,0.014429760346170072
3.9916666666666551,0.015598179406753548
3.9999999999999885,0.016859305599443309
4.0083333333333222,0.017034566406431553
4.0166666666666559,0.016124332286898031
4.0249999999999897,0.015168926036991215
4.0333333333333234,0.015347388170485553
4.0416666666666572,0.016659877197912312
4.0499999999999909,0.01806665031083483
4.0583333333333247,0.018389380804701438
4.0666666666666584,0.017628664485342768
4.0749999999999922,0.016825018402706615
4.0833333333333259,0.017157672997630217
4.0916666666666597,0.018627013134749636
4.0999999999999934,0.020193568836637005
4.1083333333333272,0.020679306786831272
4.1166666666666609,0.02008507306305125
4.1249999999999947,0.018410061872516172
4.1333333333333284,0.016693381685453659
4.1416666666666622,0.016112889650223176
4.1499999999999959,0.016667626435203291
4.1583333333333297,0.017316727187758892
4.1666666666666634,0.01688071736082622
4.1749999999999972,0.01535903549000764
4.1833333333333309,0.013791092142204732
4.1916666666666647,0.013355034477732491
4.1999999999999984,0.014050113922593315
4.2083333333333321,0.01483562466485866
4.2166666666666659,0.014532240915549067
4.2249999999999996,0.01313960464237118
4.2333333333333334,0.011697364758223507
4.2416666666666671,0.011383897721634366
4.2500000000000009,0.012198635059285543
4.2583333333333346,0.013101019460547815
4.2666666666666684,0.012911866648191588
4.2750000000000021,0.011630992896226128
4.2833333333333359,0.010298241651493692
4.2916666666666696,0.01009217737051332
4.3000000000000034,0.011012390157757377
4.3083333333333371,0.012018463238685207
4.3166666666666709,0.011931348860332891
4.3250000000000046,0.010751018421609764
4.3333333333333384,0.0095174808237991765
4.3416666666666721,0.0094094615126195224
4.3500000000000059,0.010426695827827874
4.3583333333333396,0.011528904037544072
4.3666666666666734,0.011537174299230535
4.3750000000000071,0.010451622712075202
4.3833333333333409,0.0093124057910570733
4.3916666666666746,0.0092983938022374174
4.4000000000000083,0.010409461549670582
4.4083333333333421,0.01160546876215343
4.4166666666666758,0.011707644945736244
4.4250000000000096,0.01071624859010697
4.4333333333333433,0.0096715748330200441
4.4416666666666771,0.0097526310300235352
4.4500000000000108,0.010959432981048149
4.4583333333333446,0.01225198962587499
4.4666666666666783,0.012451685021100875
4.4750000000000121,0.011558925706166958
4.4833333333333458,0.010614143576178891
4.4916666666666796,0.010796481966951713
4.5000000000000133,0.012106106576033317
4.5083333333333471,0.013503194400821093
4.5166666666666808,0.013809307164917736
4.5250000000000146,0.01302501342463437
4.5333333333333483,0.011149225256515611
4.5416666666666821,0.0092208932189924465
4.5500000000000158,0.0084177016618383581
4.5583333333333496,0.0087383539336889117
4.5666666666666833,0.009141513921229992
4.5750000000000171,0.0084471917513729254
4.5833333333333508,0.0066544412765437919
4.5916666666666845,0.0048023967622067799
4.6000000000000183,0.0040689066152367849
4.608333333333352,0.0044527727213839715
4.6166666666666858,0.0049127187139178571
4.6250000000000195,0.0042687999830175582
4.6333333333333533,0.0025201509369444084
4.641666666666687,0.00070600330524519899
4.6500000000000208,4.2834157700231136e-06
4.6583333333333545,0.00041383620487182957
4.6666666666666883,0.00089341241584426365
4.675000000000022,0.00026308268298100556
4.6833333333333558,-0.0014779940406687063
4.6916666666666895,-0.0032905650236832009
4.7000000000000233,-0.0039967039530709892
4.708333333333357,-0.0035975767316724847
4.7166666666666908,-0.0020926868407581071
4.7250000000000245,-0.00052163446350983207
4.7333333333333583,-6.2711083265453739e-05
4.741666666666692,-0.00071512521328126249
4.7500000000000258,-0.0014379917232238695
4.7583333333333595,-0.0010517465002432373
4.7666666666666933,0.00044408596175620288
4.775000000000027,0.0020098855049188583
4.7833333333333607,0.0024673526102910064
4.7916666666666945,0.0018172782810981613
4.8000000000000282,5.879022348647268e-05
4.808333333333362,-0.0017688863072666044
4.8166666666666957,-0.002487844081695759
4.8250000000000295,-0.00209926665448119
4.8333333333333632,-0.00060267434482689781
4.841666666666697,0.00096231548154703612
4.8500000000000307,0.0014174010563401044
4.8583333333333645,0.00076336910823597331
4.8666666666666982,-0.0010006574888248075
4.875000000000032,-0.0028354605298037895
4.8833333333333657,-0.0035631456167106411
4.8916666666666995,-0.0031849105708491648
4.9000000000000332,-0.0017002905679385887
4.908333333333367,-0.00014891776580855143
4.9166666666667007,0.0002908862346572187
4.9250000000000345,-0.00038011548241836506
4.9333333333333682,-0.0011210656031721148
4.941666666666702,-0.00075242677669843403
4.9500000000000357,0.00072624989752745307
4.9583333333333695,0.0022753183151286338
4.9666666666667032,0.0027164543833751958
4.9750000000000369,0.0020504247459598953
4.9833333333333707,0.00027633288897670899
4.9916666666667044,-0.0015666197930651806
5.0000000000000382,-0.0023005487518051519
5.0083333333333719,-0.0019266598059033773
5.0166666666667057,-0.00044449544874473277
5.0250000000000394,0.0011063049542767234
5.0333333333333732,0.0015474184053021263
5.0416666666667069,0.00087961076167469626
5.0500000000000407,0.00014374304783488679
5.0583333333333744,0.00051936020333358669
5.0666666666667082,0.0020069208031650333
5.0750000000000419,0.0035667923711960453
5.0833333333333757,0.0040206709091126338
5.0916666666667094,0.0033693430593948926
5.1000000000000432,0.0016119330148283064
5.1083333333333769,-0.00021233672226910095
5.1166666666667107,-0.00092555355887628853
5.1250000000000444,-0.00052889076551414227
5.1333333333333782,0.00097814245420251435
5.1416666666667119,0.0025559424257162095
5.1500000000000457,0.0030262287733023182
5.1583333333333794,0.0023898121311135543
5.1666666666667131,0.00064584013442506782
5.1750000000000469,-0.0011664414590809211
5.1833333333333806,-0.0018691018276985145
5.1916666666667144,-0.0014632994159427897
5.2000000000000481,5.1470908500038295e-05
5.2083333333333819,0.0016356178702844812
5.2166666666667156,0.0021108689137340165
5.2250000000000494,0.001478041494282204
5.2333333333333831,-0.00026371042527944979
5.2416666666667169,-0.0020751359395113334
5.2500000000000506,-0.002778303906339439
5.2583333333333844,-0.0023743744864785361
5.2666666666667181,-0.00086284475134565299
5.2750000000000519,0.0007166909905894338
5.2833333333333856,0.0011859527700820707
5.2916666666667194,0.00054574841720416757
5.3000000000000531,-0.0012047782183483037
5.3083333333333869,-0.0030263886009332052
5.3166666666667206,-0.0037411691124094697
5.3250000000000544,-0.0033502983740211992
5.3333333333333881,-0.0018532924502202941
5.3416666666667219,-0.00028976431940400999
5.3500000000000556,0.00016198285441863886
5.3583333333333893,-0.00049727003889555221
5.3666666666667231,-0.0012266480714226353
5.3750000000000568,-0.00084659664345382356
5.3833333333333906,0.0006433503265219784
5.3916666666667243,0.0022035636918004901
5.4000000000000581,0.0026557359199979765
5.4083333333333918,0.0020006501889189882
5.4166666666667256,0.00023742648227794989
5.4250000000000593,-0.0015947174050124763
5.4333333333333931,-0.0023178807441339303
5.4416666666667268,-0.0019332532180274902
5.4500000000000606,-0.00044036118586545612
5.4583333333333943,0.001121172085266871
5.4666666666667281,0.0015730397005138284
5.4750000000000618,0.00091602366530720383
5.4833333333333956,-0.00085075778657058595
5.4916666666667293,-0.0026880906769774283
5.5000000000000631,-0.0034180840080684483
5.5083333333333968,-0.0030419389114115956
5.5166666666667306,-0.0015591937952356858
5.5250000000000643,-9.4841283530140957e-06
5.5333333333333981,0.00042886582348588989
5.5416666666667318,-0.00024338294515797635
5.5500000000000655,-0.00098537501200597383
5.5583333333333993,-0.00061757448350885044
5.566666666666733,0.00086046620065073414
5.5750000000000668,0.0024090999191366085
5.5833333333334005,0.0028500022227056707
5.5916666666667343,0.0021839394897193837
5.600000000000068,0.00041001501316703225
5.6083333333334018,-0.0014325698578324085
5.6166666666667355,-0.0021659299061792788
5.6250000000000693,-0.0017912699491334351
5.633333333333403,-0.00030813140624119109
5.6416666666667368,0.0012438475560846022
5.6500000000000705,0.0016863457838042497
5.6583333333334043,0.001020131301274201
5.666666666666738,0.00028606728091251356
5.6750000000000718,0.00066370122233663114
5.6833333333334055,0.0021534946315071588
5.6916666666667393,0.0037158185430990324
5.700000000000073,0.0041723732351211336
5.7083333333334068,0.0035239494751669238
5.7166666666667405,0.001769675664262357
5.7250000000000743,-5.1221593123865441e-05
5.733333333333408,-0.0007608248133734116
5.7416666666667417,-0.00036030167684652072
5.7500000000000755,0.0011508442912158028
5.7583333333334092,0.0027330155556810776
5.766666666666743,0.0032079387569036973
5.7750000000000767,0.0025764316207992173
5.7833333333334105,0.00083764897206291863
5.7916666666667442,-0.00096915615116099549
5.800000000000078,-0.0016660446583704289
5.8083333333334117,-0.0012541661249899404
5.8166666666667455,-0.00077476502040968833
5.8250000000000792,-0.0014077701230028427
5.833333333333413,-0.0031540247778026487
5.8416666666667467,-0.0049742859057657299
5.8500000000000805,-0.0056906464713959186
5.8583333333334142,-0.0053042895449565489
5.866666666666748,-0.0038147367322094823
5.8750000000000817,-0.0022616023938524885
5.8833333333334155,-0.0018231995511274477
5.8916666666667492,-0.0024987685822544102
5.900000000000083,-0.0032474616618229537
5.9083333333334167,-0.0028897580871188044
5.9166666666667505,-0.0014252240888071187
5.9250000000000842,0.00010647705660356182
5.9333333333334179,0.00052699394725863645
5.9416666666667517,-0.0001629390809586141
5.9500000000000854,-0.00092249314934956172
5.9583333333334192,-0.0005721586556900588
5.9666666666667529,0.00088848573475404531
5.9750000000000867,0.0024197667978052523
5.9833333333334204,0.0028433340960898547
5.9916666666667542,0.0021599279659596645
6.0000000000000879,0.0014103828708253055
6.0083333333334217,0.0017742209273162901
6.0166666666667554,0.0032518823006263795
6.0250000000000892,0.0048037219474317151
6.0333333333334229,0.0052514297828504157
6.0416666666667567,0.00459578396850761
6.0500000000000904,0.0028359009059583714
6.0583333333334242,0.0010109938137496323
6.0666666666667579,0.00029897212696058115
6.0750000000000917,0.00069866567546712007
6.0833333333334254,0.00116881055429323
6.0916666666667592,0.00052946349948916626
6.1000000000000929,-0.0012202303361970549
6.1083333333334267,-0.0030410311641567919
6.1166666666667604,-0.0037550241975357213
6.1250000000000941,-0.0033633868888645587
6.1333333333334279,-0.0018656341409765227
6.1416666666667616,-0.00030137776288735249
6.1500000000000954,0.00015108019179867099
6.1583333333334291,-0.00050747832968935753
6.1666666666667629,-0.0012361773593774173
6.1750000000000966,-0.00085546128944876895
6.1833333333334304,0.00063513696443277107
6.1916666666667641,0.0021959892381591835
6.2000000000000979,0.0026487889420413356
6.2083333333334316,0.0019943201915736354
6.2166666666667654,0.0002317039042171168
6.2250000000000991,-0.0015998412012416287
6.2333333333334329,-0.0023224135033001556
6.2416666666667666,-0.0019372018028864413
6.2500000000001004,-0.00044373157917409703
6.2583333333334341,0.0011183747756903016
6.2666666666667679,0.0015708112249830349
6.2750000000001016,0.00091436062592169308
6.2833333333334354,-0.00085185793728506057
6.2916666666667691,-0.0026886296412306976
6.3000000000001029,-0.0034180626482212453
6.3083333333334366,-0.0030413572480310729
6.3166666666667703,-0.0015580510066765
6.3250000000001041,-7.7785536831460905e-06
6.3333333333334378,0.00043113668760321188
6.3416666666667716,-0.0002405434398417152
6.3500000000001053,-0.00098196266174658425
6.3583333333334391,-0.00061358422340802865
6.3666666666667728,0.00086504029991549595
6.3750000000001066,0.0024142646608558303
6.3833333333334403,0.0028557653074866734
6.3916666666667741,0.002190309520599675
6.4000000000001078,0.0004170014985161335
6.4083333333334416,-0.001424956500047683
6.4166666666667753,-0.0021576783120257031
6.4250000000001091,-0.001782367788057313
6.4333333333334428,-0.00029856537618794742
6.4416666666667766,0.0012540917361740813
6.4500000000001103,0.0016972834187186691
6.4583333333334441,0.0010317787432166552
6.4666666666667778,-0.00074331692158172591
6.4750000000001116,-0.0025888021568254522
6.4833333333334453,-0.0033267979387749712
6.4916666666667791,-0.0029585173204016361
6.5000000000001128,-0.0014835105874093459
6.5083333333334465,5.8574909499737498e-05
6.5166666666667803,0.00048940339396417694
6.525000000000114,-0.00019027537048671163
6.5333333333334478,-0.00093961711829080696
6.5416666666667815,-0.00057909694587214458
6.5500000000001153,0.00089172176338707344
6.558333333333449,0.0024331810445347934
6.5666666666667828,0.0028669457492319253
6.5750000000001165,0.0021937715456276439
6.5833333333334503,0.00041275102833772924
6.591666666666784,-0.0014369251157914582
6.6000000000001178,-0.0021773823072721347
6.6083333333334515,-0.001809836024133813
6.6166666666667853,-0.00033383835816404187
6.625000000000119,0.0012109618516923451
6.6333333333334528,0.0016462326650988619
6.6416666666667865,0.00097273123819910184
6.6500000000001203,0.00023130989121472815
6.658333333333454,0.00060150514803400433
6.6666666666667878,0.0020837674096358498
6.6750000000001215,0.0036384563431896013
6.6833333333334553,0.0040872604697007276
6.691666666666789,0.0034309588440685022
6.7000000000001227,0.0016686681099370097
6.7083333333334565,-0.00016039678301080017
6.7166666666667902,-0.00087833048605678887
6.725000000000124,-0.00048631328684990173
6.7333333333334577,0.001016138615323803
6.7416666666667915,0.0025894146655103356
6.7500000000001252,0.003055227790930429
6.758333333333459,0.0024143819255971173
6.7666666666667927,0.00066601802154352271
6.7750000000001265,-0.0011506248118710483
6.7833333333334602,-0.0018576222872734901
6.791666666666794,-0.0014561393424491705
6.8000000000001277,5.4322664998399838e-05
6.8083333333334615,0.0016341659893650562
6.8166666666667952,0.0021051116201244676
6.825000000000129,0.0014679705471255331
6.8333333333334627,-0.00027810973445840958
6.8416666666667965,-0.0020938847950714322
6.8500000000001302,-0.002801430046063804
6.858333333333464,-0.0024019122444145303
6.8666666666667977,-0.00089483507308521569
6.8750000000001315,0.00068020055487554303
6.8833333333334652,0.0011449079252541098
6.8916666666667989,0.00050008801130616834
6.9000000000001327,-0.0012551222143884829
6.9083333333334664,-0.0030814912288231453
6.9166666666668002,-0.0038011127159155046
6.9250000000001339,-0.0034151726362707923
6.9333333333334677,-0.0019231944299808116
6.9416666666668014,-0.00036479836444595676
6.9500000000001352,8.1704814249811635e-05
6.9583333333334689,-0.00058291191128774392
6.9666666666668027,-0.0013177816662322196
6.9750000000001364,-0.00094335818274335185
6.9833333333334702,0.00054081623686181668
6.9916666666668039,0.0020951038604910873
7.0000000000001377,0.0025411880626065777
7.0083333333334714,0.0018798428040816201
7.0166666666668052,0.00011017879204330635
7.0250000000001389,-0.0017285955935630202
7.0333333333334727,-0.0024585897145511068
7.0416666666668064,-0.0020810036576837782
7.0500000000001402,-0.0005953742663321308
7.0583333333334739,0.00095866461573753075
7.0666666666668077,0.0014027947953828568
7.0750000000001414,0.00073778656109630943
7.0833333333334751,4.5053586751341321e-06
7.0916666666668089,0.00038250012115027154
7.1000000000001426,0.0018722330718371207
7.1083333333334764,0.0034340748625412403
7.1166666666668101,0.003889723938125411
7.1250000000001439,0.003239969516855777
7.1333333333334776,0.0014839382944871653
7.1416666666668114,-0.00033914468054929594
7.1500000000001451,-0.0010513649276587991
7.1583333333334789,-0.00065389435836813207
7.1666666666668126,0.00085375911762293564
7.1750000000001464,0.0024319927994890579
7.1833333333334801,0.0029025266633598153
7.1916666666668139,0.0022661716301558277
7.2000000000001476,0.0005220755548041721
7.2083333333334814,-0.001290515683669765
7.2166666666668151,-0.0019936717906767422
7.2250000000001489,-0.0015885520852636839
7.2333333333334826,-7.4652376223841526e-05
7.2416666666668164,0.0015084349452655858
7.2500000000001501,0.0019824355946014044
7.2583333333334838,0.0013481650613745655
7.2666666666668176,-0.00039522472561365739
7.2750000000001513,-0.0022084851420613306
7.2833333333334851,-0.0029136880364023757
7.2916666666668188,-0.0025119967669167019
7.3000000000001526,-0.0010029116771244667
7.3083333333334863,0.00057396962502202493
7.3166666666668201,0.0010403632182511447
7.3250000000001538,0.00039707253241035229
7.3333333333334876,-0.0013567630584995416
7.3416666666668213,-0.0031819099554734227
7.3500000000001551,-0.0039004603308399389
7.3583333333334888,-0.0035135986417115929
7.3666666666668226,-0.0020208468787042844
7.3750000000001563,-0.00046182376225814591
7.3833333333334901,-1.4838933314974416e-05
7.3916666666668238,-0.00067911875130290979
7.4000000000001576,-0.0014137958602497632
7.4083333333334913,-0.001039323820465304
7.4166666666668251,0.00044475519833618886
7.4250000000001588,0.0019988034026370257
7.4333333333334926,0.0024445036359299365
7.4416666666668263,0.0017826292196985397
7.45000000000016,1.2290169862787443e-05
7.4583333333334938,-0.0018273059646139015
7.4666666666668275,-0.0025582699029860945
7.4750000000001613,-0.0021818032964554001
7.483333333333495,-0.00069744460713887821
7.4916666666668288,0.00085517064502366473
7.5000000000001625,0.0012977221135916726
7.5083333333334963,0.00063097765133534028
7.51666666666683,-0.00010419975203437552
7.5250000000001638,0.00027173606285324785
7.5333333333334975,0.0017592443033319157
7.5416666666668313,0.0033186921968974192
7.550000000000165,0.0037717741783416811
7.5583333333334988,0.0031192755283137447
7.5666666666668325,0.0013603189407902999
7.5750000000001663,-0.00046587449365688725
7.5833333333335,-0.001181394875933143
7.5916666666668338,-0.0007874192027910842
7.6000000000001675,0.00071653946053154452
7.6083333333335013,0.0022908729408482099
7.616666666666835,0.0027572950541740354
7.6250000000001688,0.0021166104463992501
7.6333333333335025,0.00036796061994948505
7.6416666666668362,-0.0014494150275918493
7.65000000000017,-0.0021575934884640212
7.6583333333335037,-0.0017577417894508382
7.6666666666668375,-0.00024936353771228437
7.6750000000001712,0.0013279408838142307
7.683333333333505,0.0017958883589669202
7.6916666666668387,0.001155285165920206
7.7000000000001725,-0.00059472607554698236
7.7083333333335062,-0.0024149064492092875
7.71666666666684,-0.0031273385976744272
7.7250000000001737,-0.0027331969613910217
7.7333333333335075,-0.0012319930867094972
7.7416666666668412,0.0003366642397170776
7.750000000000175,0.00079447887257296499
7.7583333333335087,0.00014224121517762134
7.7666666666668425,-0.0016209225108039745
7.7750000000001762,-0.0034557927155733819
7.78333333333351,-0.0041844770887969401
7.7916666666668437,-0.0038081756276926331
7.8000000000001775,-0.0023264260271844994
7.8083333333335112,-0.00077886227053401648
7.816666666666845,-0.00034381056491845398
7.8250000000001787,-0.0010205153505022015
7.8333333333335124,-0.0017681280701395954
7.8416666666668462,-0.001407122217908692
7.8500000000001799,6.294004945482144e-05
7.8583333333335137,0.001602400340203572
7.8666666666668474,0.0020329190537397759
7.8750000000001812,0.0013552464599591949
7.8833333333335149,0.00061022784975284174
7.8916666666668487,0.00097739385274538734
7.9000000000001824,0.0024571901016597255
7.9083333333335162,0.0040099730804636878
7.9166666666668499,0.0044574300512899429
7.9250000000001837,0.0038003382833703063
7.9333333333335174,0.0020378128406022757
7.9416666666668512,0.0002090668104256786
7.9500000000001849,-0.00050799445000315789
7.9583333333335187,-0.0001145495225232859
7.9666666666668524,0.0013898872923998474
7.9750000000001862,0.0029657084213711975
7.9833333333335199,0.0034346316634839363
7.9916666666668537,0.0027974658847705848
8.0000000000001865,0.0010533571751943072
8.0083333333335194,-0.00075845006099583146
8.0166666666668522,-0.0014600242375872744
8.0250000000001851,-0.0010525217405437271
8.033333333333518,0.00046456483819431798
8.0416666666668508,0.0020516472120124625
8.0500000000001837,0.0025304578437563602
8.0583333333335165,0.0019018198255518759
8.0666666666668494,0.00016489298082793854
8.0750000000001823,-0.0016410652668296416
8.0833333333335151,-0.002338114971320433
8.091666666666848,-0.0019274066497967401
8.1000000000001808,-0.00040842748943352382
8.1083333333335137,0.001179238345744502
8.1166666666668466,0.0016573231811208037
8.1250000000001794,0.0010266484069261417
8.1333333333335123,-0.00071362832085586586
8.1416666666668451,-0.0025242533676665541
8.150000000000178,-0.0032272952984178831
8.1583333333335109,-0.0028239145552123651
8.1666666666668437,-0.0013136087344222218
8.1750000000001766,0.00026402730290805206
8.1833333333335094,0.0007307109305981171
8.1916666666668423,8.7245800950264929e-05
8.2000000000001751,-0.0016672286510724741
8.208333333333508,-0.0034934798202137995
8.2166666666668409,-0.0042136026176803777
8.2250000000001737,-0.0038287841996440882
8.2333333333335066,-0.0023385494300851078
8.2416666666668394,-0.00078251948146956666
8.2500000000001723,-0.00033900784852676014
8.2583333333335052,-0.0010072463032775609
8.266666666666838,-0.0017463735909607663
8.2750000000001709,-0.0013768504483007025
8.2833333333335037,0.00010177373580345029
8.2916666666668366,0.0016498533668983172
8.3000000000001695,0.0020890618254203754
8.3083333333335023,0.0014201624585363428
8.3166666666668352,-0.00035774488001280753
8.325000000000168,-0.0022054634179432407
8.3333333333335009,-0.0029451166591992891
8.3416666666668338,-0.0025779197248738273
8.3500000000001666,-0.0011034247624269495
8.3583333333334995,0.00043871894240497491
8.3666666666668323,0.00087017541554865305
8.3750000000001652,0.00019169560188609904
8.3833333333334981,-0.00055587464781776334
8.3916666666668309,-0.00019300764474678149
8.4000000000001638,0.0012807365143117167
8.4083333333334966,0.0028257042138962588
8.4166666666668295,0.0032635665910730198
8.4250000000001624,0.0025950857215018769
8.4333333333334952,0.00081936082111986512
8.4416666666668281,-0.0010244105125361256
8.4500000000001609,-0.0017583446413385131
8.4583333333334938,-0.0013836467959320036
8.4666666666668267,0.00010014140726577753
8.4750000000001595,0.0016533821261064795
8.4833333333334924,0.0020977564840994108
8.4916666666668252,0.0014340355872490291
8.5000000000001581,-0.00033867294908480476
8.508333333333491,-0.0021811645760822086
8.5166666666668238,-0.0029155549161921051
8.5250000000001567,-0.0025430511556104396
8.5333333333334895,-0.0010631974869098001
8.5416666666668224,0.00048436474061361377
8.5500000000001553,0.00092130766015978719
8.5583333333334881,0.00024839047328113339
8.566666666666821,-0.00049353267195775352
8.5750000000001538,-0.00012492561749346257
8.5833333333334867,0.0013546601044238668
8.5916666666668196,0.002905579651063089
8.6000000000001524,0.003349513315778244
8.6083333333334853,0.002687232352841963
8.6166666666668181,0.00091784520149439184
8.625000000000151,-0.00091944130319398458
8.6333333333334838,-0.0016467337832651672
8.6416666666668167,-0.0012652273872115927
8.6500000000001496,0.0002255464146685982
8.6583333333334824,0.0017859601049980984
8.6666666666668153,0.0022377057378206596
8.6750000000001481,0.0015815655746339041
8.683333333333481,-0.00018334154144031921
8.6916666666668139,-0.002017799579234229
8.7000000000001467,-0.0027439118348750679
8.7083333333334796,-0.002362872878787301
8.7166666666668124,-0.00087421418889244238
8.7250000000001453,0.00068243560536517878
8.7333333333334782,0.0011287622123565789
8.741666666666811,0.00046553903566502253
8.7500000000001439,-0.00026636544880261618
8.7583333333334767,0.00011259990003106449
8.7666666666668096,0.0016028989299709526
8.7750000000001425,0.0031649029540443568
8.7833333333334753,0.0036203097039003416
8.7916666666668082,0.0029699078549235581
8.800000000000141,0.0012128234119017599
8.8083333333334739,-0.00061171922324357547
8.8166666666668068,-0.0013258076058974106
8.8250000000001396,-0.00093061674099116296
8.8333333333334725,0.00057434222317703657
8.8416666666668053,0.0021494627112171732
8.8500000000001382,0.0026164594331877775
8.8583333333334711,0.0019761378017954358
8.8666666666668039,0.00022764001018009622
8.8750000000001368,-0.0015897940162806438
8.8833333333334696,-0.0022982414857512391
8.8916666666668025,-0.0018988699775277212
8.9000000000001354,-0.00039118372669053275
8.9083333333334682,0.0011852161132060164
8.9166666666668011,0.0016520449755078269
8.9250000000001339,0.0010101073616586743
8.9333333333334668,-0.00074145596118691892
8.9416666666667997,-0.0025634082687140711
8.9500000000001325,-0.003277835198794259
8.9583333333334654,-0.0028859143481125091
8.9666666666667982,-0.0013871605025509077
8.9750000000001311,0.00017881435390748956
8.983333333333464,0.00063371017016460962
8.9916666666667968,-2.1687132533377228e-05
9.0000000000001297,-0.00074649694372190491
9.0083333333334625,-0.00036115748592541641
9.0166666666667954,0.0011348049459633358
9.0250000000001283,0.002701770047936218
9.0333333333334611,0.0031614415822173482
9.041666666666794,0.002514614327534844
9.0500000000001268,0.00076042014007233474
9.0583333333334597,-0.0010619108785151661
9.0666666666667926,-0.0017744629425921555
9.0750000000001254,-0.0013784092326851393
9.0833333333334583,0.00012674069138178892
9.0916666666667911,0.0017013810114777884
9.100000000000124,0.0021672249987784394
9.1083333333334568,0.0015250760288853234
9.1166666666667897,-0.00022592598280015157
9.1250000000001226,-0.0020465440693722423
9.1333333333334554,-0.0027588608232752064
9.1416666666667883,-0.0023640501200648196
9.1500000000001211,-0.00086162274138647775
9.158333333333454,0.00070881333026671218
9.1666666666667869,0.0011689644779424731
9.1750000000001197,0.00051962485984801332
9.1833333333334526,-0.0012400753525903794
9.1916666666667854,-0.0030709113736700215
9.2000000000001183,-0.003794983549689625
9.2083333333334512,-0.0034134845235963699
9.216666666666784,-0.0019259444175521397
9.2250000000001169,-0.00037199015912930944
9.2333333333334497,7.0060852787027264e-05
9.2416666666667826,-0.00059902507482074117
9.2500000000001155,-0.0013383877701609371
9.2583333333334483,-0.00096848772478475465
9.2666666666667812,0.00051112598692927558
9.275000000000114,0.0020608088143439784
9.2833333333334469,0.0025022371654548361
9.2916666666667798,0.001836177985131932
9.3000000000001126,6.1734945193662625e-05
9.3083333333334455,-0.0017818906573030225
9.3166666666667783,-0.0025168155242729575
9.3250000000001112,-0.0021442472065213041
9.3333333333334441,-0.00066373004639355508
9.3416666666667769,0.00088509458948399331
9.3500000000001098,0.0013239006731794434
9.3583333333334426,0.00065345045762716595
9.3666666666667755,-8.5398658297410179e-05
9.3750000000001084,0.0002868939673386207
9.3833333333334412,0.0017707820726560464
9.3916666666667741,0.0033266274673408678
9.4000000000001069,0.0037761192158292465
9.4083333333334398,0.0031200372039394552
9.4166666666667727,0.0013574987343575118
9.4250000000001055,-0.00047228047514013746
9.4333333333334384,-0.001191395900719447
9.4416666666667712,-0.00080102993832570173
9.4500000000001041,0.00069929893991959821
9.458333333333437,0.0022699771260635288
9.4666666666667698,0.002732712912274718
9.4750000000001027,0.0020883053915816277
9.4833333333334355,0.00033589050128030431
9.4916666666667684,-0.0014852979439173978
9.5000000000001013,-0.0021973426840538731
9.5083333333334341,-0.0018014165891041614
9.516666666666767,-0.00029702913318655801
9.5250000000000998,0.0012762133968899773
9.5333333333334327,0.0017400217562749121
9.5416666666667656,0.0010951959751101163
9.5500000000000984,-0.0006591276033596356
9.5583333333334313,-0.0024837164700092563
9.5666666666667641,-0.0032006600294755419
9.575000000000097,-0.002811139576180061
9.5833333333334298,-0.0013146735533761061
9.5916666666667627,0.0002491223881662563
9.6000000000000956,0.00070194487176320852
9.6083333333334284,4.4576757011733804e-05
9.6166666666667613,-0.00068210433756167414
9.6250000000000941,-0.00029853942096893902
9.633333333333427,0.0011957425108372608
9.6416666666667599,0.0027611186322850823
9.6500000000000927,0.0032192904869269381
9.6583333333334256,0.002571050638910004
9.6666666666667584,0.00081552876176287765
9.6750000000000913,-0.0010080471888438399
9.6833333333334242,-0.0017217632821904378
9.691666666666757,-0.0013267943882965491
9.7000000000000899,0.00017734827068425018
9.7083333333334227,0.0017510572992287445
9.7166666666667556,0.0022160446378611896
9.7250000000000885,0.0015731124096509486
9.7333333333334213,-0.00017860069621564365
9.7416666666667542,-0.0019998588518191874
9.750000000000087,-0.0027127455334517189
9.7583333333334199,-0.0023184354232316066
9.7666666666667528,-0.00081644008484273427
9.7750000000000856,0.00075363173593946664
9.7833333333334185,0.0012134858721914105
9.7916666666667513,0.00056391606682087861
9.8000000000000842,-0.0011959479006149133
9.8083333333334171,-0.0030268815013822356
9.8166666666667499,-0.003750985092935615
9.8250000000000828,-0.0033694513179750481
9.8333333333334156,-0.0018818102742231778
9.8416666666667485,-0.00032768890718915488
9.8500000000000814,0.00011459556402655412
9.8583333333334142,-0.00055419017502516849
9.8666666666667471,-0.001293185494664243
9.8750000000000799,-0.00092285028394272243
9.8833333333334128,0.00055726700763350945
9.8916666666667457,0.0021075225483073484
9.9000000000000785,0.0025495936906989708
9.9083333333334114,0.0018842483753318587
9.9166666666667442,0.00011059129490754961
9.9250000000000771,-0.0017321751663451279
9.93333333333341,-0.0024661663605636372
9.9416666666667428,-0.0020925883816271377
9.9500000000000757,-0.00061098408703356337
9.9583333333334085,0.00093900667001852692
9.9666666666667414,0.0013790596204808529
9.9750000000000743,0.00070993892265153787
9.9833333333334071,-2.7496108549853333e-05
9.99166666666674,0.00034629725263010246
10.000000000000073,0.0018317749563715045
10.008333333333406,0.0033893012426029355
10.016666666666739,0.0038405679227854548
10.025000000000071,0.0031863575935262844
10.033333333333404,0.0014257903032020584
10.041666666666737,-0.0004019155080766943
10.05000000000007,-0.0011188522498177653
10.058333333333403,-0.00072619897445984859
10.066666666666736,0.00077652922889677976
10.075000000000069,0.0023497223079243291
10.083333333333401,0.0028150924963362377
10.091666666666734,0.0021734428995112101
10.100000000000067,0.00042391351087073058
10.1083333333334,-0.0013942577190878972
10.116666666666733,-0.0021031489328600514
10.125000000000066,-0.0017039281689418921
10.133333333333399,-0.00019610001759694094
10.141666666666731,0.0013807342181502947
10.150000000000064,0.0018482907590917988
10.158333333333397,0.0012073753327807126
10.16666666666673,-0.00054286996371600942
10.175000000000063,-0.0023632066201406598
10.183333333333396,-0.003075717402683031
10.191666666666729,-0.0026815768150391514
10.200000000000061,-0.0011802964387956116
10.208333333333394,0.00038851489979938633
10.216666666666727,0.00084656125527310844
10.22500000000006,0.00019463341327310486
10.233333333333393,-0.0015681419951625048
10.241666666666726,-0.0034025447870039177
10.250000000000059,-0.0041306817595348228
10.258333333333391,-0.0037537520286583894
10.266666666666724,-0.0022712923777763899
10.275000000000057,-0.00072293596135390053
10.28333333333339,-0.0002870079182185814
10.291666666666723,-0.00096275134023565603
10.300000000000056,-0.0017093161898630469
10.308333333333389,-0.0013471742881678251
10.316666666666721,0.00012411387742345534
10.325000000000054,0.001664891673405995
10.333333333333387,0.0020968215502495968
10.34166666666672,0.0014206559359138731
10.350000000000053,0.00067724223410830153
10.358333333333386,0.0010461133725651794
10.366666666666719,0.0025277174952398518
10.375000000000052,0.0040824139106556282
10.383333333333384,0.0045318930819281782
10.391666666666717,0.0038769353692368158
10.40000000000005,0.0021166589682586252
10.408333333333383,0.0002902800036143893
10.416666666666716,-0.00042429274505160488
10.425000000000049,-2.8234042479336191e-05
10.433333333333382,0.0014789456729426965
10.441666666666714,0.0030576429669571135
10.450000000000047,0.0035295802379803959
10.45833333333338,0.0028955709471365615
10.466666666666713,0.0011547658306893748
10.475000000000046,-0.00065358606140230257
10.483333333333379,-0.0013515479842973069
10.491666666666712,-0.00094027079473683732
10.500000000000044,-0.00046100037504408833
10.508333333333377,-0.0010936661604496474
10.51666666666671,-0.0028391113103802559
10.525000000000043,-0.0046580909112698297
10.533333333333376,-0.0053726942465968609
10.541666666666709,-0.004984101403755813
10.550000000000042,-0.0034918308238942354
10.558333333333374,-0.0019354947244872253
10.566666666666707,-0.0014934026486029559
10.57500000000004,-0.0021647892448557952
10.583333333333373,-0.0029087996365874365
10.591666666666706,-0.0025459048734891169
10.600000000000039,-0.0010756635887235906
10.608333333333372,0.00046226846438404662
10.616666666666704,0.0008895489833232311
10.625000000000037,0.00020692266543686198
10.63333333333337,-0.00054477087072034292
10.641666666666703,-0.00018601011855997652
10.650000000000036,0.0012836386642778258
10.658333333333369,0.0028245157219561564
10.666666666666702,0.0032582860567654283
10.675000000000034,0.0025857055920245698
10.683333333333367,0.000805867390004741
10.6916666666667,-0.0010420370925578685
10.700000000000033,-0.0017801304202495955
10.708333333333366,-0.0014096240853640263
10.716666666666699,6.9934019356002625e-05
10.725000000000032,0.0016188997441561868
10.733333333333364,0.0020589477607978581
10.741666666666697,0.0013908426571605809
10.75000000000003,-0.0003863144886643732
10.758333333333363,-0.0022333257404499865
10.766666666666696,-0.0029723135943698705
10.775000000000029,-0.002604492202439863
10.783333333333362,-0.0011294127572817386
10.791666666666694,0.00041327640735005274
10.800000000000027,0.0008452401482868441
10.80833333333336,0.00016723015503468562
10.816666666666693,-0.00057990699782006067
10.825000000000026,-0.00021664297401378306
10.833333333333359,0.0012574627392483474
10.841666666666692,0.0028027570656339019
10.850000000000025,0.0032409115658050746
10.858333333333357,0.0025726887399584305
10.86666666666669,0.00079718821611504502
10.875000000000023,-0.0010463920090375638
10.883333333333356,-0.0017801680155364219
10.891666666666689,-0.0014053448208793042
10.900000000000022,7.8536160206982197e-05
10.908333333333355,0.0016318372540591007
10.916666666666687,0.0020762396485341002
10.92500000000002,0.0014125144777551533
10.933333333333353,-0.00036023062628276345
10.941666666666686,-0.0022027911404336646
10.950000000000019,-0.0029372828304842558
10.958333333333352,-0.0025649130586466442
10.966666666666685,-0.0010852262053591495
10.975000000000017,0.00046213619119382486
10.98333333333335,0.00089884597413193257
10.991666666666683,0.00022566198117285661
11.000000000000016,-0.00051656202061420699
11.008333333333349,-0.00014829032420566671
11.016666666666682,0.0013309250496951483
11.025000000000015,0.0028814386979579476
11.033333333333347,0.0033249302335111339
11.04166666666668,0.0026621702303432165
11.050000000000013,0.00089226643414889388
11.058333333333346,-0.00094557502155201791
11.066666666666679,-0.0016734615931233766
11.075000000000012,-0.0012925893490696875
11.083333333333345,0.00019750930572631014
11.091666666666677,0.0017572058745926465
11.10000000000001,0.0022081912962424138
11.108333333333343,0.0015512466716134205
11.116666666666676,-0.00021451033226583711
11.125000000000009,-0.0020498649120725813
11.133333333333342,-0.0027769217604944022
11.141666666666675,-0.0023968769018800858
11.150000000000007,-0.00090926328658393432
11.15833333333334,0.00064628897683378852
11.166666666666673,0.0010914639566462834
11.175000000000006,0.00042703330544202096
11.183333333333339,-0.00030613627018215181
11.191666666666672,7.1504486017736227e-05
11.200000000000005,0.0015604174622368973
11.208333333333337,0.0031209718723268151
11.21666666666667,0.0035748631289919237
11.225000000000003,0.0029228775995211245
11.233333333333336,0.0011641389561521417
11.241666666666669,-0.00066213072620071439
11.250000000000002,-0.0013780215765395801
11.258333333333335,-0.00098471135783406325
11.266666666666667,0.00051828599489643168
11.275,0.0020913610084192765
11.283333333333333,0.0025562252169140367
11.291666666666666,0.0019136807899476009
11.299999999999999,0.00016286664566754047
11.308333333333332,-0.0016569806382799659
11.316666666666665,-0.0023679419600520731
11.324999999999998,-0.0019711887452674029
11.33333333333333,-0.00046622911432363831
11.341666666666663,0.0011073318373984347
11.349999999999996,0.0015712052465989136
11.358333333333329,0.00092619112623542851
11.366666666666662,-0.00082857428694871316
11.374999999999995,-0.0026538590039413613
11.383333333333328,-0.0033717538796661436
11.39166666666666,-0.0029834418205468374
11.399999999999993,-0.0014884429758151333
11.408333333333326,7.3625360004225392e-05
11.416666666666659,0.00052445737352536286
11.424999999999992,-0.00013516717613080818
11.433333333333325,-0.00086437396875800772
11.441666666666658,-0.00048360787000239559
11.44999999999999,0.0010075980443374748
11.458333333333323,0.0025696163546310388
11.466666666666656,0.0030241430626390324
11.474999999999989,0.0023719651261530465
11.483333333333322,0.00061220650736475753
11.491666666666655,-0.001215910660118212
11.499999999999988,-0.0019344793259223772
11.50833333333332,-0.0015446818661809048
11.516666666666653,-4.6037125374932678e-05
11.524999999999986,0.00152183956276946
11.533333333333319,0.0019806511188394131
11.541666666666652,0.0013311902380853734
11.549999999999985,-0.00042741394193259569
11.558333333333318,-0.0022559355891852624
11.56666666666665,-0.0029764695233109734
11.574999999999983,-0.0025902021903809989
11.583333333333316,-0.0010966570659099737
11.591666666666649,0.00046454516132949568
11.599999999999982,0.00091509709324389689
11.608333333333315,0.00025577832749001852
11.616666666666648,-0.00047253659555617357
11.62499999999998,-9.0291112753836588e-05
11.633333333333313,0.0014029836691508168
11.641666666666646,0.0029676634443753817
11.649999999999979,0.0034254493192523551
11.658333333333312,0.0027771334155096417
11.666666666666645,0.0010218450768541879
11.674999999999978,-0.00080118799186076255
11.68333333333331,-0.001514051036779655
11.691666666666643,-0.0011179174269463456
11.699999999999976,0.00038770322687045253
11.708333333333309,0.0019632055080254862
11.716666666666642,0.0024303043657020267
11.724999999999975,0.0017898052387984628
11.733333333333308,4.0850246533389965e-05
11.74166666666664,-0.0017773210114812772
11.749999999999973,-0.0024867870637827172
11.758333333333306,-0.0020887172179692016
11.766666666666639,-0.00058261753924959952
11.774999999999972,0.00099190883828691482
11.783333333333305,0.001456574456854776
11.791666666666638,0.00081218043960956524
11.799999999999971,-0.00094213592719986797
11.808333333333303,-0.0027671419052371186
11.816666666666636,-0.0034849282253529442
11.824999999999969,-0.0030966777519748339
11.833333333333302,-0.0016019106541594402
11.841666666666635,-4.0244188337967403e-05
11.849999999999968,0.0004100153529919465
11.858333333333301,-0.00025035320448365021
11.866666666666633,-0.00098047662235016238
11.874999999999966,-0.00060080120936210739
11.883333333333299,0.00088913839678222723
11.891666666666632,0.0024497129114898694
11.899999999999965,0.0029026158800427434
11.908333333333298,0.002248631740697395
11.916666666666631,0.00048688187074773833
11.924999999999963,-0.0013434142781433029
11.933333333333296,-0.0020643529960683461
11.941666666666629,-0.0016771203543565049
11.949999999999962,-0.0001812389634933197
11.958333333333295,0.0013836719141360762
11.966666666666628,0.0018393106218155292
11.974999999999961,0.0011864649992714064
11.983333333333293,-0.00057574074562700614
11.991666666666626,-0.002408086014699988
11.999999999999959,-0.003132671672712035
12.008333333333292,-0.0027506904188179591
12.016666666666625,-0.0012616720692959858
12.024999999999958,0.00029475637258892133
12.033333333333291,0.0007402804450417006
12.041666666666623,7.5672094794387078e-05
12.049999999999956,-0.00065820193790176046
12.058333333333289,-0.00028179344168922379
12.066666666666622,0.0012053578457044537
12.074999999999955,0.0027636184061010875
12.083333333333288,0.0032146791244747632
12.091666666666621,0.0025593218769699249
12.099999999999953,0.00079666564879703802
12.108333333333286,-0.0010340722684632308
12.116666666666619,-0.0017549886910606073
12.124999999999952,-0.0013672693231052025
12.133333333333285,0.00012956375665097074
12.141666666666618,0.0016958922445466629
12.149999999999951,0.0021534169417458996
12.158333333333283,0.0015029287280037943
12.166666666666616,-0.00025644498213512777
12.174999999999949,-0.0020854797421536848
12.183333333333282,-0.0028062708292430228
12.191666666666615,-0.0024200048924886632
12.199999999999948,-0.00092620551842829046
12.208333333333281,0.00063550651942779308
12.216666666666613,0.0010868245307506096
12.224999999999946,0.00042852937516875102
12.233333333333279,-0.0013402621147609736
12.241666666666612,-0.0031803387706379692
12.249999999999945,-0.0039138151360344825
12.258333333333278,-0.0035418981171292416
12.266666666666611,-0.0020641321716113083
12.274999999999944,-0.00052015837295303223
12.283333333333276,-8.8308838048894057e-05
12.291666666666609,-0.00076783263905022851
12.299999999999942,-0.0015178853019662856
12.308333333333275,-0.0011589435769588602
12.316666666666608,0.000309427132038711
12.324999999999941,0.0018475655950000271
12.333333333333274,0.0022771305575549914
12.341666666666606,0.0015988710110125491
12.349999999999939,0.00085363077990581882
12.358333333333272,0.0012209397337117776
12.366666666666605,0.0027012435700548773
12.374999999999938,0.0042548999619634381
12.383333333333271,0.0047035986397479627
12.391666666666604,0.0040481189009531834
12.399999999999936,0.0022875779747798548
12.408333333333269,0.00046119081526589087
12.416666666666602,-0.00025313411227375466
12.424999999999935,0.00014342898221678159
12.433333333333268,0.00060961134206137958
12.441666666666601,-3.4536612399963852e-05
12.449999999999934,-0.001789876343179377
12.458333333333266,-0.0036171765894233276
12.466666666666599,-0.0043385343027654583
12.474999999999932,-0.0039551386301871772
12.483333333333265,-0.0024665164967165531
12.491666666666598,-0.00091229092784059435
12.499999999999931,-0.00047077782684915172
