Time,Theta
0.0083333333333333332,-0.17465456354098599
0.016666666666666666,-0.17554725056931808
0.025000000000000001,-0.17676907272012629
0.033333333333333333,-0.17716299418296164
0.041666666666666664,-0.17672978201285738
0.049999999999999996,-0.17546877815944159
0.058333333333333327,-0.17337789955491306
0.066666666666666666,-0.17045363806730213
0.074999999999999997,-0.167715009225227
0.083333333333333329,-0.16631857168602476
0.09166666666666666,-0.16523792879605304
0.099999999999999992,-0.16331012602864403
0.10833333333333332,-0.16053195636096015
0.11666666666666665,-0.15689876621699159
0.12499999999999999,-0.15343117445465826
0.13333333333333333,-0.15128783911577318
0.14166666666666666,-0.15046602234883555
0.14999999999999999,-0.14993692573727227
0.15833333333333333,-0.14853497077813568
0.16666666666666666,-0.14625787328117335
0.17499999999999999,-0.14310187106892711
0.18333333333333332,-0.14009095492107906
0.19166666666666665,-0.13838724050339826
0.19999999999999998,-0.13695859183496809
0.20833333333333331,-0.13463555035091712
0.21666666666666665,-0.13141430683202618
0.22499999999999998,-0.12832076045242838
0.23333333333333331,-0.12651912868599718
0.24166666666666664,-0.12600700626005409
0.24999999999999997,-0.12575177614160291
0.2583333333333333,-0.12458355689517728
0.26666666666666666,-0.12250049423078307
0.27500000000000002,-0.11949921214078668
0.28333333333333338,-0.11660784821515954
0.29166666666666674,-0.11499295869832943
0.3000000000000001,-0.11361878032164434
0.30833333333333346,-0.11131179425033984
0.31666666666666682,-0.10806828265022399
0.32500000000000018,-0.10491763699680151
0.33333333333333354,-0.10302785112081018
0.3416666666666669,-0.1023963240223317
0.35000000000000026,-0.10198689787272154
0.35833333333333361,-0.1006256584318146
0.36666666666666697,-0.098310470477954159
0.37500000000000033,-0.0950376404184365
0.38333333333333369,-0.091838193173889526
0.39166666666666705,-0.089881876698197957
0.40000000000000041,-0.089165955239517466
0.40833333333333377,-0.088652559961002395
0.41666666666666713,-0.087165831960789836
0.42500000000000049,-0.084703456451191608
0.43333333333333385,-0.081261542165500203
0.44166666666666721,-0.077872396653785286
0.45000000000000057,-0.075707168042324982
0.45833333333333393,-0.07476278530452389
0.46666666666666728,-0.07399956852507289
0.47500000000000064,-0.072239610434802065
0.483333333333334,-0.069480187975754767
0.49166666666666736,-0.065716984567561171
0.50000000000000067,-0.061983274945237039
0.50833333333333397,-0.059451274572626701
0.51666666666666727,-0.058117339388538948
0.52500000000000058,-0.056939828497888693
0.53333333333333388,-0.054738644190661288
0.54166666666666718,-0.05151040885759138
0.55000000000000049,-0.048290317649332518
0.55833333333333379,-0.046252456074179445
0.5666666666666671,-0.045393823302283032
0.5750000000000004,-0.044672615759385623
0.5833333333333337,-0.042908520248791042
0.59166666666666701,-0.040098880281585703
0.60000000000000031,-0.037280225109141543
0.60833333333333361,-0.035627932384596259
0.61666666666666692,-0.035139518976883104
0.62500000000000022,-0.034773190452117395
0.63333333333333353,-0.033348600715308992
0.64166666666666683,-0.030863644525943573
0.65000000000000013,-0.027314581398051544
0.65833333333333344,-0.023737381451690874
0.66666666666666674,-0.021306881989224893
0.67500000000000004,-0.02001942551715126
0.68333333333333335,-0.018831506468327649
0.69166666666666665,-0.016560952893892332
0.69999999999999996,-0.013204404932556016
0.70833333333333326,-0.0097985327566950803
0.71666666666666656,-0.007518789018708282
0.72499999999999987,-0.0063616861119705518
0.73333333333333317,-0.005283663463347541
0.74166666666666647,-0.0031024782876867868
0.74999999999999978,0.00018504752352350241
0.75833333333333308,0.0035419841245041706
0.76666666666666639,0.0057927203502890169
0.77499999999999969,0.0069407471922016363
0.78333333333333299,0.0069878996836478385
0.7916666666666663,0.0069760829360765971
0.7999999999999996,0.0080858905649576467
0.8083333333333329,0.010318868070278708
0.81666666666666621,0.012636544957625553
0.82499999999999951,0.013861843231051713
0.83333333333333282,0.013996726991489735
0.84166666666666612,0.014083143962972049
0.84999999999999942,0.015301726906138593
0.85833333333333273,0.017654168892752189
0.86666666666666603,0.020102287195589253
0.87499999999999933,0.021469359671110001
0.88333333333333264,0.021757580776935029
0.89166666666666594,0.02200896074035039
0.89999999999999925,0.023404175804415256
0.90833333333333255,0.025945161311185072
0.91666666666666585,0.028594216676847004
0.92499999999999916,0.030175196880991528
0.93333333333333246,0.030690643150362476
0.94166666666666576,0.031182625045402857
0.94999999999999907,0.032831834331345386
0.95833333333333237,0.035640552340950732
0.96666666666666567,0.038571814948153212
0.97499999999999898,0.040450350805174548
0.98333333333333228,0.041279186864280878
0.99166666666666559,0.041059717519371673
0.99999999999999889,0.040832421199996208
1.0083333333333322,0.041776405116732779
1.0166666666666655,0.043892915480798822
1.0249999999999988,0.046144368207585433
1.0333333333333321,0.047354927441901201
1.0416666666666654,0.047526592423036772
1.0499999999999987,0.047700089132272187
1.058333333333332,0.049054699644294507
1.0666666666666653,0.051592241717790172
1.0749999999999986,0.054276178080252584
1.0833333333333319,0.055931872674108214
1.0916666666666652,0.056562041021316366
1.0999999999999985,0.056167780341927417
1.1083333333333318,0.055788378263328518
1.1166666666666651,0.056601680521208855
1.1249999999999984,0.058608725531982049
1.1333333333333317,0.060772678914824095
1.1416666666666651,0.061918657839426662
1.1499999999999984,0.06204858252470144
1.1583333333333317,0.06220212455239444
1.166666666666665,0.063557402655127326
1.1749999999999983,0.065077020427006652
1.1833333333333316,0.065585528012896008
1.1916666666666649,0.065083835929863484
1.1999999999999982,0.064610386520918189
1.2083333333333315,0.065342126112748991
1.2166666666666648,0.067279967274656544
1.2249999999999981,0.069387638469702639
1.2333333333333314,0.070490952656231592
1.2416666666666647,0.070591774461065501
1.249999999999998,0.069690365068325974
1.2583333333333313,0.068824149862036499
1.2666666666666646,0.069169076050963632
1.2749999999999979,0.070725515653640311
1.2833333333333312,0.0724569465831887
1.2916666666666645,0.073188935659552659
1.2999999999999978,0.072922756224354637
1.3083333333333311,0.07269654357370646
1.3166666666666644,0.07368683188121912
1.3249999999999977,0.074856562479820601
1.333333333333331,0.075030730541413043
1.3416666666666643,0.07420971530108926
1.3499999999999976,0.073430659939989207
1.358333333333331,0.073869178455761492
1.3666666666666643,0.075525768841133809
1.3749999999999976,0.077364479351115872
1.3833333333333309,0.078211545179806399
1.3916666666666642,0.078068429298372738
1.3999999999999975,0.076935000398148115
1.4083333333333308,0.075847650091553961
1.4166666666666641,0.075981264920808214
1.4249999999999974,0.077335922807767937
1.4333333333333307,0.078875416834478837
1.441666666666664,0.079425711703302426
1.4499999999999973,0.078987793496729936
1.4583333333333306,0.077561055395494349
1.4666666666666639,0.076181365048243271
1.4749999999999972,0.076023126298654403
1.4833333333333305,0.077086016714368918
1.4916666666666638,0.078333395755343732
1.4999999999999971,0.078590744011054481
1.5083333333333304,0.077858575226927809
1.5166666666666637,0.077173824513338554
1.524999999999997,0.077711849166237607
1.5333333333333303,0.078435331709556258
1.5416666666666636,0.078169002535222451
1.5499999999999969,0.07691253181661914
1.5583333333333302,0.075702119160687309
1.5666666666666635,0.075712478814223452
1.5749999999999968,0.076943519599629653
1.5833333333333302,0.078358823720058923
1.5916666666666635,0.07878411865311287
1.5999999999999968,0.07822018874137826
1.6083333333333301,0.07666622461440202
1.6166666666666634,0.075157980226599599
1.6249999999999967,0.074869773310434054
1.63333333333333,0.075801102616493213
1.6416666666666633,0.076915021515191487
1.6499999999999966,0.077036662519419236
1.6583333333333299,0.076166320644381308
1.6666666666666632,0.074302695207460412
1.6749999999999965,0.072481277600292701
1.6833333333333298,0.071876188906041472
1.6916666666666631,0.072486489646474583
1.6999999999999964,0.073274476965185992
1.7083333333333297,0.07306442596370176
1.716666666666663,0.071856099313709079
1.7249999999999963,0.070686246699166358
1.7333333333333296,0.070730167014829329
1.7416666666666629,0.071987815509697115
1.7499999999999962,0.073422358304955582
1.7583333333333295,0.073859027691118129
1.7666666666666628,0.073298623912324168
1.7749999999999961,0.071740347316629899
1.7833333333333294,0.070220407345055719
1.7916666666666627,0.069913615340168447
1.799999999999996,0.070819441842332922
1.8083333333333294,0.071900453299121925
1.8166666666666627,0.071981212127371977
1.824999999999996,0.071061947438027101
1.8333333333333293,0.069141286445675923
1.8416666666666626,0.067255100860354897
1.8499999999999959,0.066577934060340113
1.8583333333333292,0.067108740976425343
1.8666666666666625,0.067809240493431247
1.8749999999999958,0.06750303936190731
1.8833333333333291,0.066189748715716229
1.8916666666666624,0.064906447229378703
1.8999999999999957,0.064828819284816208
1.908333333333329,0.064917533278431083
1.9166666666666623,0.063995032348131725
1.9249999999999956,0.0620599478276165
1.9333333333333289,0.060148720340942971
1.9416666666666622,0.059436502292387713
1.9499999999999955,0.059922191191677431
1.9583333333333288,0.060566874709570284
1.9666666666666621,0.060193425789826623
1.9749999999999954,0.058801352429941028
1.9833333333333287,0.057428194802224559
1.991666666666662,0.057250153575432866
1.9999999999999953,0.057227173220829021
2.0083333333333289,0.056180871351851264
2.0166666666666622,0.05410969384083246
2.0249999999999955,0.052050459432925203
2.0333333333333288,0.051178746463612479
2.0416666666666621,0.051493217017551406
2.0499999999999954,0.05195412923460347
2.0583333333333287,0.05138340630949291
2.066666666666662,0.04978025069351541
2.0749999999999953,0.048182497165196403
2.0833333333333286,0.047766703953901118
2.0916666666666619,0.048532175220891989
2.0999999999999952,0.049439634509018324
2.1083333333333285,0.049311483562653531
2.1166666666666618,0.0481476223673016
2.1249999999999951,0.045946324342662853
2.1333333333333284,0.043744731969516094
2.1416666666666617,0.042718779731323889
2.149999999999995,0.042866897207529453
2.1583333333333283,0.043148594354630095
2.1666666666666616,0.042384942381855341
2.1749999999999949,0.04057485010365916
2.1833333333333282,0.03875636552212651
2.1916666666666615,0.038106301350530489
2.1999999999999948,0.03862361875980929
2.2083333333333282,0.039268147898425289
2.2166666666666615,0.038861271835817307
2.2249999999999948,0.037402459144183518
2.2333333333333281,0.035930459030253131
2.2416666666666614,0.035622761730741373
2.2499999999999947,0.036478818814025975
2.258333333333328,0.037458854017444275
2.2666666666666613,0.037384649866354355
2.2749999999999946,0.036256193165489621
2.2833333333333279,0.034071832848347937
2.2916666666666612,0.031869355519054114
2.2999999999999945,0.030825344399394265
2.3083333333333278,0.030938182832096428
2.3166666666666611,0.031166778156004025
2.3249999999999944,0.030331498197796174
2.3333333333333277,0.028431155101816749
2.341666666666661,0.026504202754876274
2.3499999999999943,0.025727869454202627
2.3583333333333276,0.026100919507289416
2.3666666666666609,0.026582469385804403
2.3749999999999942,0.025993077305116793
2.3833333333333275,0.024331939389731865
2.3916666666666608,0.02263801760170131
2.3999999999999941,0.0220890312705131
2.4083333333333274,0.022684072562314896
2.4166666666666607,0.023382481465415668
2.424999999999994,0.023005027470586956
2.4333333333333274,0.021551234633935139
2.4416666666666607,0.020060465177108494
2.449999999999994,0.019710825787582431
2.4583333333333273,0.020501698876332165
2.4666666666666606,0.021392655600610797
2.4749999999999939,0.021204690452691688
2.4833333333333272,0.019937618750116449
2.4916666666666605,0.018631131081176183
2.4999999999999938,0.018463652748098615
2.5083333333333271,0.018393290481666949
2.5166666666666604,0.017239524255329798
2.5249999999999937,0.015000697049568764
2.533333333333327,0.012715138242141944
2.5416666666666603,0.011559935547752233
2.5499999999999936,0.011533275892290222
2.5583333333333269,0.011593342201460338
2.5666666666666602,0.010559666850287652
2.5749999999999935,0.0084307868955524942
2.5833333333333268,0.0062453088733596908
2.5916666666666601,0.0051805669051685965
2.5999999999999934,0.0052348710627246548
2.6083333333333267,0.0053664574940141411
2.61666666666666,0.0043948931727600662
2.6249999999999933,0.0023188187850318146
2.6333333333333266,0.00017697459629731441
2.6416666666666599,-0.00085320376102469061
2.6499999999999932,-0.0007733642827511012
2.6583333333333266,-0.00062525020490289223
2.6666666666666599,-0.0015892873536292942
2.6749999999999932,-0.0036668145042687084
2.6833333333333265,-0.0058190858309254542
2.6916666666666598,-0.0068686968838977298
2.6999999999999931,-0.0068173342824850184
2.7083333333333264,-0.0056650242922385765
2.7166666666666597,-0.0044518758560340614
2.724999999999993,-0.0043566999241221758
2.7333333333333263,-0.0053792503110476168
2.7416666666666596,-0.0064792101537517128
2.7499999999999929,-0.0064776044197994067
2.7583333333333262,-0.0053745344752361363
2.7666666666666595,-0.0042101857613034708
2.7749999999999928,-0.0041634442366412228
2.7833333333333261,-0.0052341359483315157
2.7916666666666594,-0.0063820151517600052
2.7999999999999927,-0.0064281777481774698
2.808333333333326,-0.005372797157241386
2.8166666666666593,-0.0042561306741424306
2.8249999999999926,-0.0042571355607719233
2.8333333333333259,-0.0053757090925910028
2.8416666666666592,-0.0065716778719305214
2.8499999999999925,-0.0066662113476987604
2.8583333333333258,-0.0056595559197947501
2.8666666666666591,-0.0045920400399947709
2.8749999999999925,-0.0046426923984701583
2.8833333333333258,-0.0058114842908393877
2.8916666666666591,-0.0070583199241958617
2.8999999999999924,-0.0072044491124058155
2.9083333333333257,-0.0062501961867679678
2.916666666666659,-0.005235963643991347
2.9249999999999923,-0.0053408551885486552
2.9333333333333256,-0.0065649228624274046
2.9416666666666589,-0.0078681583885789573
2.9499999999999922,-0.0080719037406025949
2.9583333333333255,-0.007176570440761529
2.9666666666666588,-0.0062226412782292757
2.9749999999999921,-0.0063893017471837376
2.9833333333333254,-0.0076766956310511669
2.9916666666666587,-0.0090449177066696581
2.999999999999992,-0.0093154200593678991
3.0083333333333253,-0.0084887155060450331
3.0166666666666586,-0.0076053765471301932
3.0249999999999919,-0.0078446801403742276
3.0333333333333252,-0.009206877616541197
3.0416666666666585,-0.010652189443275492
3.0499999999999918,-0.011002203694725779
3.0583333333333251,-0.010257554254135605
3.0666666666666584,-0.0094589156481546463
3.0749999999999917,-0.0097856683999605655
3.083333333333325,-0.011238192771267277
3.0916666666666583,-0.01277686684423231
3.0999999999999917,-0.013223451109761896
3.108333333333325,-0.012578727126609783
3.1166666666666583,-0.011883486108896521
3.1249999999999916,-0.012317225780839488
3.1333333333333249,-0.013880483309393279
3.1416666666666582,-0.015533838833901512
3.1499999999999915,-0.016099276133757005
3.1583333333333248,-0.015577759488321739
3.1666666666666581,-0.015010212684121576
3.1749999999999914,-0.015576264108134018
3.1833333333333247,-0.017276643677698923
3.191666666666658,-0.019072195329512247
3.1999999999999913,-0.019785197235747485
3.2083333333333246,-0.019416842022899641
3.2166666666666579,-0.019008200979456671
3.2249999999999912,-0.019739043290173654
3.2333333333333245,-0.020568832794555202
3.2416666666666578,-0.020318449074393292
3.2499999999999911,-0.018987612252684454
3.2583333333333244,-0.017615940125672937
3.2666666666666577,-0.017381786711878715
3.274999999999991,-0.018284702980514284
3.2833333333333243,-0.019284373595046398
3.2916666666666576,-0.019201896029407351
3.2999999999999909,-0.01803724745468958
3.3083333333333242,-0.016830321531236904
3.3166666666666575,-0.016759740599393069
3.3249999999999909,-0.017825296129343717
3.3333333333333242,-0.018986903450411579
3.3416666666666575,-0.019065893582252399
3.3499999999999908,-0.018062490376345719
3.3583333333333241,-0.017016832038228489
3.3666666666666574,-0.017107779414442286
3.3749999999999907,-0.01833536167165124
3.383333333333324,-0.019659744833397396
3.3916666666666573,-0.019902520248365873
3.3999999999999906,-0.01906416217967118
3.4083333333333239,-0.018185035750921719
3.4166666666666572,-0.018444222858809797
3.4249999999999905,-0.019841999664736269
3.4333333333333238,-0.021338817815767349
3.4416666666666571,-0.021756572463918891
3.4499999999999904,-0.021096006344862327
3.4583333333333237,-0.020397702915348957
3.466666666666657,-0.020840954775161905
3.4749999999999903,-0.022426306841365658
3.4833333333333236,-0.024114552009602021
3.4916666666666569,-0.02472795641635166
3.4999999999999902,-0.024267564822640177
3.5083333333333235,-0.022732773116663409
3.5166666666666568,-0.021162785617126176
3.5249999999999901,-0.020735556123245499
3.5333333333333234,-0.021450353948383089
3.5416666666666567,-0.022266662248299988
3.5499999999999901,-0.022005390714497978
3.5583333333333234,-0.020666242066903626
3.5666666666666567,-0.019288777748197962
3.57499999999999,-0.019051297691779805
3.5833333333333233,-0.019953348565489384
3.5916666666666566,-0.02095465224818064
3.5999999999999899,-0.020876354786315752
3.6083333333333232,-0.019718439455380581
3.6166666666666565,-0.018520768695847852
3.6249999999999898,-0.018461934959160993
3.6333333333333231,-0.019541747115745339
3.6416666666666564,-0.020720179895468292
3.6499999999999897,-0.020818636457796816
3.658333333333323,-0.01983737055607096
3.6666666666666563,-0.018816510457493218
3.6749999999999896,-0.018934907241604158
3.6833333333333229,-0.020192630065804969
3.6916666666666562,-0.021549931944462402
3.6999999999999895,-0.021828506429935467
3.7083333333333228,-0.021028883201592352
3.7166666666666561,-0.02019143573765983
3.7249999999999894,-0.020495252764190598
3.7333333333333227,-0.021940674970122462
3.741666666666656,-0.023488276119402036
3.7499999999999893,-0.023960092709773836
3.7583333333333226,-0.023356951665488464
3.7666666666666559,-0.021678030452149569
3.7749999999999893,-0.019962344435336517
3.7833333333333226,-0.019387663752020626
3.7916666666666559,-0.019953040559269931
3.7999999999999892,-0.020617699541698474
3.8083333333333225,-0.020202275747622244
3.8166666666666558,-0.018706236866920398
3.8249999999999891,-0.017168956339107151
3.8333333333333224,-0.016768549904263876
3.8416666666666557,-0.01750432371416211
3.849999999999989,-0.018335698285158172
3.8583333333333223,-0.018083495776762278
3.8666666666666556,-0.01674743448844327
3.8749999999999889,-0.015367177112489422
3.8833333333333222,-0.015121119453919784
3.8916666666666555,-0.016008794152538246
3.8999999999999888,-0.01698981639081619
3.9083333333333221,-0.016885198879092577
3.9166666666666554,-0.0156948854406644
3.9249999999999887,-0.014458782677920261
3.933333333333322,-0.014355523677692623
3.9416666666666553,-0.015384851492164104
3.9499999999999886,-0.016506579567895072
3.9583333333333219,-0.016541919455073707
3.9666666666666552,-0.015491028322547274
3.9749999999999885,-0.014394028555638209
3.9833333333333218,-0.01442976419824756
3.9916666666666551,-0.015598183410664129
3.9999999999999885,-0.016859309761169994
4.0083333333333222,-0.017034570732287958
4.0166666666666559,-0.016124336783448864
4.0249999999999897,-0.015168930710966054
4.0333333333333234,-0.015347393028777164
4.0416666666666572,-0.016659882247683697
4.0499999999999909,-0.018066655559631214
4.0583333333333247,-0.018389386260493433
4.0666666666666584,-0.017628670156419224
4.0749999999999922,-0.016825024297554905
4.0833333333333259,-0.017157679124930211
4.0916666666666597,-0.018627019503519887
4.0999999999999934,-0.020193575456392044
4.1083333333333272,-0.020679313667641131
4.1166666666666609,-0.020085080215389788
4.1249999999999947,-0.018410069307265974
4.1333333333333284,-0.016693389413743816
4.1416666666666622,-0.016112897683433977
4.1499999999999959,-0.016667634785171057
4.1583333333333297,-0.017316735866959337
4.1666666666666634,-0.01688072638243289
4.1749999999999972,-0.015359044867709875
4.1833333333333309,-0.013791101890038628
4.1916666666666647,-0.013355044610090907
4.1999999999999984,-0.014050124454443601
4.2083333333333321,-0.014835635611939743
4.2166666666666659,-0.01453225229444135
4.2249999999999996,-0.013139616470306193
4.2333333333333334,-0.011697377052903241
4.2416666666666671,-0.011383910501247265
4.2500000000000009,-0.012198648342743652
4.2583333333333346,-0.013101033267704912
4.2666666666666684,-0.01291188099992855
4.2750000000000021,-0.01163100781424603
4.2833333333333359,-0.010298257158121776
4.2916666666666696,-0.010092193488719264
4.3000000000000034,-0.011012406911422058
4.3083333333333371,-0.012018480652851339
4.3166666666666709,-0.011931366961311396
4.3250000000000046,-0.010751037236750187
4.3333333333333384,-0.0095175003812576157
4.3416666666666721,-0.0094094818413869609
4.3500000000000059,-0.010426716958042282
4.3583333333333396,-0.011528926000791558
4.3666666666666734,-0.011537197128680671
4.3750000000000071,-0.010451646442210121
4.3833333333333409,-0.0093124304573870224
4.3916666666666746,-0.0092984194413336385
4.4000000000000083,-0.01040948819954739
4.4083333333333421,-0.011605496462648236
4.4166666666666758,-0.011707673738685198
4.4250000000000096,-0.010716278519005838
4.4333333333333433,-0.0096716059426546382
4.4416666666666771,-0.0097526633665034421
4.4500000000000108,-0.010959466592297408
4.4583333333333446,-0.012252024562135569
4.4666666666666783,-0.012451721335165375
4.4750000000000121,-0.011558963452927763
4.4833333333333458,-0.010614182812120926
4.4916666666666796,-0.010796522750179451
4.5000000000000133,-0.012106148966930753
4.5083333333333471,-0.013503238462749156
4.5166666666666808,-0.013809352964528697
4.5250000000000146,-0.01302506103123929
4.5333333333333483,-0.011149274742112638
4.5416666666666821,-0.0092209446576420485
4.5500000000000158,-0.0084177551298035592
4.5583333333333496,-0.0087384095103095263
4.5666666666666833,-0.0091415716895850829
4.5750000000000171,-0.0084472517985340976
4.5833333333333508,-0.0066545036929629413
4.5916666666666845,-0.0048024616412793509
4.6000000000000183,-0.0040689740535373581
4.608333333333352,-0.0044528428193770916
4.6166666666666858,-0.0049127915764170371
4.6250000000000195,-0.0042688757194396226
4.6333333333333533,-0.0025202296609560049
4.641666666666687,-0.00070608513462022096
4.6500000000000208,-4.3684727600569876e-06
4.6583333333333545,-0.0004139246166499675
4.6666666666666883,-0.00089350431463552015
4.675000000000022,-0.00026317820629949564
4.6833333333333558,0.0014778947499701504
4.6916666666666895,0.0032904618170938199
4.7000000000000233,0.0039965966758583864
4.708333333333357,0.003597465222872472
4.7166666666666908,0.002092570933112825
4.7250000000000245,0.00052151398362378499
4.7333333333333583,6.2585851105730419e-05
4.741666666666692,0.0007149950416140224
4.7500000000000258,0.0014378564173633652
4.7583333333333595,0.0010516058576279298
4.7666666666666933,-0.00044423215160667093
4.775000000000027,-0.0020100374606728923
4.7833333333333607,-0.0024675105595243054
4.7916666666666945,-0.0018174424604905806
4.8000000000000282,-5.8960878905060077e-05
4.808333333333362,0.0017687089205479286
4.8166666666666957,0.0024876596980859911
4.8250000000000295,0.0020990749976898117
4.8333333333333632,0.00060247512775996623
4.841666666666697,-0.00096252255689155061
4.8500000000000307,-0.0014176162998012633
4.8583333333333645,-0.00076359284204664184
4.8666666666666982,0.0010004249299271544
4.875000000000032,0.0028352187979674634
4.8833333333333657,0.0035628943496658965
4.8916666666666995,0.0031846493917268223
4.9000000000000332,0.0017000190851254242
4.908333333333367,0.00014863557318041078
4.9166666666667007,-0.00029117955892107373
4.9250000000000345,0.00037981058783311575
4.9333333333333682,0.0011207486822537947
4.941666666666702,0.00075209735513014
4.9500000000000357,-0.00072659231261423081
4.9583333333333695,-0.0022756742359044172
4.9666666666667032,-0.0027168243430090193
4.9750000000000369,-0.0020508092989422974
4.9833333333333707,-0.0002767326113142809
4.9916666666667044,0.0015662043034428126
5.0000000000000382,0.0023001168729220776
5.0083333333333719,0.0019262108907165995
5.0166666666667057,0.00044402882490066759
5.0250000000000394,-0.0011067899847782914
5.0333333333333732,-0.0015479225682883573
5.0416666666667069,-0.00088013481199655558
5.0500000000000407,-0.00014428776932859548
5.0583333333333744,-0.00051992641033704948
5.0666666666667082,-0.0020075093418529129
5.0750000000000419,-0.0035674041218191599
5.0833333333333757,-0.0040213067891107408
5.0916666666667094,-0.0033700040229133164
5.1000000000000432,-0.0016126200530618365
5.1083333333333769,0.00021162258153425208
5.1166666666667107,0.00092481124786315686
5.1250000000000444,0.00052811917343991745
5.1333333333333782,-0.00097894448153262111
5.1416666666667119,-0.0025567760879277248
5.1500000000000457,-0.0030270953195217082
5.1583333333333794,-0.0023907128604623395
5.1666666666667131,-0.00064677639648186096
5.1750000000000469,0.0011654682637709422
5.1833333333333806,0.0018680902427935986
5.1916666666667144,0.0014622479264561027
5.2000000000000481,-5.2563876761879154e-05
5.2083333333333819,-0.001636753952201381
5.2166666666667156,-0.0021120498101863455
5.2250000000000494,-0.0014792689742310551
5.2333333333333831,0.00026243452417263528
5.2416666666667169,0.0020738097087320932
5.2500000000000506,0.0027769253596574613
5.2583333333333844,0.0023729415576726814
5.2666666666667181,0.00086135529342618858
5.2750000000000519,-0.00071823920568382551
5.2833333333333856,-0.0011875620583797811
5.2916666666667194,-0.00054742118741487212
5.3000000000000531,0.0012030394640056056
5.3083333333333869,0.0030245812617347208
5.3166666666667206,0.0037392904793390968
5.3250000000000544,0.0033483456289212701
5.3333333333333881,0.0018512626647104941
5.3416666666667219,0.00028765445700510762
5.3500000000000556,-0.00016417594712487987
5.3583333333333893,0.00049499043634317768
5.3666666666667231,0.0012242785495926657
5.3750000000000568,0.00084413365569047918
5.3833333333333906,-0.00064591046555422839
5.3916666666667243,-0.0022062248114727832
5.4000000000000581,-0.0026585020064089269
5.4083333333333918,-0.0020035253876211339
5.4166666666667256,-0.0002404150997350973
5.4250000000000593,0.0015916108982506646
5.4333333333333931,0.0023146516975959966
5.4416666666667268,0.0019298967938680518
5.4500000000000606,0.00043687235704907101
5.4583333333333943,-0.0011247985375142488
5.4666666666667281,-0.0015768092030884614
5.4750000000000618,-0.00091994186217746502
5.4833333333333956,0.00084668503241942653
5.4916666666667293,0.0026838572736417755
5.5000000000000631,0.003413683612022698
5.5083333333333968,0.0030373649234683225
5.5166666666667306,0.001554439358018125
5.5250000000000643,4.5421295229714479e-06
5.5333333333333981,-0.00043400277214307366
5.5416666666667318,0.00023804336307013549
5.5500000000000655,0.00097982481035413147
5.5583333333333993,0.00061180535665188824
5.566666666666733,-0.00086646288320934022
5.5750000000000668,-0.0024153331269231868
5.5833333333334005,-0.0028564812941834672
5.5916666666667343,-0.0021906741368061789
5.600000000000068,-0.00041701532465098401
5.6083333333334018,0.001425293410371845
5.6166666666667355,0.0021583664314279785
5.6250000000000693,0.0017834081168407402
5.633333333333403,0.00029995944296664495
5.6416666666667368,-0.0012523418743002764
5.6500000000000705,-0.0016951751699246537
5.6583333333334043,-0.0010293089766501141
5.666666666666738,-0.00029560697292963742
5.6750000000000718,-0.00067361719061092434
5.6833333333334055,-0.0021638016930917154
5.6916666666667393,-0.0037265321136730235
5.700000000000073,-0.0041835093839403138
5.7083333333334068,-0.0035355249144586984
5.7166666666667405,-0.0017817077552706158
5.7250000000000743,3.8714850645321823e-05
5.733333333333408,0.00074782472219664354
5.7416666666667417,0.00034678878677727181
5.7500000000000755,-0.00012313108568179457
5.7583333333334092,0.00051800904716303503
5.766666666666743,0.0022710656353348833
5.7750000000000767,0.0040968043622221229
5.7833333333334105,0.0048173218598120075
5.7916666666667442,0.0044338065243695567
5.800000000000078,0.002945784796967557
5.8083333333334117,0.0013928782837686281
5.8166666666667455,0.00095340355286546057
5.8250000000000792,0.0016265988168747642
5.833333333333413,0.0023716109282860835
5.8416666666667467,0.002008910816769612
5.8500000000000805,0.00053805773217764457
5.8583333333334142,-0.0010012921703574471
5.866666666666748,-0.0014307986797629322
5.8750000000000817,-0.00075121016972277174
5.8833333333334155,-3.3701864268057588e-06
5.8916666666667492,-0.00036680582913317943
5.900000000000083,-0.0018419575144256197
5.9083333333334167,-0.0033891740137374925
5.9166666666667505,-0.003830131687821964
5.9250000000000842,-0.0031655976265131782
5.9333333333334179,-0.0013946763691683301
5.9416666666667517,0.00044342909375526436
5.9500000000000854,0.0011708267456195058
5.9583333333334192,0.00078871137371820047
5.9666666666667529,-0.00070338616344630756
5.9750000000000867,-0.0022658399073501581
5.9833333333334204,-0.0027203458118533618
5.9916666666667542,-0.0020676906020932265
6.0000000000000879,-0.00030699784322502988
6.0083333333334217,0.0015225110169348409
6.0166666666667554,0.0022429312286440508
6.0250000000000892,0.0018554482777727195
6.0333333333334229,0.00035958428437930269
6.0416666666667567,-0.0012050417868765366
6.0500000000000904,-0.0016601277240227191
6.0583333333334242,-0.0010064604180516138
6.0666666666667579,0.0007568369666793983
6.0750000000000917,0.0025905452981411217
6.0833333333334254,0.0033167679024862541
6.0916666666667592,0.0029367001368008909
6.1000000000000929,0.0014498745767659528
6.1083333333334267,-0.00010407907467020363
6.1166666666667604,-0.00054684280061669335
6.1250000000000941,0.00012081571477547249
6.1333333333334279,0.00085803420480844498
6.1416666666667616,0.00048526954413277424
6.1500000000000954,-0.00099793319179465947
6.1583333333334291,-0.0025519345824280824
6.1666666666667629,-0.0029984185677487049
6.1750000000000966,-0.0023381600064401359
6.1833333333334304,-0.00057027075024164431
6.1916666666667641,0.0012660391727946896
6.2000000000000979,0.0019928750248092235
6.2083333333334316,0.0016114316462805126
6.2166666666667654,0.00012124038290892912
6.2250000000000991,-0.0014380708616873376
6.2333333333334329,-0.0018881920818709767
6.2416666666667666,-0.001229902870928075
6.2500000000001004,0.00053768078200108294
6.2583333333334341,0.0023753463900820014
6.2666666666667679,0.0031052027241062355
6.2750000000001016,0.002728450369093124
6.2833333333334354,0.0012446270160289266
6.2916666666667691,-0.00030663247559570858
6.3000000000001029,-0.00074700588201409362
6.3083333333334366,-7.7257434779084503e-05
6.3166666666667703,0.0006617538363881875
6.3250000000001041,0.00029048742384569804
6.3333333333334378,-0.0011915092295070122
6.3416666666667716,-0.0027445948754177031
6.3500000000001053,-0.0031904525891547036
6.3583333333334391,-0.002529856413239794
6.3666666666667728,-0.00076191748779911813
6.3750000000001066,0.0010741547349340152
6.3833333333334403,0.001800465081590312
6.3916666666667741,0.0014182073951344526
6.4000000000001078,-7.3088078908412264e-05
6.4083333333334416,-0.0016337948022470423
6.4166666666667753,-0.0020856050694582854
6.4250000000001091,-0.0014293011386504115
6.4333333333334428,0.00033599823168778886
6.4416666666667766,0.0021710773765264528
6.4500000000001103,0.0028980407865849883
6.4583333333334441,0.0025180844774349443
6.4666666666667778,0.0010307414561119145
6.4750000000001116,-0.00052435808783070912
6.4833333333334453,-0.00096889757777592024
6.4916666666667791,-0.00030364763373807557
6.5000000000001128,0.00043052614374125049
6.5083333333334465,5.407598018227317e-05
6.5166666666667803,-0.0014334583066014563
6.525000000000114,-0.0029924438130540551
6.5333333333334478,-0.0034445731877862534
6.5416666666667815,-0.0027906300640275208
6.5500000000001153,-0.0010297353091791002
6.558333333333449,0.00079889181878321368
6.5666666666667828,0.0015173449568856444
6.5750000000001165,0.0011268058593117683
6.5833333333334503,-0.00037320747252394469
6.591666666666784,-0.0019430812228452272
6.6000000000001178,-0.0024045218688723575
6.6083333333334515,-0.0017583263372932805
6.6166666666667853,-3.6282228311795199e-06
6.625000000000119,0.0018203414297572342
6.6333333333334528,0.0025356698995930597
6.6416666666667865,0.0021435353453240803
6.6500000000001203,0.00064345271337389715
6.658333333333454,-0.0009249659637988512
6.6666666666667878,-0.001383424052182501
6.6750000000001215,-0.00073271331561428966
6.6833333333334553,0.0010280383557226696
6.691666666666789,0.0028596078301368162
6.7000000000001227,0.003584095929922653
6.7083333333334565,0.0032026956954549681
6.7166666666667902,0.0017149375307322745
6.725000000000124,0.00016044882475730568
6.7333333333334577,-0.00028245351166634655
6.7416666666667915,0.00038546280137281109
6.7500000000001252,0.0011233358235123682
6.758333333333459,0.00075162359259944834
6.7666666666667927,-0.00073012740218986096
6.7750000000001265,-0.0022822756660757855
6.7833333333334602,-0.0027265017381583974
6.791666666666794,-0.0020635769092442911
6.8000000000001277,-0.00029260931686677077
6.8083333333334615,0.0015471949882014807
6.8166666666667952,0.0022779467178545986
6.825000000000129,0.0019008468984490837
6.8333333333334627,0.00041543321662105312
6.8416666666667965,-0.0011386597825922824
6.8500000000001302,-0.0015831140547607563
6.858333333333464,-0.00091870049164985868
6.8666666666667977,0.00085547377881108055
6.8750000000001315,0.0027002058661009516
6.8833333333334652,0.0034376158949076595
6.8916666666667989,0.0030689161602690056
6.9000000000001327,0.0015936562500672507
6.9083333333334664,5.1482762900700301e-05
6.9166666666668002,-0.00037926877752501246
6.9250000000001339,0.00030065205001217701
6.9333333333334677,0.0010504013152522452
6.9416666666668014,0.00069045480158716293
6.9500000000001352,-0.00077962331397919042
6.9583333333334689,-0.0023201740013133439
6.9666666666668027,-0.0027528604947678419
6.9750000000001364,-0.0020784367711614237
6.9833333333334702,-0.00029599367254280198
6.9916666666668039,0.0015552799886075124
7.0000000000001377,0.0022975121308572662
7.0083333333334714,0.0019319210287440547
7.0166666666668052,0.00045806163620169365
7.0250000000001389,-0.0010844142396264609
7.0333333333334727,-0.0015171711068126662
7.0416666666668064,-0.00084096226863337878
7.0500000000001402,-9.663620402967922e-05
7.0583333333334739,-0.00046372520849505858
7.0666666666668077,-0.0019426751137889208
7.0750000000001414,-0.003493840474942772
7.0833333333334751,-0.0039389039638950398
7.0916666666668089,-0.0032786389140378545
7.1000000000001426,-0.0015121561667999054
7.1083333333334764,0.00032133503964360216
7.1166666666668101,0.0010439358522702446
7.1250000000001439,0.00065683373130391522
7.1333333333334776,-0.0008404478616797753
7.1416666666668114,-0.0024082906740076236
7.1500000000001451,-0.0028683990504803267
7.1583333333334789,-0.002221568229431709
7.1666666666668126,-0.00046693036753515265
7.1750000000001464,0.0013562843559618652
7.1833333333334801,0.0020701616200710219
7.1916666666668139,0.0016758769086037879
7.2000000000001476,0.00017294224282016202
7.2083333333334814,-0.0013990336886221359
7.2166666666668151,-0.0018617598366495649
7.2250000000001489,-0.0012160346903262347
7.2333333333334826,0.0005390068833064799
7.2416666666668164,0.0023641335754126655
7.2500000000001501,0.0030814353352045911
7.2583333333334838,0.0026920938675560318
7.2666666666668176,0.0011956279615536404
7.2750000000001513,-0.00036834636938914706
7.2833333333334851,-0.00082152593568283496
7.2916666666668188,-0.00016469421159140488
7.3000000000001526,0.0016030294947616613
7.3083333333334863,0.0034424324266689888
7.3166666666668201,0.0041756290182448086
7.3250000000001538,0.0038038260410616356
7.3333333333334876,0.0023265679627923527
7.3416666666668213,0.00078349551916939838
7.3500000000001551,0.00035294164680024255
7.3583333333334888,0.0010341575252008851
7.3666666666668226,0.0017863013676884104
7.3750000000001563,0.001429853492650862
7.3833333333334901,-3.5617114143680098e-05
7.3916666666668238,-0.0015704452074700168
7.4000000000001576,-0.0019962842043689476
7.4083333333334913,-0.0013138773287839122
7.4166666666668251,-0.00056406285602293282
7.4250000000001588,-0.00092636429343614316
7.4333333333334926,-0.0024012200198036573
7.4416666666668263,-0.0039489790294065111
7.45000000000016,-0.0043913207812336938
7.4583333333334938,-0.0037290148062587535
7.4666666666668275,-0.0019611683950796193
7.4750000000001613,-0.00012698696294518815
7.483333333333495,0.00059563216699754819
7.4916666666668288,0.00020787599621924449
7.5000000000001625,-0.0012907327059388514
7.5083333333334963,-0.0028605776087827703
7.51666666666683,-0.0033233672384583527
7.5250000000001638,-0.0026799011678357784
7.5333333333334975,-0.00092931613457645211
7.5416666666668313,0.00088915281461875693
7.550000000000165,0.0015975840766831301
7.5583333333334988,0.0011971444643295371
7.5666666666668325,-0.00031266292678541849
7.5750000000001663,-0.0018922390415641902
7.5833333333335,-0.0023633048231427706
7.5916666666668338,-0.0017266716198227059
7.6000000000001675,1.85125767266051e-05
7.6083333333335013,0.0018330024007894602
7.616666666666835,0.0025388709342402099
7.6250000000001688,0.0021372821400666947
7.6333333333335025,0.00062773676455979823
7.6416666666668362,-0.00095016733368737268
7.65000000000017,-0.0014181477520643555
7.6583333333335037,-0.00077701055890361584
7.6666666666668375,0.00097410203549997982
7.6750000000001712,0.0027959524684672207
7.683333333333505,0.0035106268184153886
7.6916666666668387,0.0031193033016345736
7.7000000000001725,0.0016214974510126278
7.7083333333335062,5.6821888191529226e-05
7.71666666666684,-0.00039642162830752731
7.7250000000001737,0.00026098361426117638
7.7333333333335075,0.00098815993174616716
7.7416666666668412,0.00060554921963430286
7.750000000000175,-0.00088731829035793388
7.7583333333335087,-0.0024508177059126778
7.7666666666668425,-0.0029066469595062211
7.7750000000001762,-0.002255594887585745
7.78333333333351,-0.00049678726691035205
7.7916666666668437,0.001330552056001795
7.8000000000001775,0.002048514928625652
7.8083333333335112,0.0016582829408792648
7.816666666666845,0.00015937421134411153
7.8250000000001787,-0.0014085965049741597
7.8333333333335124,-0.0018673321612398637
7.8416666666668462,-0.0012176252627263686
7.8500000000001799,0.00054139530320641838
7.8583333333335137,0.0023705041959130747
7.8666666666668474,0.0030917973480181927
7.8750000000001812,0.0027064624697919169
7.8833333333335149,0.0012140243640934587
7.8916666666668487,-0.00034589495960642136
7.9000000000001824,-0.00079498624255712339
7.9083333333335162,-0.00013402681381602621
7.9166666666668499,0.00059611115239914254
7.9250000000001837,0.00021587383193550318
7.9333333333335174,-0.0012752047371648986
7.9416666666668512,-0.0028374969310633936
7.9500000000001849,-0.0032926998881434386
7.9583333333335187,-0.002641601760282115
7.9666666666668524,-0.00088332784963573801
7.9750000000001862,0.00094289821406146209
7.9833333333335199,0.0016591664655542383
7.9916666666668537,0.0012666555351889385
8.0000000000001865,-0.00023511962598816912
8.0083333333335194,-0.0018065479985361497
8.0166666666668522,-0.0022693381809963291
8.0250000000001851,-0.0016242890346024759
8.033333333333518,0.00012946398418561583
8.0416666666668508,0.0019526881868263131
8.0500000000001837,0.0026674699239542113
8.0583333333335165,0.0022749866742878674
8.0666666666668494,0.00077475277494791365
8.0750000000001823,-0.0007936202796661831
8.0833333333335151,-0.0012518357738808736
8.091666666666848,-0.00060068501931784897
8.1000000000001808,0.0011607046151435861
8.1083333333335137,0.0029931108999235023
8.1166666666668466,0.0037186362980684028
8.1250000000001794,0.0033384755540262741
8.1333333333335123,0.001852160850484251
8.1416666666668451,0.0002993212390450836
8.150000000000178,-0.0001417240941076281
8.1583333333335109,0.00052826000385770584
8.1666666666668437,0.0012684146964325124
8.1750000000001766,0.00089920158359431607
8.1833333333335094,-0.00057982918692596149
8.1916666666668423,-0.0021290321363598846
8.2000000000001751,-0.0025700830799051024
8.208333333333508,-0.0019037484393663231
8.2166666666668409,-0.00012913140011538076
8.2250000000001737,0.0017145671308428836
8.2333333333335066,0.0024494638823128953
8.2416666666668394,0.0020767662888804017
8.2500000000001723,0.00059601854045165849
8.2583333333335052,-0.00095313819045153656
8.266666666666838,-0.0013923783872123786
8.2750000000001709,-0.00072246499775972545
8.2833333333335037,1.5743870553618107e-05
8.2916666666668366,-0.00035729333940112803
8.3000000000001695,-0.0018420314378677016
8.3083333333335023,-0.0033988335646885103
8.3166666666668352,-0.0038493904812641564
8.325000000000168,-0.0031944837228228577
8.3333333333335009,-0.0014332322814501197
8.3416666666668338,0.00039514645737527489
8.3500000000001666,0.0011127459171912375
8.3583333333334995,0.00072074613711345609
8.3666666666668323,-0.00078133680982860174
8.3750000000001652,-0.0023538919009165409
8.3833333333334981,-0.002818630422657399
8.3916666666668309,-0.0021763545341184497
8.4000000000001638,-0.00042620328449294938
8.4083333333334966,0.0013925863148028996
8.4166666666668295,0.0021020933323625903
8.4250000000001624,0.0017034867294507402
8.4333333333334952,0.00019627201893600949
8.4416666666668281,-0.0013799485755845563
8.4500000000001609,-0.0018468903540453832
8.4583333333334938,-0.0012053581206422285
8.4666666666668267,0.00054550695149673651
8.4750000000001595,0.0023664672792665276
8.4833333333334924,0.003079606570715153
8.4916666666668252,0.0026861002775687799
8.5000000000001581,0.0011854609319743724
8.508333333333491,-0.00038270169211036223
8.5166666666668238,-0.00084009067941410553
8.5250000000001567,-0.00018749582592618224
8.5333333333334895,0.0015759572301454854
8.5416666666668224,0.0034110493232599425
8.5500000000001553,0.0041398883141124951
8.5583333333334881,0.003763674384008982
8.566666666666821,0.0022819453873608037
8.5750000000001538,0.00073433553130947018
8.5833333333334867,0.00029917105062563214
8.5916666666668196,0.00097569618811765304
8.6000000000001524,0.0017230620863243821
8.6083333333334853,0.0013617417905111354
8.6166666666668181,-0.00010870298732269889
8.625000000000151,-0.0016486143680595616
8.6333333333334838,-0.002079653482831199
8.6416666666668167,-0.0014025714118928944
8.6500000000001496,-0.00065821422491075957
8.6583333333334824,-0.0010261134660132108
8.6666666666668153,-0.0025067158360838212
8.6750000000001481,-0.0040603791077186346
8.683333333333481,-0.0045087920936958785
8.6916666666668139,-0.003852733534976476
8.7000000000001467,-0.0020913199954882924
8.7083333333334796,-0.00026376600158086074
8.7166666666668124,0.00045202138698761067
8.7250000000001453,5.7218783892998825e-05
8.7333333333334782,-0.0014486615083874924
8.741666666666811,-0.0030260140972412086
8.7500000000001439,-0.0034965592650628278
8.7583333333334767,-0.0028611083579530208
8.7666666666668096,-0.0011188099794138169
8.7750000000001425,0.0006910889500905444
8.7833333333334753,0.0013906539957984844
8.7916666666668082,0.00098103845872284318
8.800000000000141,0.00050349065510392043
8.8083333333334739,0.0011379425494297652
8.8166666666668068,0.002885239930686618
8.8250000000001396,0.0047061407432170124
8.8333333333334725,0.0054227374071040869
8.8416666666668053,0.0050362130635703099
8.8500000000001382,0.0035460892372861453
8.8583333333334711,0.0019919810582086708
8.8666666666668039,0.0015522011945258271
8.8750000000001368,0.0022259877903392888
8.8833333333334696,0.002972489696834015
8.8916666666668025,0.0026121819160943673
8.9000000000001354,0.0011446269297528846
8.9083333333334682,-0.00039051566903058893
8.9166666666668011,-0.00081489942908743443
8.9250000000001339,-0.00012926465921111823
8.9333333333334668,0.00062555347475470098
8.9416666666667997,0.00027003815988645548
8.9500000000001325,-0.001196239530084246
8.9583333333334654,-0.0027336147756837894
8.9666666666667982,-0.0031637470732675185
8.9750000000001311,-0.0024873868203235351
8.983333333333464,-0.00070362150325388993
8.9916666666667968,0.0011483630396927175
9.0000000000001297,0.001890695524143675
9.0083333333334625,0.0015245939229560725
9.0166666666667954,4.9612671394889512e-05
9.0250000000001283,-0.0014945973841588513
9.0333333333334611,-0.0019297036480559178
9.041666666666794,-0.0012564632095676644
9.0500000000001268,-0.0005157282292931883
9.0583333333334597,-0.00088703590574417974
9.0666666666667926,-0.0023708381298209792
9.0750000000001254,-0.0039274972534358811
9.0833333333334583,-0.0043787059750836398
9.0916666666667911,-0.0037252471569409083
9.100000000000124,-0.0019662414108123634
9.1083333333334568,-0.00014090742160554888
9.1166666666667897,0.00057284423300903121
9.1250000000001226,0.00017618724722981335
9.1333333333334554,-0.0013313689347506789
9.1416666666667883,-0.002910221404586787
9.1500000000001211,-0.0033820923364541768
9.158333333333454,-0.0027477949901916878
9.1666666666667869,-0.0010064798201221683
9.1750000000001197,0.00080260443013154892
9.1833333333334526,0.0015015220845068832
9.1916666666667854,0.0010914255894021042
9.2000000000001183,0.00061356236845392406
9.2083333333334512,0.0012478637607629493
9.216666666666784,0.0029951752168038913
9.2250000000001169,0.0048162549112518863
9.2333333333334497,0.0055331961369064894
9.2416666666667826,0.0051471826711101138
9.2500000000001155,0.0036577367375562435
9.2583333333334483,0.0021044738204832186
9.2666666666667812,0.0016657074068084682
9.275000000000114,0.0023406772293591881
9.2833333333334469,0.0030885341749132258
9.2916666666667798,0.0027297556899677604
9.3000000000001126,0.0012639064845999799
9.3083333333334455,-0.00026935163714874276
9.3166666666667783,-0.00069166947373901732
9.3250000000001112,-3.7841613288282564e-06
9.3333333333334441,0.00075347242844125408
9.3416666666667769,0.0004005871709593652
9.3500000000001098,-0.0010628649933401943
9.3583333333334426,-0.0025972150123944626
9.3666666666667755,-0.0030241174838191369
9.3750000000001084,-0.002344317865639778
9.3833333333334412,-0.0015986554173402705
9.3916666666667741,-0.0019666575443732224
9.4000000000001069,-0.0034487705243984911
9.4083333333334398,-0.0050053565139140761
9.4166666666667727,-0.0054581137119747393
9.4250000000001055,-0.0048078280185987563
9.4333333333334384,-0.003053623689072262
9.4416666666667712,-0.0012347213003981569
9.4500000000001041,-0.00052903866868003486
9.458333333333437,-0.00093541535475127912
9.4666666666667698,-0.0014125976517525383
9.4750000000001027,-0.00078065314578972943
9.4833333333334355,0.0009612621615171941
9.4916666666667684,0.0027738969178291127
9.5000000000001013,0.0034793233279964736
9.5083333333334341,0.003078705680592177
9.516666666666767,0.0015715455576091081
9.5250000000000998,-2.5583025222781141e-06
9.5333333333334327,-0.00046531821762642225
9.5416666666667656,0.00018246822092219609
9.5500000000000984,0.0019416677755871577
9.5583333333334313,0.0037730550556309755
9.5666666666667641,0.0044987337579177385
9.575000000000097,0.004119899699946185
9.5833333333334298,0.0026360865694979381
9.5916666666667627,0.0010869238352304467
9.6000000000000956,0.00065073455839657185
9.6083333333334284,0.0013267616728541984
9.6166666666667613,0.0020741558856273851
9.6250000000000941,0.0017133909747784877
9.633333333333427,0.00024402927469545813
9.6416666666667599,-0.0012942702508072291
9.6500000000000927,-0.0017231659685709912
9.6583333333334256,-0.0010434055191089586
9.6666666666667584,-0.00029583170000646711
9.6750000000000913,-0.00065997173660340672
9.6833333333334242,-0.0021362669229716452
9.691666666666757,-0.0036850680460402381
9.7000000000000899,-0.0041280549938336646
9.7083333333334227,-0.0034659980988354044
9.7166666666667556,-0.0016980053068281246
9.7250000000000885,0.0001367171170637663
9.7333333333334213,0.00086027233609566132
9.7416666666667542,0.0004738490413901459
9.750000000000087,-0.0010230281698104995
9.7583333333334199,-0.0025907403803061661
9.7666666666667528,-0.0030509921805358985
9.7750000000000856,-0.0024045791469034829
9.7833333333334185,-0.00065063387307578513
9.7916666666667513,0.001171612874613406
9.8000000000000842,0.0018842452217826102
9.8083333333334171,0.0014884365864186956
9.8166666666667499,-1.6303175853971585e-05
9.8250000000000828,-0.0015903677858740126
9.8333333333334156,-0.002055469517279107
9.8416666666667485,-0.0014124105555149659
9.8500000000000814,0.0003396704335974581
9.8583333333334142,0.0021615379417158779
9.8666666666667471,0.0028752766344281953
9.8750000000000799,0.0024820626460685218
9.8833333333334128,0.00098140908096220063
9.8916666666667457,-0.00058707372974569109
9.9000000000000785,-0.001045089263515722
9.9083333333334114,-0.00039342839324143998
9.9166666666667442,0.0013687820591788979
9.9250000000000771,0.0032023210532588563
9.93333333333341,0.0039292934059205666
9.9416666666667428,0.0035508962641876787
9.9500000000000757,0.0020666643303964066
9.9583333333334085,0.00051622894793729233
9.9666666666667414,7.7912545480975516e-05
9.9750000000000743,0.00075095450457247459
9.9833333333334071,0.0014945006286072092
9.99166666666674,0.0011290178812339883
10.000000000000073,-0.00034593813245502487
10.008333333333406,-0.0018907160257962232
10.016666666666739,-0.0023269845656207163
10.025000000000071,-0.0016555028380191351
10.033333333333404,0.00012463343608684534
10.041666666666737,0.0019742311788622036
10.05000000000007,0.0027154163174887545
10.058333333333403,0.0023494060187901266
10.066666666666736,0.00087575435288144224
10.075000000000069,-0.00066588751579707735
10.083333333333401,-0.001097182787635207
10.091666666666734,-0.00041888230900793397
10.100000000000067,0.00032816801327893681
10.1083333333334,-3.556026738385056e-05
10.116666666666733,-0.0015105082069758935
10.125000000000066,-0.0030570240607533748
10.133333333333399,-0.0034967819927618393
10.141666666666731,-0.0028305470761040706
10.150000000000064,-0.0010574216508345943
10.158333333333397,0.00078339348555688199
10.16666666666673,0.001514010253101859
10.175000000000063,0.001135628639886665
10.183333333333396,-0.00035221511192584946
10.191666666666729,-0.0019098889474514174
10.200000000000061,-0.0023590809989577875
10.208333333333394,-0.0017005697744771054
10.216666666666727,6.6529570520621698e-05
10.22500000000006,0.0019030044856076602
10.233333333333393,0.0026309611154769381
10.241666666666726,0.0022515966765687774
10.250000000000059,0.00076444523320543466
10.258333333333391,-0.00079086204803626727
10.266666666666724,-0.0012360088546944494
10.275000000000057,-0.00057176689132025916
10.28333333333339,0.0001609970208971398
10.291666666666723,-0.00021726692685895146
10.300000000000056,-0.0017070214652260788
10.308333333333389,-0.0032686371526936399
10.316666666666721,-0.0037238114953518624
10.325000000000054,-0.0030733328877953284
10.333333333333387,-0.0013163271109258034
10.34166666666672,0.00050798166177813946
10.350000000000053,0.0012216806810238269
10.358333333333386,0.00082594425670292325
10.366666666666719,-0.00067971721289194283
10.375000000000052,-0.0022556981317811099
10.383333333333384,-0.0027237147120048547
10.391666666666717,-0.0020845739710921704
10.40000000000005,-0.0003374197645621054
10.408333333333383,0.0014785061969504742
10.416666666666716,0.0021852787560641281
10.425000000000049,0.0017840628594104348
10.433333333333382,0.00027436004788661727
10.441666666666714,-0.0013042313295360734
10.450000000000047,-0.0017734300690384745
10.45833333333338,-0.0011340443106569009
10.466666666666713,0.00061478147620054916
10.475000000000046,0.0024338065762656087
10.483333333333379,0.0031451119416516528
10.491666666666712,0.002749870339364508
10.500000000000044,0.0012475916512369749
10.508333333333377,-0.00032211699808475439
10.51666666666671,-0.00078096104978659731
10.525000000000043,-0.00012973244096746114
10.533333333333376,0.0016324410802693828
10.541666666666709,0.0034663384423123753
10.550000000000042,0.0041940659153672736
10.558333333333374,0.0038168220683557469
10.566666666666707,0.0023341431725325706
10.57500000000004,0.00078566178021628123
10.583333333333373,0.00034970270655517073
10.591666666666706,0.001025509037095543
10.600000000000039,0.0017722308718438968
10.608333333333372,0.0014103403768474616
10.616666666666704,-6.0601621148147604e-05
10.625000000000037,-0.0016009380539278274
10.63333333333337,-0.0020323306329311525
10.641666666666703,-0.0013555309391607606
10.650000000000036,-0.00061138557338454534
10.658333333333369,-0.00097942647330000882
10.666666666666702,-0.0024601005805645229
10.675000000000034,-0.0040137656989619472
10.683333333333367,-0.0044621104296411491
10.6916666666667,-0.003805913380511847
10.700000000000033,-0.0020442909564617096
10.708333333333366,-0.0002164575746083503
10.716666666666699,0.0004996800499187555
10.725000000000032,0.00010529910659907249
10.733333333333364,-0.0014000875013915461
10.741666666666697,-0.0029768736273010155
10.75000000000003,-0.003446778550981802
10.758333333333363,-0.0028106126221376466
10.766666666666696,-0.0010675234207970106
10.775000000000029,0.00074324316073474494
10.783333333333362,0.0014437539778881987
10.791666666666694,0.0010351638052595784
10.800000000000027,0.00055872241578801773
10.80833333333336,0.0011943633590516831
10.816666666666693,0.0029429341466698442
10.825000000000026,0.0047651947383033286
10.833333333333359,0.0054832399131865255
10.841666666666692,0.0050982550575771153
10.850000000000025,0.0036097639764772114
10.858333333333357,0.002057383879163403
10.86666666666669,0.0016194297684574421
10.875000000000023,0.0022951425616878733
10.883333333333356,0.0030436741512396533
10.891666666666689,0.0026855028320680627
10.900000000000022,0.0012201942533776047
10.908333333333355,-0.00031258883775077525
10.916666666666687,-0.00073449649754682813
10.92500000000002,-4.6265273831275138e-05
10.933333333333353,0.00071127350598201985
10.941666666666686,0.00035860712730931851
10.950000000000019,-0.0011046891164491661
10.958333333333352,-0.0026389459356399364
10.966666666666685,-0.0030658178968072792
10.975000000000017,-0.0023860504379851454
10.98333333333335,-0.001640482720348624
10.991666666666683,-0.0020086421654222203
11.000000000000016,-0.0034909752604205058
11.008333333333349,-0.0050478446122696908
11.016666666666682,-0.005500949099228266
11.025000000000015,-0.0048510751724304517
11.033333333333347,-0.0030973476624639503
11.04166666666668,-0.001278987618786036
11.050000000000013,-0.00057391353833878848
11.058333333333346,-0.0009809659400800818
11.066666666666679,-0.0014588921728003769
11.075000000000012,-0.00082776100436099897
11.083333333333345,0.00091327039119821975
11.091666666666677,0.0027249493637267847
11.10000000000001,0.0034293465554479023
11.108333333333343,0.0030276246561665352
11.116666666666676,0.0015192836211102732
11.125000000000009,-5.6079407107393603e-05
11.133333333333342,-0.00052017857779062117
11.141666666666675,0.00012618647367396943
11.150000000000007,0.0018838804377317622
11.15833333333334,0.0037136756314610003
11.166666666666673,0.0044376731255215147
11.175000000000006,0.004057066143176323
11.183333333333339,0.0025713857427525342
11.191666666666672,0.0010202588898261514
11.200000000000005,0.00058200587098916178
11.208333333333337,0.0012558664872490983
11.21666666666667,0.0020009881241962132
11.225000000000003,0.0016378409955056955
11.233333333333336,0.0001659839038573044
11.241666666666669,-0.0013749277997035288
11.250000000000002,-0.0018065564626356984
11.258333333333335,-0.0011296538781795579
11.266666666666667,-0.00038506696861225523
11.275,-0.00075232733202141742
11.283333333333333,-0.0022318808802453713
11.291666666666666,-0.0037840834037106436
11.299999999999999,-0.0042306203004382238
11.308333333333332,-0.0035722673084911966
11.316666666666665,-0.0018081378348468818
11.324999999999998,2.255648516244023e-05
11.33333333333333,0.00074191290022449451
11.341666666666663,0.00035111368247591509
11.349999999999996,-0.0011503230543730271
11.358333333333329,-0.0027227852149050761
11.366666666666662,-0.0031879848582141365
11.374999999999995,-0.0025467250868308859
11.383333333333328,-0.00079814609364034733
11.39166666666666,0.0010185136886021265
11.399999999999993,0.0017253299582650101
11.408333333333326,0.0013234672414679167
11.416666666666659,-0.00018757358615545004
11.424999999999992,-0.0017681954684485527
11.433333333333325,-0.0022401207345040231
11.441666666666658,-0.0016041619377538115
11.44999999999999,0.00014053179117244635
11.458333333333323,0.0019547141477675419
11.466666666666656,0.002660457928728893
11.474999999999989,0.0022589270378777573
11.483333333333322,0.00074962222774895839
11.491666666666655,-0.00082785856857450009
11.499999999999988,-0.0012952322966890927
11.50833333333332,-0.00065330403073608062
11.516666666666653,0.0010987850776737695
11.524999999999986,0.0029217988714701363
11.533333333333319,0.0036378255257449349
11.541666666666652,0.003248045424268169
11.549999999999985,0.0017519763380678915
11.558333333333318,0.000189233031243603
11.56666666666665,-0.00026188000893968599
11.574999999999983,0.00039785721126520476
11.583333333333316,0.001127570487609303
11.591666666666649,0.00074770562851794904
11.599999999999982,-0.00074220310519149276
11.608333333333315,-0.0023025264493835703
11.616666666666648,-0.0027549572418618493
11.62499999999998,-0.0021002791142083251
11.633333333333313,-0.00033761255735660742
11.641666666666646,0.0014938240113882373
11.649999999999979,0.0022161287074479461
11.658333333333312,0.0018304898153847172
11.666666666666645,0.00033643224092223681
11.674999999999978,-0.0012264222950201036
11.68333333333331,-0.0016797689367562996
11.691666666666643,-0.0010243919791068931
11.699999999999976,0.00074058799880577953
11.708333333333309,0.0025759544032129822
11.716666666666642,0.0033038130106794253
11.724999999999975,0.0029253616217316115
11.733333333333308,0.0014401352495936868
11.74166666666664,-0.00011223396809919106
11.749999999999973,-0.000553425629746103
11.758333333333306,0.00011579493189232674
11.766666666666639,0.00085456779464862856
11.774999999999972,0.00048335216198939584
11.783333333333305,-0.00099830456619372601
11.791666666666638,-0.0025507606505997299
11.799999999999971,-0.0029956977118523373
11.808333333333303,-0.0023338882830136604
11.816666666666636,-0.00056444188925599875
11.824999999999969,0.0012734337654134796
11.833333333333302,0.002001846295340799
11.841666666666635,0.0016219929159353682
11.849999999999968,0.00013340735374038138
11.858333333333301,-0.0014242800972054668
11.866666666666633,-0.0018727569837067794
11.874999999999966,-0.0012128004215855399
11.883333333333299,0.00055647608513629101
11.891666666666632,0.0023958625691568856
11.899999999999965,0.0031274704247906465
11.908333333333298,0.0027525028918196715
11.916666666666631,0.00127050032938161
11.924999999999963,-0.00027889974607810851
11.933333333333296,-0.0007173723406753102
11.941666666666629,-4.5678818074204914e-05
11.949999999999962,0.00069532468964880626
11.958333333333295,0.0003261006702008826
11.966666666666628,-0.0011538003928309583
11.974999999999961,-0.0027047341086440429
11.983333333333293,-0.0031483802175049256
11.991666666666626,-0.0024855094117413935
11.999999999999959,-0.00071522945916080015
12.008333333333292,0.0011232535779263026
12.016666666666625,0.0018520481570810968
12.024999999999958,0.0014723519033795168
12.033333333333291,-1.6301126370859651e-05
12.041666666666623,-0.001574280508340685
12.049999999999956,-0.002023274378651684
12.058333333333289,-0.0013640607276231805
12.066666666666622,0.00040424598634262988
12.074999999999955,0.0022424345213441035
12.083333333333288,0.0029726141637094142
12.091666666666621,0.002595985839461923
12.099999999999953,0.0011120875088300784
12.108333333333286,-0.00043944569234822314
12.116666666666619,-0.00088029187406612542
12.124999999999952,-0.0002112160625133849
12.133333333333285,0.00052692180092901351
12.141666666666618,0.00015457988227521153
12.149999999999951,-0.0013286959040913616
12.158333333333283,-0.0028832662428059973
12.166666666666616,-0.0033308168325726249
12.174999999999949,-0.002672124350962759
12.183333333333282,-0.00090630264907465806
12.191666666666615,0.00092743604817393654
12.199999999999948,0.0016511930421118553
12.208333333333281,0.0012661581844255938
12.216666666666613,-0.00022814235154763353
12.224999999999946,-0.0017920863377789301
12.233333333333279,-0.002247371130241582
12.241666666666612,-0.0015947843093149108
12.249999999999945,0.00016654995894218092
12.258333333333278,0.0019974103067289606
12.266666666666611,0.0027198946034517266
12.274999999999944,0.00233519194711622
12.283333333333276,0.00084282832769411403
12.291666666666609,-0.00071757310991876083
12.299999999999942,-0.0011677036969708165
12.308333333333275,-0.00050834256616991212
12.316666666666608,0.0012613951341054991
12.324999999999941,0.0031022996675388226
12.333333333333274,0.0038364865692427875
12.341666666666606,0.0034651637287680575
12.349999999999939,0.0019878765450670344
12.358333333333272,0.00044426711516004852
12.366666666666605,1.266823802446083e-05
12.374999999999938,0.00069232931329078621
12.383333333333271,0.0014424060459271196
12.391666666666604,0.0010833751185803861
12.399999999999936,-0.00038519815346762176
12.408333333333269,-0.0019236527672746562
12.416666666666602,-0.0023536480616255561
12.424999999999935,-0.0016759337217238861
12.433333333333268,-0.00093135419030446469
12.441666666666601,-0.0012994401737819014
12.449999999999934,-0.0027806384849253943
12.458333333333266,-0.0043353082919297308
12.466666666666599,-0.0047851412425024987
12.474999999999932,-0.0041309183943011194
12.483333333333265,-0.0023717587819164637
12.491666666666598,-0.00054687904266082453
12.499999999999931,0.00016581026313502607
