Time,Theta
0.0083333333333333332,0.058218480554432489
0.016666666666666666,0.057826676175168894
0.025000000000000001,0.056412525718642366
0.033333333333333333,0.055013709600449004
0.041666666666666664,0.054806583563668507
0.049999999999999996,0.055790750507840284
0.058333333333333327,0.056927715047861795
0.066666666666666666,0.057040772830102372
0.074999999999999997,0.056130203577315144
0.083333333333333329,0.054194668003597436
0.09166666666666666,0.052271190264935978
0.099999999999999992,0.051535538651593688
0.10833333333333332,0.051986567966547721
0.11666666666666665,0.052584764343692809
0.12499999999999999,0.0521522990915931
0.13333333333333333,0.050688591919099413
0.14166666666666666,0.049231636044325365
0.14999999999999999,0.048958130387149523
0.15833333333333333,0.049867581695947863
0.16666666666666666,0.050921001993210542
0.17499999999999999,0.050941111755387944
0.18333333333333332,0.049928043908194268
0.19166666666666665,0.047880306156612949
0.19999999999999998,0.045835162037916502
0.20833333333333331,0.044968648673574016
0.21666666666666665,0.045279426436954401
0.22499999999999998,0.045727373336407487
0.23333333333333331,0.045133966676595971
0.24166666666666664,0.043498378813802523
0.24999999999999997,0.041858769356880418
0.2583333333333333,0.041392042129650745
0.26666666666666666,0.04209742404707853
0.27500000000000002,0.042935191727610622
0.28333333333333338,0.042727224375442789
0.29166666666666674,0.041473298896016447
0.3000000000000001,0.039171559474001347
0.30833333333333346,0.03685936766810903
0.31666666666666682,0.035712891439122089
0.32500000000000018,0.035730375086686861
0.33333333333333354,0.035870787292722521
0.3416666666666669,0.034954586529219969
0.35000000000000026,0.032980453438452698
0.35833333333333361,0.030986545722931962
0.36666666666666697,0.030149802681586766
0.37500000000000033,0.030468906652231027
0.38333333333333369,0.030903048707531307
0.39166666666666705,0.030272890046755711
0.40000000000000041,0.02857755985590861
0.40833333333333377,0.026855820655171229
0.41666666666666713,0.026285197322018124
0.42500000000000049,0.026864754180042548
0.43333333333333385,0.027553935989217283
0.44166666666666721,0.027173646018508892
0.45000000000000057,0.025723401399680906
0.45833333333333393,0.024242440821242637
0.46666666666666728,0.023908750364467182
0.47500000000000064,0.024721737988220267
0.483333333333334,0.025641123701480268
0.49166666666666736,0.025488082287675507
0.50000000000000067,0.024262481331930104
0.50833333333333397,0.021962540951227308
0.51666666666666727,0.019626321006291456
0.52500000000000058,0.018430665015132637
0.53333333333333388,0.018373713092155301
0.54166666666666718,0.018413733109075011
0.55000000000000049,0.017370369989129889
0.55833333333333379,0.015242135016867983
0.5666666666666671,0.013067520382532036
0.5750000000000004,0.012023773988248401
0.5833333333333337,0.012109248233458086
0.59166666666666701,0.012282301192395295
0.60000000000000031,0.011362645318419904
0.60833333333333361,0.0093489893750986885
0.61666666666666692,0.0072801019225391429
0.62500000000000022,0.0063334810655433843
0.63333333333333353,0.006507614343521307
0.64166666666666683,0.0067609261584073337
0.65000000000000013,0.0059131769642067197
0.65833333333333344,0.0039631919394380833
0.66666666666666674,0.0019498912828257505
0.67500000000000004,0.0010508984830152237
0.68333333333333335,0.0012647646237816106
0.69166666666666665,0.0015499480385245718
0.69999999999999996,0.00072622877814242787
0.70833333333333326,-0.0012075248963853568
0.71666666666666656,-0.0032123492728514053
0.72499999999999987,-0.0041106059191256435
0.73333333333333317,-0.0039037496494157982
0.74166666666666647,-0.0036333239773693846
0.74999999999999978,-0.0044795607586182199
0.75833333333333308,-0.006443618443720614
0.76666666666666639,-0.0084865932310731768
0.77499999999999969,-0.0094309403659150522
0.78333333333333299,-0.0092781914331278911
0.7916666666666663,-0.0090699271680130984
0.7999999999999996,-0.0099864212641569139
0.8083333333333329,-0.012028928890175766
0.81666666666666621,-0.014158716020879213
0.82499999999999951,-0.015198450621753958
0.83333333333333282,-0.015149817262830314
0.84166666666666612,-0.014012845324703569
0.84999999999999942,-0.012827555368265447
0.85833333333333273,-0.012772690035138409
0.86666666666666603,-0.013848063699895066
0.87499999999999933,-0.015013531578114995
0.88333333333333264,-0.015090338561431504
0.89166666666666594,-0.014078704904845285
0.89999999999999925,-0.013018839955208906
0.90833333333333255,-0.013089671567970116
0.91666666666666585,-0.014291199890463265
0.92499999999999916,-0.015583474697849029
0.93333333333333246,-0.01578794192232693
0.94166666666666576,-0.014905016216592185
0.94999999999999907,-0.013975086417692826
0.95833333333333237,-0.014177257012972134
0.96666666666666567,-0.015511721886809294
0.97499999999999898,-0.016938749233202707
0.98333333333333228,-0.01728001582088785
0.99166666666666559,-0.016536145227488978
0.99999999999999889,-0.015747704103807887
1.0083333333333322,-0.016093971446620441
1.0166666666666655,-0.017575352780388204
1.0249999999999988,-0.019152373736271121
1.0333333333333321,-0.019646988808512657
1.0416666666666654,-0.019060056937534001
1.0499999999999987,-0.018432325728637934
1.058333333333332,-0.01894324959954732
1.0666666666666653,-0.020593474303971852
1.0749999999999986,-0.02234384230726771
1.0833333333333319,-0.02301665620477646
1.0916666666666652,-0.022613050321102519
1.0999999999999985,-0.022173957570143444
1.1083333333333318,-0.022879007060267222
1.1166666666666651,-0.023687706296322254
1.1249999999999984,-0.02342099879160298
1.1333333333333317,-0.022078578298954897
1.1416666666666651,-0.020699961777087918
1.1499999999999984,-0.020463406088382416
1.1583333333333317,-0.021368459757394414
1.166666666666665,-0.022374884463602945
1.1749999999999983,-0.022303876211925894
1.1833333333333316,-0.021155429207379527
1.1916666666666649,-0.019969382087005869
1.1999999999999982,-0.019924304057162681
1.2083333333333315,-0.021020024260904394
1.2166666666666648,-0.022216576844475436
1.2249999999999981,-0.022335435989620983
1.2333333333333314,-0.021376886855644959
1.2416666666666647,-0.020381051328182537
1.249999999999998,-0.02052677353497772
1.2583333333333313,-0.021814162344797276
1.2666666666666646,-0.023203555076104981
1.2749999999999979,-0.023516743679458676
1.2833333333333312,-0.022754311532843224
1.2916666666666645,-0.021956640448244063
1.2999999999999978,-0.022302825198803711
1.3083333333333311,-0.023793267540388744
1.3166666666666644,-0.0253886577653165
1.3249999999999977,-0.025911166974360571
1.333333333333331,-0.025361701258237081
1.3416666666666643,-0.024780887668330261
1.3499999999999976,-0.025348053056025565
1.358333333333331,-0.0260225751560378
1.3666666666666643,-0.025625278439707092
1.3749999999999976,-0.024155654837636722
1.3833333333333309,-0.022652964438597545
1.3916666666666642,-0.02229521488363433
1.3999999999999975,-0.023081778117193801
1.4083333333333308,-0.023972287421041006
1.4166666666666641,-0.023787817386441097
1.4249999999999974,-0.022528187836086084
1.4333333333333307,-0.021233028915924611
1.441666666666664,-0.021080707129266157
1.4499999999999973,-0.022070894585982159
1.4583333333333306,-0.023163496985124425
1.4666666666666639,-0.023179863310999027
1.4749999999999972,-0.022120121642822666
1.4833333333333305,-0.021024218762524898
1.4916666666666638,-0.021070828380991766
1.4999999999999971,-0.022259914011037326
1.5083333333333304,-0.02355167969888201
1.5166666666666637,-0.023767783264312795
1.524999999999997,-0.022908659247049514
1.5333333333333303,-0.022014537491899602
1.5416666666666636,-0.022264365321434769
1.5499999999999969,-0.02365840349171679
1.5583333333333302,-0.025157196465245772
1.5666666666666635,-0.02558276366851563
1.5749999999999968,-0.024935862011926872
1.5833333333333302,-0.023215600191505328
1.5916666666666635,-0.021460884857908414
1.5999999999999968,-0.020849381603030924
1.6083333333333301,-0.021380089989898217
1.6166666666666634,-0.022012219827116736
1.6249999999999967,-0.021566398880549953
1.63333333333333,-0.020042047354135933
1.6416666666666633,-0.018478461319539421
1.6499999999999966,-0.018053682409522959
1.6583333333333299,-0.018766981762595857
1.6666666666666632,-0.019577774501755466
1.6749999999999965,-0.019306884502744211
1.6833333333333298,-0.017954000978422167
1.6916666666666631,-0.016558733357691681
1.6999999999999964,-0.016299426703813936
1.7083333333333297,-0.017175594580971579
1.716666666666663,-0.018146858394521667
1.7249999999999963,-0.018034244105978182
1.7333333333333296,-0.016837683095403549
1.7416666666666629,-0.015597047977830129
1.7499999999999962,-0.015490939729878689
1.7583333333333295,-0.016519097357104443
1.7666666666666628,-0.017641354084320798
1.7749999999999961,-0.017678948635650376
1.7833333333333294,-0.016632041623142989
1.7916666666666627,-0.015540737487874774
1.799999999999996,-0.015583863557827404
1.8083333333333294,-0.016761378783803148
1.8166666666666627,-0.018033342408220736
1.824999999999996,-0.018221225902247753
1.8333333333333293,-0.01732541924069244
1.8416666666666626,-0.016386241068197107
1.8499999999999959,-0.016582728181665132
1.8583333333333292,-0.017915065242338088
1.8666666666666625,-0.019343564296305935
1.8749999999999958,-0.019689963461576688
1.8833333333333291,-0.01895489527130443
1.8916666666666624,-0.018178884612225159
1.8999999999999957,-0.018541169045121875
1.908333333333329,-0.019000639728063755
1.9166666666666623,-0.018377581738559041
1.9249999999999956,-0.016671146862499004
1.9333333333333289,-0.014920436766936409
1.9416666666666622,-0.014303299008331624
1.9499999999999955,-0.014818718586973881
1.9583333333333288,-0.015425736746853625
1.9666666666666621,-0.014944773596612289
1.9749999999999954,-0.013375200616644899
1.9833333333333287,-0.011756394317373974
1.991666666666662,-0.011266464276417277
1.9999999999999953,-0.01190458081564558
2.0083333333333289,-0.012629919907800144
2.0166666666666622,-0.012263024650274047
2.0249999999999955,-0.010803441761471419
2.0333333333333288,-0.00929075694698254
2.0416666666666621,-0.0089032789201633142
2.0499999999999954,-0.0096403282410385503
2.0583333333333287,-0.010461198842654035
2.066666666666662,-0.010186542695013576
2.0749999999999953,-0.0088160474860625865
2.0833333333333286,-0.0073894606775785788
2.0916666666666619,-0.0070852449243607365
2.0999999999999952,-0.007902843518651205
2.1083333333333285,-0.0088016525249707701
2.1166666666666618,-0.0086024191013873829
2.1249999999999951,-0.0073049457215577547
2.1333333333333284,-0.0059491072467143212
2.1416666666666617,-0.0057134877507999376
2.149999999999995,-0.0065976320556666995
2.1583333333333283,-0.0075610246576138726
2.1666666666666616,-0.0074244959639198204
2.1749999999999949,-0.0061879435576768721
2.1833333333333282,-0.0048913449485175299
2.1916666666666615,-0.0047133823923303569
2.1999999999999948,-0.0056536863247198489
2.2083333333333282,-0.0066718186509229583
2.2166666666666615,-0.0065886834848547186
2.2249999999999948,-0.0054042591832066519
2.2333333333333281,-0.0041586083922796474
2.2416666666666614,-0.0040304953051766559
2.2499999999999947,-0.0050196245600226744
2.258333333333328,-0.0060856273472720971
2.2666666666666613,-0.0060494746515580219
2.2749999999999946,-0.0049112157673771835
2.2833333333333279,-0.0037109865972298618
2.2916666666666612,-0.0036276224707782433
2.2999999999999945,-0.0046608947513478048
2.3083333333333278,-0.0057704987809080706
2.3166666666666611,-0.0057774684561683332
2.3249999999999944,-0.0046819181017652284
2.3333333333333277,-0.003524049546331366
2.341666666666661,-0.0034827628653928064
2.3499999999999943,-0.0045578922253496123
2.3583333333333276,-0.0057091950584020586
2.3666666666666609,-0.0057577672521285502
2.3749999999999942,-0.0047037858395920324
2.3833333333333275,-0.0035875150881726271
2.3916666666666608,-0.0035879171644996361
2.3999999999999941,-0.004704888470373988
2.4083333333333274,-0.005898249697774762
2.4166666666666607,-0.0059891610828378275
2.424999999999994,-0.0049778634960008219
2.4333333333333274,-0.00390468355792431
2.4416666666666607,-0.0039486461854025198
2.449999999999994,-0.0051097127718429157
2.4583333333333273,-0.0063477719722943929
2.4666666666666606,-0.0064840544084124206
2.4749999999999939,-0.0055188694301845425
2.4833333333333272,-0.0044926090752971382
2.4916666666666605,-0.0045843647296753146
2.4999999999999938,-0.0057941689967480337
2.5083333333333271,-0.0070819872484783122
2.5166666666666604,-0.00726913084949084
2.5249999999999937,-0.0063559860491107043
2.533333333333327,-0.0053830163824242615
2.5416666666666603,-0.0055293863204944182
2.5499999999999936,-0.0067952096699469182
2.5583333333333269,-0.0081405421405192427
2.5666666666666602,-0.0083867915036928507
2.5749999999999935,-0.0075344335890437028
2.5833333333333268,-0.0066240124410214523
2.5916666666666601,-0.0068347749683960258
2.5999999999999934,-0.0081669304473962374
2.6083333333333267,-0.009580644648924842
2.61666666666666,-0.0098974441989874515
2.6249999999999933,-0.0091179121842814674
2.6333333333333266,-0.0082826849691252074
2.6416666666666599,-0.0085711037084492906
2.6499999999999932,-0.0099834923896023366
2.6583333333333266,-0.011480154501044514
2.6666666666666599,-0.011882766941165577
2.6749999999999932,-0.011192043762763504
2.6833333333333265,-0.0094070412415441784
2.6916666666666598,-0.0075668728131631936
2.6999999999999931,-0.006849377141857905
2.7083333333333264,-0.0072533829958115687
2.7166666666666597,-0.0077376639139815793
2.724999999999993,-0.0071223353486872722
2.7333333333333263,-0.0054065719395584291
2.7416666666666596,-0.0036296356316779803
2.7499999999999929,-0.002969496093103435
2.7583333333333262,-0.0034250634539353228
2.7666666666666595,-0.0039551637417783716
2.7749999999999928,-0.003379951954790985
2.7833333333333261,-0.0016986668030874003
2.7916666666666594,4.9355123024200355e-05
2.7999999999999927,0.00068608700949177872
2.808333333333326,0.00021258728347420903
2.8166666666666593,-0.00032999077550043958
2.8249999999999926,0.0002381878879649629
2.8333333333333259,0.0019178706429816925
2.8416666666666592,0.0036697128888001072
2.8499999999999925,0.0043156987064121291
2.8583333333333258,0.0038569038753231877
2.8666666666666591,0.003334493334014419
2.8749999999999925,0.0039283223287775162
2.8833333333333258,0.0056391731103508447
2.8916666666666591,0.0074277589241327812
2.8999999999999924,0.0081161437922456173
2.9083333333333257,0.0077054711192337489
2.916666666666659,0.0061952242382723567
2.9249999999999923,0.0046249679427608553
2.9333333333333256,0.0041729754125919153
2.9416666666666589,0.0048384682883456679
2.9499999999999922,0.0055805931221109741
2.9583333333333255,0.0052198322738338659
2.9666666666666588,0.0037557459801683432
2.9749999999999921,0.0022279872971536453
2.9833333333333254,0.0018149074858093462
2.9916666666666587,0.0025157847715558354
2.999999999999992,0.0032898092586756108
3.0083333333333253,0.0029574983608152351
3.0166666666666586,0.0015184564488640779
3.0249999999999919,1.238479754746837e-05
3.0333333333333252,-0.0003823268637097875
3.0416666666666585,0.00033362588097530013
3.0499999999999918,0.0011194531245739892
3.0583333333333251,0.00079568479607084353
3.0666666666666584,-0.00063806071445774229
3.0749999999999917,-0.0021420699523987882
3.083333333333325,-0.0025379510037643153
3.0916666666666583,-0.0018264024432326584
3.0999999999999917,-0.0010482174852653381
3.108333333333325,-0.0013828761710910815
3.1166666666666583,-0.0028307752259860482
3.1249999999999916,-0.0043522240485148024
3.1333333333333249,-0.0047688646023400158
3.1416666666666582,-0.0040814279796013899
3.1499999999999915,-0.002288983253072609
3.1583333333333248,-0.0004306973939186186
3.1666666666666581,0.00031556893987240485
3.1749999999999914,-4.8962143570467516e-05
3.1833333333333247,-0.0015247328954760592
3.191666666666658,-0.0030720928108751841
3.1999999999999913,-0.0035127173674988021
3.2083333333333246,-0.0028473729512131546
3.2166666666666579,-0.0010751632232451395
3.2249999999999912,0.00076470969850974638
3.2333333333333245,0.0014943563236184826
3.2416666666666578,0.0011149751641066766
3.2499999999999911,-0.00037389902500139041
3.2583333333333244,-0.0019326357129415106
3.2666666666666577,-0.0023829246620752555
3.274999999999991,-0.0017255460428208939
3.2833333333333243,4.0383314543528928e-05
3.2916666666666576,0.0018756491481601476
3.2999999999999909,0.0026023557507636025
3.3083333333333242,0.0022216984313445957
3.3166666666666575,0.00073320933046589723
3.3249999999999909,-0.00082348231905723587
3.3333333333333242,-0.0012700622821792899
3.3416666666666575,-0.00060730443474323742
3.3499999999999908,0.00012392222056275667
3.3583333333333241,-0.00025593441145446851
3.3666666666666574,-0.0017473394240129746
3.3749999999999907,-0.0033106658770976219
3.383333333333324,-0.0037676139893683784
3.3916666666666573,-0.0031189748511419486
3.3999999999999906,-0.0013638769625902258
3.4083333333333239,0.00045845279949999462
3.4166666666666572,0.001170098744538586
3.4249999999999905,0.00077223205002027761
3.4333333333333238,-0.00073564004657961991
3.4416666666666571,-0.0023139152315174074
3.4499999999999904,-0.0027843132791850445
3.4583333333333237,-0.0021476448252111999
3.466666666666657,-0.00040305737532881611
3.4749999999999903,0.0014102036514148622
3.4833333333333236,0.0021142090459812645
3.4916666666666569,0.0017101195282971055
3.4999999999999902,0.00019743237283645237
3.5083333333333235,-0.0013842584138421992
3.5166666666666568,-0.001856676338249878
3.5249999999999901,-0.0012206344278164983
3.5333333333333234,0.00052471791729321823
3.5416666666666567,0.0023401348644520145
3.5499999999999901,0.003047691756137358
3.5583333333333234,0.0026485556267032894
3.5666666666666567,0.0011422305699361583
3.57499999999999,-0.00043168205447325752
3.5833333333333233,-0.00089489393007012325
3.5916666666666566,-0.00024820361783536464
3.5999999999999899,0.0015092544521724499
3.6083333333333232,0.0033382521154345433
3.6166666666666565,0.0040608878422091427
3.6249999999999898,0.0036783524027313441
3.6333333333333231,0.0021901741921911675
3.6416666666666564,0.00063597811234956773
3.6499999999999897,0.00019408071897122794
3.658333333333323,0.00086371610657582959
3.6666666666666563,0.0016040250244863459
3.6749999999999896,0.0012354697452257328
3.6833333333333229,-0.00024239880266508311
3.6916666666666562,-0.0017899337158046398
3.6999999999999895,-0.0022288077437717093
3.7083333333333228,-0.0015597838212500251
3.7166666666666561,0.0002180385357606813
3.7249999999999894,0.0020654626282394879
3.7333333333333227,0.0028046112708700441
3.741666666666656,0.0024366986718790621
3.7499999999999893,0.00096127598940957536
3.7583333333333226,-0.00058200849442323712
3.7666666666666559,-0.0010148204622240746
3.7749999999999893,-0.00033791298226694449
3.7833333333333226,0.00040786586558044059
3.7916666666666559,4.2985712061620126e-05
3.7999999999999892,-0.0014329962732154658
3.8083333333333225,-0.0029804298663070475
3.8166666666666558,-0.0034209903644530268
3.8249999999999891,-0.0027554439985141388
3.8333333333333224,-0.00098289422455789441
3.8416666666666557,0.00085745706687508473
3.849999999999989,0.0015877210938507089
3.8583333333333223,0.0012090973962505681
3.8666666666666556,-0.00027887819329457082
3.8749999999999889,-0.0018365738966375916
3.8833333333333222,-0.0022856777659984099
3.8916666666666555,-0.0016269681289004237
3.8999999999999888,0.00014044007898133775
3.9083333333333221,0.0019773346485062108
3.9166666666666554,0.0027058224650359842
3.9249999999999887,0.0023271016238526391
3.933333333333322,0.00084070710887683615
3.9416666666666553,-0.00071372896486573446
3.9499999999999886,-0.0011578889816071286
3.9583333333333219,-0.00049254311541031956
3.9666666666666552,0.00024144337329836432
3.9749999999999885,-0.00013547752547492001
3.9833333333333218,-0.0016237665807848148
3.9916666666666551,-0.003183792103814035
3.9999999999999885,-0.0036372489247976452
4.0083333333333222,-0.0029849227991826034
4.0166666666666559,-0.0012259368217149586
4.0249999999999897,0.00060048750605896939
4.0333333333333234,0.0013164405663512136
4.0416666666666572,0.00092310014933478233
4.0499999999999909,-0.0005800198151240275
4.0583333333333247,-0.0021533099882589308
4.0666666666666584,-0.0026184823435120652
4.0749999999999922,-0.0019763395554769957
4.0833333333333259,-0.00022602108075665716
4.0916666666666597,0.0015932358856074645
4.0999999999999934,0.0023035112888456716
4.1083333333333272,0.0019059754568422479
4.1166666666666609,0.00040013537727712743
4.1249999999999947,-0.0011744050422514999
4.1333333333333284,-0.0016393584406150482
4.1416666666666622,-0.0009955264972021365
4.1499999999999959,0.00075795284909276452
4.1583333333333297,0.0025818457349055953
4.1666666666666634,0.0032982407514061825
4.1749999999999972,0.0029083184733489195
4.1833333333333309,0.0014115966771409872
4.1916666666666647,-0.00015230967891473915
4.1999999999999984,-0.00060509746392296458
4.2083333333333321,5.2450578885203703e-05
4.2166666666666659,0.00077945704966325539
4.2249999999999996,0.00039636347670296443
4.2333333333333334,-0.0010973004994906605
4.2416666666666671,-0.0026619111311987722
4.2500000000000009,-0.003119168544675339
4.2583333333333346,-0.0024698638633176805
4.2666666666666684,-0.00071312526570143785
4.2750000000000021,0.0011118208410803138
4.2833333333333359,0.0018270626084393202
4.2916666666666696,0.0014337773071524539
4.3000000000000034,-6.8521382999241063e-05
4.3083333333333371,-0.0016402234441946282
4.3166666666666709,-0.0021030376657042069
4.3250000000000046,-0.0014577628322293551
4.3333333333333384,0.00029646576515913298
4.3416666666666721,0.002120415900590665
4.3500000000000059,0.0028361752884912927
4.3583333333333396,0.0024449230554630958
4.3666666666666734,0.00094617527829323302
4.3750000000000071,-0.00062045475475319776
4.3833333333333409,-0.0010766677333898965
4.3916666666666746,-0.00042325184927322979
4.4000000000000083,0.0013406687398729764
4.4083333333333421,0.003175875560759176
4.4166666666666758,0.0039044758436618163
4.4250000000000096,0.0035276691555935907
4.4333333333333433,0.0020449926063572143
4.4416666666666771,0.00049607996474211634
4.4500000000000108,5.9255980921535399e-05
4.4583333333333446,0.00073376225934313518
4.4666666666666783,0.0014787467918794216
4.4750000000000121,0.0011146786766008179
4.4833333333333458,-0.00035888434962522077
4.4916666666666796,-0.001902288796820307
4.5000000000000133,-0.0023372013908495299
4.5083333333333471,-0.0016643791886986632
4.5166666666666808,-0.00092467401006613651
4.5250000000000146,-0.0012976238874379848
4.5333333333333483,-0.0027836829161022214
4.5416666666666821,-0.0043432175505578215
4.5500000000000158,-0.0047979267664374076
4.5583333333333496,-0.0041485989685952039
4.5666666666666833,-0.0023943605444478018
4.5750000000000171,-0.00057443542492962478
4.5833333333333508,0.00013325845074029443
4.5916666666666845,-0.00027011476433599576
4.6000000000000183,-0.00074329652476119625
4.608333333333352,-0.00010634779363123582
4.6166666666666858,0.0016415822418817114
4.6250000000000195,0.0034612511567463492
4.6333333333333533,0.0041747438792848731
4.641666666666687,0.0037832375557694145
4.6500000000000208,0.0022862470142350128
4.6583333333333545,0.00072338349777016761
4.6666666666666883,0.00027295037527119031
4.675000000000022,0.00093416901315487855
4.6833333333333558,0.0016661675869778997
4.6916666666666895,0.001289396011716828
4.7000000000000233,-0.00019660715032782485
4.708333333333357,-0.0017522072575134008
4.7166666666666908,-0.0021990890994967585
4.7250000000000245,-0.0015380276117545693
4.7333333333333583,0.00023186570764749772
4.741666666666692,0.002071382237651069
4.7500000000000258,0.002802632946944199
4.7583333333333595,0.0024268201842027378
4.7666666666666933,0.00094348324104515568
4.775000000000027,-0.00060774144033706853
4.7833333333333607,-0.0010485314456374145
4.7916666666666945,-0.00037965182540704729
4.8000000000000282,0.00035803733870620231
4.808333333333362,-1.5006444782133757e-05
4.8166666666666957,-0.0014992382085110968
4.8250000000000295,-0.0030550201213967107
4.8333333333333632,-0.0035040402286486087
4.841666666666697,-0.002847077529344428
4.8500000000000307,-0.0010832482902750017
4.8583333333333645,0.00074823280497642248
4.8666666666666982,0.0014694636815616785
4.875000000000032,0.0010816302067621587
4.8833333333333657,-0.00041574552825470563
4.8916666666666995,-0.0019830457079487041
4.9000000000000332,-0.0024419730173698738
4.908333333333367,-0.0017933206350672921
4.9166666666667007,-3.6218428449941756e-05
4.9250000000000345,0.0017901062253279573
4.9333333333333682,0.0025077440968275301
4.941666666666702,0.0021178767810578298
4.9500000000000357,0.00062002264734746797
4.9583333333333695,-0.00094620287226062326
4.9666666666667032,-0.0014024998589242115
4.9750000000000369,-0.00074965684820259976
4.9833333333333707,0.0010132014873067193
4.9916666666667044,0.002846855183514361
5.0000000000000382,0.0035734081512316601
5.0083333333333719,0.0031940565218429055
5.0166666666667057,0.0017083337859630102
5.0250000000000394,0.00015587041530947535
5.0333333333333732,-0.00028501363460272923
5.0416666666667069,0.00038491693793692866
5.0500000000000407,0.0011248032126984623
5.0583333333333744,0.00075510624710164911
5.0666666666667082,-0.00072462444847112427
5.0750000000000419,-0.002274744351667626
5.0833333333333757,-0.0027169309448684628
5.0916666666667094,-0.0020519524497683624
5.1000000000000432,-0.00027891393034377206
5.1083333333333769,0.001562981642803309
5.1166666666667107,0.0022958481326019698
5.1250000000000444,0.0019208897582715133
5.1333333333333782,0.0004376474104511133
5.1416666666667119,-0.0011142411501752134
5.1500000000000457,-0.0015564545613373022
5.1583333333333794,-0.00088976033615987844
5.1666666666667131,-0.00015502115335329765
5.1750000000000469,-0.00053178363459955051
5.1833333333333806,-0.0020205080630934348
5.1916666666667144,-0.0035815637210186986
5.2000000000000481,-0.0040366484426612569
5.2083333333333819,-0.0033865506949433367
5.2166666666667156,-0.0016303965035514823
5.2250000000000494,0.00019258981166788114
5.2333333333333831,0.00090449375104113871
5.2416666666667169,0.00050648659528647279
5.2500000000000506,-0.0010019244536423071
5.2583333333333844,-0.0025811377815701123
5.2666666666667181,-0.0030528751946867845
5.2750000000000519,-0.0024179495253565568
5.2833333333333856,-0.00067551062117119645
5.2916666666667194,0.0011351935341718784
5.3000000000000531,0.0018362297408187238
5.3083333333333869,0.0014287539726704928
5.3166666666667206,-8.7741391670907417e-05
5.3250000000000544,-0.0016736676146293123
5.3333333333333881,-0.0021507548547433936
5.3416666666667219,-0.0015198233511188089
5.3500000000000556,0.00021997012891337577
5.3583333333333893,0.002029371804034149
5.3666666666667231,0.0027304474213519473
5.3750000000000568,0.0023243539501639717
5.3833333333333906,0.00081058524331560546
5.3916666666667243,-0.00077126762060468837
5.4000000000000581,-0.0012429281440505583
5.4083333333333918,-0.00060520779319655582
5.4166666666667256,0.0011427459168768912
5.4250000000000593,0.0029616906101535417
5.4333333333333931,0.0036737084791504315
5.4416666666667268,0.003279973921814745
5.4500000000000606,0.0017799987403808652
5.4583333333333943,0.00021339172520652027
5.4666666666667281,-0.00024154846701723265
5.4750000000000618,0.00041439243807260448
5.4833333333333956,0.0011403345439312128
5.4916666666667293,0.00075671801665588194
5.5000000000000631,-0.00073692851705914417
5.5083333333333968,-0.0023009814030020806
5.5166666666667306,-0.0027571390667323567
5.5250000000000643,-0.0021061907384851562
5.5333333333333981,-0.0003472625078668885
5.5416666666667318,0.0014804216156777375
5.5500000000000655,0.0021989541088719162
5.5583333333333993,0.0018095175778355655
5.566666666666733,0.00031163123805669527
5.5750000000000668,-0.0012550888909309338
5.5833333333334005,-0.001712343768837556
5.5916666666667343,-0.0010609235753432352
5.600000000000068,0.00070004520953400261
5.6083333333334018,0.0025313400094224459
5.6166666666667355,0.0032550603916005416
5.6250000000000693,0.0028723978878427395
5.633333333333403,0.0013828812130841615
5.6416666666667368,-0.00017386375631994806
5.6500000000000705,-0.00061952312733208669
5.6583333333334043,4.513102944686194e-05
5.666666666666738,0.00077923197487728255
5.6750000000000718,0.000403231874406061
5.6833333333334055,-0.0010833289977810814
5.6916666666667393,-0.0026408162431038004
5.700000000000073,-0.0030909192545109303
5.7083333333334068,-0.0024344183879909864
5.7166666666667405,-0.00067043104159491239
5.7250000000000743,0.001161827152363063
5.733333333333408,0.0018844553300876549
5.7416666666667417,0.0014986419029120381
5.7500000000000755,3.911726729690176e-06
5.7583333333334092,-0.0015601139255237964
5.766666666666743,-0.0020151322405970811
5.7750000000000767,-0.0013619302443880204
5.7833333333334105,0.00040036857539191349
5.7916666666667442,0.0022325439654687219
5.800000000000078,0.0029566961780814077
5.8083333333334117,0.0025740170712173016
5.8166666666667455,0.0010840355241137174
5.8250000000000792,-0.00047362238567494672
5.833333333333413,-0.00092064393949644295
5.8416666666667467,-0.00025780344659793195
5.8500000000000805,0.00047402983722373744
5.8583333333334142,9.5304624603753885e-05
5.866666666666748,-0.0013944427032429305
5.8750000000000817,-0.0029555825493694037
5.8833333333334155,-0.0034098106772777284
5.8916666666667492,-0.0027579138514646322
5.900000000000083,-0.00099901605093698979
5.9083333333334167,0.00082766037282965032
5.9166666666667505,0.0015442061284377162
5.9250000000000842,0.0011518001390302133
5.9333333333334179,-0.00035004241213647448
5.9416666666667517,-0.0019217104780016392
5.9500000000000854,-0.0023849131914789315
5.9583333333334192,-0.0017404501113471276
5.9666666666667529,1.254254659256322e-05
5.9750000000000867,0.001834831148857173
5.9833333333334204,0.0025485004734714478
5.9916666666667542,0.002154726202454682
6.0000000000000879,0.00065302081139458979
6.0083333333334217,-0.00091700612601806441
6.0166666666667554,-0.0013770603863403625
6.0250000000000892,-0.00072793612291099702
6.0333333333334229,0.0010312363884044061
6.0416666666667567,0.0028612316455429512
6.0500000000000904,0.0035841481157072455
6.0583333333334242,0.0032011764778566388
6.0666666666667579,0.0017118447734961635
6.0750000000000917,0.00015577803800416419
6.0833333333334254,-0.00028870917912574755
6.0916666666667592,0.00037761302374304687
6.1000000000000929,0.0011138803166241792
6.1083333333334267,0.00074054832183908354
6.1166666666667604,-0.00074283889457237007
6.1250000000000941,-0.0022966422853636127
6.1333333333334279,-0.0027425449014844786
6.1416666666667616,-0.0020813205620424094
6.1500000000000954,-0.00031207994095084664
6.1583333333334291,0.0015259683600311153
6.1666666666667629,0.0022549323998451712
6.1750000000000966,0.0018760104972844437
6.1833333333334304,0.00038873761780164947
6.1916666666667641,-0.0011672544323289736
6.2000000000000979,-0.0016136504715788392
6.2083333333334316,-0.00095122432439221727
6.2166666666667654,0.00082091393316116037
6.2250000000000991,0.0026635583817886002
6.2333333333334329,0.0033988259235460971
6.2416666666667666,0.0030279255922449305
6.2500000000001004,0.0015504036917199685
6.2583333333334341,5.9035693607146226e-06
6.2666666666667679,-0.00042724268956927992
6.2750000000001016,0.00025021171794234351
6.2833333333334354,0.00099741917393872392
6.2916666666667691,0.00063485161242581554
6.3000000000001029,-0.00083793068786693721
6.3083333333334366,-0.0023812727272601798
6.3166666666667703,-0.0028168420603529813
6.3250000000001041,-0.0021453970342133529
6.3333333333334378,-0.00036603289458718175
6.3416666666667716,0.0014820570776582238
6.3500000000001053,0.0022209959611602082
6.3583333333334391,0.00185199700420509
6.3666666666667728,0.00037461009099314189
6.3750000000001066,-0.0011715181026248256
6.3833333333334403,-0.0016080576049192267
6.3916666666667741,-0.00093576745094255424
6.4000000000001078,-0.00019550184329374375
6.4083333333334416,-0.00056679907585949045
6.4166666666667753,-0.0020501112219720261
6.4250000000001091,-0.0036057994846197066
6.4333333333334428,-0.0040555537512632998
6.4416666666667766,-0.003400154485028103
6.4500000000001103,-0.0016387197199369677
6.4583333333334441,0.00018953419276760116
6.4666666666667778,0.00090670065886453853
6.4750000000001116,0.00051395884691841736
6.4833333333334453,-0.00098917614859474375
6.4916666666667791,-0.0025630948035788859
6.5000000000001128,-0.0030295109420614167
6.5083333333334465,-0.0023892293864412996
6.5166666666667803,-0.00064139196301735005
6.525000000000114,0.0011747613646426697
6.5333333333334478,0.0018813055849479547
6.5416666666667815,0.0014794049808627161
6.5500000000001153,-3.1439732537291807e-05
6.558333333333449,-0.0016116314169383101
6.5666666666667828,-0.002082891557700558
6.5750000000001165,-0.0014460316013488674
6.5833333333334503,0.00029980051219712848
6.591666666666784,0.002115359950547591
6.6000000000001178,0.0028227218391775701
6.6083333333334515,0.0024230526822394986
6.6166666666667853,0.00091585592126400121
6.625000000000119,-0.00065926776540286354
6.6333333333334528,-0.001124031799194113
6.6416666666667865,-0.00047923722407864483
6.6500000000001203,0.0012759789276002337
6.658333333333454,0.0031023851376951635
6.6666666666667878,0.0038220752112997072
6.6750000000001215,0.0034362352345650264
6.6833333333334553,0.0019443887847207433
6.691666666666789,0.00038615624484478222
6.7000000000001227,-6.0151428643433472e-05
6.7083333333334565,0.0006046930885909988
6.7166666666667902,0.0013398232675995345
6.725000000000124,0.00096569325663560166
6.7333333333334577,-0.0005181542155133249
6.7416666666667915,-0.0020720809444675255
6.7500000000001252,-0.0025177697213058202
6.758333333333459,-0.0018559938979361777
6.7666666666667927,-8.5863560064547298e-05
6.7750000000001265,0.0017534135660378432
6.7833333333334602,0.002483947626231108
6.791666666666794,0.002106939545317924
6.8000000000001277,0.00062192701872873805
6.8083333333334615,-0.00093145524259011605
6.8166666666667952,-0.0013748880544786517
6.825000000000129,-0.00070914064143658183
6.8333333333334627,2.4922618547718246e-05
6.8416666666667965,-0.00035224605529756586
6.8500000000001302,-0.0018411076674028329
6.858333333333464,-0.0034020315373004101
6.8666666666667977,-0.0038567146150421915
6.8750000000001315,-0.0032059446445858223
6.8833333333334652,-0.0014488468294809496
6.8916666666667989,0.00037535525842609212
6.9000000000001327,0.0010887487909054412
6.9083333333334664,0.00069250747781186449
6.9166666666668002,-0.00081385895248425508
6.9250000000001339,-0.0023907458865932651
6.9333333333334677,-0.0028598711873014607
6.9416666666668014,-0.0022220436305569356
6.9500000000001352,-0.00047640890358291416
6.9583333333334689,0.0013377893165049319
6.9666666666668027,0.0020426231746654457
6.9750000000001364,0.0016392545583779907
6.9833333333334702,0.00012718187200724818
6.9916666666668039,-0.0014539998360976641
7.0000000000001377,-0.0019260133708297255
7.0083333333334714,-0.0012896712008509965
7.0166666666668052,0.00045587779550090878
7.0250000000001389,0.0022713881597643008
7.0333333333334727,0.0029789352351830729
7.0416666666668064,0.0025796859688233757
7.0500000000001402,0.0010731443298592014
7.0583333333334739,-0.00050108844894544572
7.0666666666668077,-0.0009647244996339936
7.0750000000001414,-0.00031856306655150997
7.0833333333334751,0.0014382607005662858
7.0916666666668089,0.0032665176814843178
7.1000000000001426,0.0039883049905144212
7.1083333333334764,0.0036048120444772311
7.1166666666668101,0.0021155658444279401
7.1250000000001439,0.00056018999664166113
7.1333333333334776,0.00011699943461167405
7.1416666666668114,0.00078522626641923995
7.1500000000001451,0.0015240090920763784
7.1583333333334789,0.0011538077767629508
7.1666666666668126,-0.00032582917134919224
7.1750000000001464,-0.001875257410334932
7.1833333333334801,-0.002316152655327185
7.1916666666668139,-0.0016492809311444527
7.2000000000001476,0.00012625511008108886
7.2083333333334814,0.0019712554825728076
7.2166666666668151,0.0027078392158097226
7.2250000000001489,0.0023372165607282473
7.2333333333334826,0.00085893466396286667
7.2416666666668164,-0.00068736222139740948
7.2500000000001501,-0.0011233442746905837
7.2583333333334838,-0.00044976938593871218
7.2666666666668176,0.00029250948212121452
7.2750000000001513,-7.6043262400299707e-05
7.2833333333334851,-0.0015558758824640588
7.2916666666668188,-0.0031073439769300618
7.3000000000001526,-0.0035521292956432046
7.3083333333334863,-0.0028910045037787721
7.3166666666668201,-0.0011230795619892359
7.3250000000001538,0.00071243712548247056
7.3333333333334876,0.0014376495444409583
7.3416666666668213,0.0010537494970369458
7.3500000000001551,-0.0004397350046672178
7.3583333333334888,-0.0020031802839097133
7.3666666666668226,-0.0024582832804924391
7.3750000000001563,-0.0018058314421412333
7.3833333333334901,-4.494891535051395e-05
7.3916666666668238,0.0017851426138368728
7.4000000000001576,0.0025065395578190049
7.4083333333334913,0.0021204291523056616
7.4166666666668251,0.00062633540926655706
7.4250000000001588,-0.00093612060679909646
7.4333333333334926,-0.0013886333214041804
7.4416666666668263,-0.00073198558546086348
7.45000000000016,0.0010347036191949413
7.4583333333334938,0.0028722200640949147
7.4666666666668275,0.0036026735210334363
7.4750000000001613,0.0032272660138890638
7.483333333333495,0.0017455369446398843
7.4916666666668288,0.00019712265225586424
7.5000000000001625,-0.00023965088874768132
7.5083333333334963,0.00043445781009986031
7.51666666666683,0.0011785960911641453
7.5250000000001638,0.00081323143549899806
7.5333333333334975,-0.00066208018244575317
7.5416666666668313,-0.0022076876482552171
7.550000000000165,-0.0026452615410735656
7.5583333333334988,-0.0019755631094917877
7.5666666666668325,-0.0001976904074252144
7.5750000000001663,0.0016491606831483966
7.5833333333335,0.0023871115443650998
7.5916666666668338,0.0020173741255051581
7.6000000000001675,0.00053949709999524635
7.6083333333335013,-0.0010068739265827826
7.616666666666835,-0.0014434092748380944
7.6250000000001688,-0.00077086786860678443
7.6333333333335025,-3.0103799844865328e-05
7.6416666666668362,-0.00040065476011658091
7.65000000000017,-0.0018829718072590927
7.6583333333335037,-0.0034374144875836056
7.6666666666668375,-0.0038856701703184632
7.6750000000001712,-0.0032285169542887872
7.683333333333505,-0.0014650704159215487
7.6916666666668387,0.00036545547230234485
7.7000000000001725,0.0010851573757061687
7.7083333333335062,0.00069521845463623919
7.71666666666684,-0.00080484210965275894
7.7250000000001737,-0.0023754102491605452
7.7333333333335075,-0.0028381943196702716
7.7416666666668412,-0.0021939935580247119
7.750000000000175,-0.00044194410230821528
7.7583333333335087,0.0013787199228720663
7.7666666666668425,0.0020900803870284473
7.7750000000001762,0.0016933090193601531
7.78333333333351,0.00018791409547299351
7.7916666666668437,-0.0013864994148025766
7.8000000000001775,-0.0018516441070299738
7.8083333333335112,-0.0012083220922680228
7.816666666666845,0.00054432814648627305
7.8250000000001787,0.0023670717061857016
7.8333333333335124,0.003081994969515737
7.8416666666668462,0.0026902760699213006
7.8500000000001799,0.0011914302237573534
7.8583333333335137,-0.00037493011840744448
7.8666666666668474,-0.000830505342271761
7.8750000000001812,-0.0001760825188219556
7.8833333333335149,0.0015892154431733929
7.8916666666668487,0.0034261721469941967
7.9000000000001824,0.0041568983020180373
7.9083333333335162,0.0037825969452374309
7.9166666666668499,0.0023028087975473601
7.9250000000001837,0.00075717089397208987
7.9333333333335174,0.00032401237909071649
7.9416666666668512,0.0010025805147169681
7.9500000000001849,0.0017520295235223928
7.9583333333335187,0.0013928356235325555
7.9666666666668524,-7.5436299815798274e-05
7.9750000000001862,-0.0016131251507781957
7.9833333333335199,-0.0020418886851417107
7.9916666666668537,-0.0013624745442679916
8.0000000000001865,-0.00061572538809438054
8.0083333333335194,-0.00098116924160444809
8.0166666666668522,-0.0024592491562582695
8.0250000000001851,-0.004010319048050188
8.033333333333518,-0.0044560636139786376
8.0416666666668508,-0.003797257546075673
8.0500000000001837,-0.0020330133308544057
8.0583333333335165,-0.00020254149232439028
8.0666666666668494,0.00051625519178373188
8.0750000000001823,0.00012455791153312989
8.0833333333335151,-0.0013781164189249641
8.091666666666848,-0.002952157580766408
8.1000000000001808,-0.003419280663704425
8.1083333333335137,-0.002780291817896441
8.1166666666668466,-0.001034334409502811
8.1250000000001794,0.00077934987641270124
8.1333333333335123,0.0014828322660803816
8.1416666666668451,0.0010772720304845504
8.150000000000178,-0.0004378353401943721
8.1583333333335109,-0.0020228986147521571
8.1666666666668437,-0.0024996471783515876
8.1750000000001766,-0.001868901005508794
8.1833333333335094,-0.0001298167859389667
8.1916666666668423,0.0016783512278547713
8.2000000000001751,0.0023776664449902058
8.208333333333508,0.0019692828237375271
8.2166666666668409,0.00045269101497502845
8.2250000000001737,-0.00113252132313362
8.2333333333335066,-0.0016080828126020957
8.2416666666668394,-0.00097481102401805351
8.2500000000001723,0.00076814023173963578
8.2583333333335052,0.0025815212874795773
8.266666666666838,0.0032874049756947826
8.2750000000001709,0.0028869560701822658
8.2833333333335037,0.0013796765335755503
8.2916666666668366,-0.0001948344358482909
8.3000000000001695,-0.00065828957878595964
8.3083333333335023,-1.1487659741529481e-05
8.3166666666668352,0.0017464368108489673
8.325000000000168,0.0035762564284107659
8.3333333333335009,0.0043000717627683675
8.3416666666668338,0.003919075615095159
8.3500000000001666,0.0024327985449539057
8.3583333333334995,0.00088086725658451668
8.3666666666668323,0.0004416011707929828
8.3750000000001652,0.0011142384816749482
8.3833333333334981,0.0018579246098999133
8.3916666666668309,0.0014931273298032907
8.4000000000001638,1.9403054086900733e-05
8.4083333333334966,-0.0015235954389920198
8.4166666666668295,-0.0019575337669410068
8.4250000000001624,-0.0012831672840273001
8.4333333333334952,-0.00054134640330532344
8.4416666666668281,-0.00091160665683979862
8.4500000000001609,-0.0023943983516742707
8.4583333333334938,-0.0039500823612518485
8.4666666666668267,-0.0044003500237358778
8.4750000000001595,-0.0037459827997429838
8.4833333333334924,-0.0019860999118597226
8.4916666666668252,-0.00015991864210751977
8.5000000000001581,0.00055465173061869366
8.508333333333491,0.00015878610736295352
8.5166666666668238,-0.0013480048697182465
8.5250000000001567,-0.002926117147903261
8.5333333333334895,-0.0033972718397225323
8.5416666666668224,-0.0027622811390983228
8.5500000000001553,-0.0010202944429050275
8.5583333333334881,0.00078944055578348865
8.566666666666821,0.0014889891583409198
8.5750000000001538,0.0010795047440789517
8.5833333333334867,0.00060223567430144249
8.5916666666668196,0.0012371141956856876
8.6000000000001524,0.0029849866340291376
8.6083333333334853,0.0048066119842252964
8.6166666666668181,0.0055240843028129477
8.625000000000151,0.0051385881570521199
8.6333333333334838,0.0036496465557405823
8.6416666666668167,0.0020968757909145797
8.6500000000001496,0.0016585901192886644
8.6583333333334824,0.0023340299877965391
8.6666666666668153,0.0030823469712013196
8.6750000000001481,0.0027240191826991
8.683333333333481,0.001258612013309672
8.6916666666668139,-0.00027421205287367535
8.7000000000001467,-0.00069610315972332452
8.7083333333334796,-7.7978065867092004e-06
8.7166666666668124,0.00074987276719045727
8.7250000000001453,0.00039739605651132139
8.7333333333334782,-0.0010656523836342199
8.741666666666811,-0.002599602895405841
8.7500000000001439,-0.0030261094837171088
8.7583333333334767,-0.002345917013082662
8.7666666666668096,-0.0015998641471648835
8.7750000000001425,-0.0019674777019787863
8.7833333333334753,-0.0034492033733837506
8.7916666666668082,-0.0050054027393049427
8.800000000000141,-0.0054577734199838046
8.8083333333334739,-0.0048071007331069492
8.8166666666668068,-0.0030525083515566551
8.8250000000001396,-0.0012332162746852831
8.8333333333334725,-0.00052714173819914327
8.8416666666668053,-0.00093312371454743414
8.8500000000001382,-0.0014099079033721381
8.8583333333334711,-0.00077756129029752307
8.8666666666668039,0.00096476072331616158
8.8750000000001368,0.0027778073932838831
8.8833333333334696,0.0034836515524260753
8.8916666666668025,0.0030834581215082005
8.9000000000001354,0.0015767293173508837
8.9083333333334682,3.064508623112672e-06
8.9166666666668011,-0.00045924797009760259
8.9250000000001339,0.00018899496432277322
8.9333333333334668,0.0019486607518678502
8.9416666666667997,0.0037805247052234135
8.9500000000001325,0.0045066912661394934
8.9583333333334654,0.0041283569944344806
8.9666666666667982,0.0026450563249945133
8.9750000000001311,0.0010964194544729178
8.983333333333464,0.00066077020817066569
8.9916666666667968,0.0013373523345748858
9.0000000000001297,0.0020853173840514063
9.0083333333334625,0.0017251400150153934
9.0166666666667954,0.0002563834371181667
9.0250000000001283,-0.0012812924991798562
9.0333333333334611,-0.0017095452162231471
9.041666666666794,-0.0010291213813260389
9.0500000000001268,-0.0002808628228129463
9.0583333333334597,-0.00064429575590650972
9.0666666666667926,-0.0021198604249295342
9.0750000000001254,-0.0036679065024711123
9.0833333333334583,-0.0041101126749207165
9.0916666666667911,-0.0034472480889653897
9.100000000000124,-0.0016784194949345864
9.1083333333334568,0.00015716802215472257
9.1166666666667897,0.00088161890227257168
9.1250000000001226,0.00049612320174617945
9.1333333333334554,-0.0009997931052165834
9.1416666666667883,-0.0025665096653231345
9.1500000000001211,-0.003025729515195853
9.158333333333454,-0.0023782466640175875
9.1666666666667869,-0.00062319212482124281
9.1750000000001197,0.0012002049317171273
9.1833333333334526,0.0019140303689699574
9.1916666666667854,0.0015194594263035386
9.2000000000001183,1.6003797349412871e-05
9.2083333333334512,-0.0015567283593940556
9.216666666666784,-0.0020204472823027175
9.2250000000001169,-0.0013759530578057132
9.2333333333334497,0.00037761776557333385
9.2416666666667826,0.0022010318652872182
9.2500000000001155,0.0029163762985968005
9.2583333333334483,0.0025248296547044596
9.2666666666667812,0.0010259075161381357
9.275000000000114,-0.0005407773069503951
9.2833333333334469,-0.00099692560974592765
9.2916666666667798,-0.00034332543358628337
9.3000000000001126,0.0014208992557903227
9.3083333333334455,0.0032565304363616791
9.3166666666667783,0.0039856762407818021
9.3250000000001112,0.0036095371441944939
9.3333333333334441,0.0021276512097557682
9.3416666666667769,0.00057965305869078386
9.3500000000001098,0.00014386865752641888
9.3583333333334426,0.00081954122160811306
9.3666666666667755,0.0015658205268763619
9.3750000000001084,0.0012031777371892562
9.3833333333334412,-0.00026882732495095115
9.3916666666667741,-0.0018105389273231779
9.4000000000001069,-0.0022436211179526007
9.4083333333334398,-0.0015688281469125492
9.4166666666667727,-0.00082700912022842311
9.4250000000001055,-0.0011976990905613698
9.4333333333334384,-0.0026813488317804909
9.4416666666667712,-0.0042383209909375961
9.4500000000001041,-0.004690310184816378
9.458333333333437,-0.0040381006540661504
9.4666666666667698,-0.0022808145624998587
9.4750000000001027,-0.00045767178990852508
9.4833333333334355,0.00025341432349917399
9.4916666666667684,-0.0001463868618601454
9.5000000000001013,-0.00061581144358971364
9.5083333333334341,2.5085295468302055e-05
9.516666666666767,0.0017771599522566608
9.5250000000000998,0.0036011763652209379
9.5333333333334327,0.0043192265031532064
9.5416666666667656,0.0039324945186861313
9.5500000000000984,0.0024405023294869011
9.5583333333334313,0.00088286801149135526
9.5666666666667641,0.00043790242255077876
9.575000000000097,0.0011048352227493498
9.5833333333334298,0.001842803276415874
9.5916666666667627,0.001472265758534563
9.6000000000000956,-7.2295235643176682e-06
9.6083333333334284,-0.0015560384143756239
9.6166666666667613,-0.001995835278871106
9.6250000000000941,-0.0013273842874992679
9.633333333333427,0.00045021393260408367
9.6416666666667599,0.0022977620257222044
9.6500000000000927,0.0030373834187745604
9.6583333333334256,0.0026702932869819155
9.6666666666667584,0.001196043881965815
9.6750000000000913,-0.00034571540918989846
9.6833333333334242,-0.00077664808662902774
9.691666666666757,-9.7504251136171273e-05
9.7000000000000899,0.00065087117310514407
9.7083333333334227,0.00028895171716472509
9.7166666666667556,-0.0011837011593671598
9.7250000000000885,-0.0027274321964822525
9.7333333333334213,-0.0031639104002666495
9.7416666666667542,-0.0024938957032037846
9.750000000000087,-0.00071648512431068316
9.7583333333334199,0.0011291259877819141
9.7666666666667528,0.0018650567831206086
9.7750000000000856,0.0014925156044086707
9.7833333333334185,1.1047238250897124e-05
9.7916666666667513,-0.0015397071480148061
9.8000000000000842,-0.0019814248189218547
9.8083333333334171,-0.0013148728181790407
9.8166666666667499,0.00046084536218552222
9.8250000000000828,0.0023065295320355552
9.8333333333334156,0.0030443003414787318
9.8416666666667485,0.0026753701943704302
9.8500000000000814,0.0011992885733152115
9.8583333333334142,-0.00034429789661494898
9.8666666666667471,-0.00077705545731517414
9.8750000000000799,-9.9736945001276052e-05
9.8833333333334128,0.00064680997981936511
9.8916666666667457,0.0002830561056796257
9.9000000000000785,-0.0011914398549515116
9.9083333333334114,-0.00273702540609304
9.9166666666667442,-0.0031753723600628394
9.9250000000000771,-0.0025072434644806975
9.93333333333341,-0.00073173855903765634
9.9416666666667428,0.0011119441864047904
9.9500000000000757,0.0018459210239843398
9.9583333333334085,0.0014713973446864668
9.9666666666667414,-1.2085028225729876e-05
9.9750000000000743,-0.0015648879164152846
9.9833333333334071,-0.0020086916835207499
9.99166666666674,-0.0013442665214679528
10.000000000000073,0.000429280915725275
10.008333333333406,0.002272747219339781
10.016666666666739,0.0030082496472384106
10.025000000000071,0.0026369971572551389
10.033333333333404,0.00115853576469384
10.041666666666737,-0.00038749136100672111
10.05000000000007,-0.00082275409757044953
10.058333333333403,-0.00014800906512490772
10.066666666666736,0.00059589224992469074
10.075000000000069,0.0002294166610387426
10.083333333333401,-0.001247881167741259
10.091666666666734,-0.002796352945593248
10.100000000000067,-0.0032376749775342175
10.1083333333334,-0.0025726145213210254
10.116666666666733,-0.00080027595961659043
10.125000000000066,0.0010401379698882192
10.133333333333399,0.0017707385969632796
10.141666666666731,0.0013927261665337021
10.150000000000064,-9.4362686585862588e-05
10.158333333333397,-0.0016508950816441275
10.16666666666673,-0.0020985570747677211
10.175000000000063,-0.0014381247067204066
10.183333333333396,0.00033128947308022481
10.191666666666729,0.0021704759816686577
10.200000000000061,0.0029015454666906698
10.208333333333394,0.0025257001127621361
10.216666666666727,0.0010424791008349769
10.22500000000006,-0.00050848122034802767
10.233333333333393,-0.00094885807138134367
10.241666666666726,-0.00027941581915406395
10.250000000000059,0.00045898620276294108
10.258333333333391,8.680655782160703e-05
10.266666666666724,-0.0013964085543161212
10.275000000000057,-0.0029510197432465481
10.28333333333339,-0.0033987129732490021
10.291666666666723,-0.0027402651804781775
10.300000000000056,-0.00097479051164036095
10.308333333333389,0.00085849848938656401
10.316666666666721,0.0015817024479527009
10.325000000000054,0.0011960103111574632
10.333333333333387,-0.00029905268938484918
10.34166666666672,-0.0018638653883859412
10.350000000000053,-0.0023201265499794648
10.358333333333386,-0.0016686252686472424
10.366666666666719,9.1512736806963777e-05
10.375000000000052,0.0019210644241972376
10.383333333333384,0.0026421255840044871
10.391666666666717,0.0022558830940268139
10.40000000000005,0.00076186068108476373
10.408333333333383,-0.000800320800640807
10.416666666666716,-0.0012523553491177117
10.425000000000049,-0.00059502500790363749
10.433333333333382,0.0011725521199942358
10.441666666666714,0.003011163081651736
10.450000000000047,0.0037429196942322784
10.45833333333338,0.0033690260926890706
10.466666666666713,0.001889023868071776
10.475000000000046,0.00034255141972893988
10.483333333333379,-9.2062580356970882e-05
10.491666666666712,0.00058442668527096755
10.500000000000044,0.0013311701406243273
10.508333333333377,0.00096863933340135848
10.51666666666671,-0.00050360560417227304
10.525000000000043,-0.0020459090720668068
10.533333333333376,-0.0024799363880103438
10.541666666666709,-0.0018064433701898584
10.550000000000042,-0.0010662804446326779
10.558333333333374,-0.0014389846557875438
10.566666666666707,-0.0029250096433784561
10.57500000000004,-0.004484722106714318
10.583333333333373,-0.0049398220136474373
10.591666666666706,-0.0042910984506725185
10.600000000000039,-0.0025376785663378358
10.608333333333372,-0.00071878682851335689
10.616666666666704,-1.2342417259772773e-05
10.625000000000037,-0.00041718320475492727
10.63333333333337,-0.00089205287246994227
10.641666666666703,-0.00025701499828748741
10.650000000000036,0.0014887785200133263
10.658333333333369,0.0033060820248655936
10.666666666666702,0.0040169763491803611
10.675000000000034,0.0036226345657143786
10.683333333333367,0.002122567339935363
10.6916666666667,0.00055638198198215997
10.700000000000033,0.00010237721293563604
10.708333333333366,0.00075976893798163352
10.716666666666699,0.0014876795054029964
10.725000000000032,0.0011065524311460483
10.733333333333364,-0.00038408014470933552
10.741666666666697,-0.0019445903196692019
10.75000000000003,-0.0023966705345831877
10.758333333333363,-0.0017411036581328747
10.766666666666696,2.2990774347674681e-05
10.775000000000029,0.0018563957767764306
10.783333333333362,0.0025812128248650741
10.791666666666694,0.0021986343684173688
10.800000000000027,0.00070818967607730061
10.80833333333336,-0.00085049489680237241
10.816666666666693,-0.0012991081062352862
10.825000000000026,-0.00063842689611211072
10.833333333333359,0.0011324357045505882
10.841666666666692,0.0029742716847639657
10.850000000000025,0.0037091975854664102
10.858333333333357,0.0033384222674310259
10.86666666666669,0.0018614920313310061
10.875000000000023,0.0003180499983192338
10.883333333333356,-0.00011357057438037222
10.891666666666689,0.00056587960049272708
10.900000000000022,0.0013155558827926816
10.908333333333355,0.00095593419890643361
10.916666666666687,-0.00051342094605018383
10.92500000000002,-0.0020528496084204783
10.933333333333353,-0.0024840128083641441
10.941666666666686,-0.0018076620662495393
10.950000000000019,-0.0010646435128316117
10.958333333333352,-0.0014344899120165922
10.966666666666685,-0.0029176506286917566
10.975000000000017,-0.0044744880565902451
10.98333333333335,-0.0049266978031120524
10.991666666666683,-0.0042750645957854091
11.000000000000016,-0.0025187112177140849
11.008333333333349,-0.00069685781806157199
11.016666666666682,1.2580818506862787e-05
11.025000000000015,-0.00038922867124379734
11.033333333333347,-0.00086102541796353267
11.04166666666668,-0.00022286837275480376
11.050000000000013,0.0015260952096046237
11.058333333333346,0.0033466244293815449
11.066666666666679,0.0040608050943991836
11.075000000000012,0.0036698152642034051
11.083333333333345,0.0021731706174642571
11.091666666666677,0.00061048339909053719
11.10000000000001,0.00016005747439115547
11.108333333333343,0.00082111414575627853
11.116666666666676,0.0015527812826274716
11.125000000000009,0.0011755081257802996
11.133333333333342,-0.00031116744401275159
11.141666666666675,-0.0018676116622725152
11.150000000000007,-0.0023155107516618137
11.15833333333334,-0.0016556412506736802
11.166666666666673,0.00011288367767311257
11.175000000000006,0.0019508535453438469
11.183333333333339,0.0026803768093726713
11.191666666666672,0.0023026530917051608
11.200000000000005,0.00081721888994604262
11.208333333333337,-0.00073629217988533952
11.21666666666667,-0.0011795611127691139
11.225000000000003,-0.00051335676074644541
11.233333333333336,0.00022145692814998352
11.241666666666669,-0.00015466680782012901
11.250000000000002,-0.0016421875308744787
11.258333333333335,-0.0032014724108635553
11.266666666666667,-0.0036542152281883937
11.275,-0.0030012006761674474
11.283333333333333,-0.0012415507969539476
11.291666666666666,0.00058551395720647561
11.299999999999999,0.001302084935150137
11.308333333333332,0.0009093408379290442
11.316666666666665,-0.00059320350084085538
11.324999999999998,-0.002165937868850215
11.33333333333333,-0.0026305734307303591
11.341666666666663,-0.0019879120632288467
11.349999999999996,-0.0002370924317610757
11.358333333333329,0.0015826490438345798
11.366666666666662,0.0022933930246365431
11.374999999999995,0.0018963105309329278
11.383333333333328,0.00039090923769467736
11.39166666666666,-0.0011832062704010757
11.399999999999993,-0.0016477479998337069
11.408333333333326,-0.0010035170181618188
11.416666666666659,0.00075034934300072676
11.424999999999992,0.0025746178072463951
11.433333333333325,0.0032913775113655318
11.441666666666658,0.0029018095705882741
11.44999999999999,0.001405432298300201
11.458333333333323,-0.00015813880959665447
11.466666666666656,-0.00061060011408082865
11.474999999999989,4.7266127196585666e-05
11.483333333333322,0.00077458299403570304
11.491666666666655,0.00039179247823517744
11.499999999999988,-0.0011015753223018129
11.50833333333332,-0.0026658962152411292
11.516666666666653,-0.0031228699031050282
11.524999999999986,-0.0024732870854851535
11.533333333333319,-0.00071627551924852801
11.541666666666652,0.0011089388069007607
11.549999999999985,0.0018244444456830505
11.558333333333318,0.0014314190608403611
11.56666666666665,-7.0623276093529039e-05
11.574999999999983,-0.001642072159609045
11.583333333333316,-0.0021046360015756129
11.591666666666649,-0.0014591132120018479
11.599999999999982,0.00029536129181138686
11.608333333333315,0.0021195556546113278
11.616666666666648,0.0028355579554772254
11.62499999999998,0.0024445476850657485
11.633333333333313,0.0009460412840485824
11.641666666666646,-0.00062034759640760889
11.649999999999979,-0.001076319284327748
11.658333333333312,-0.00042266160938287918
11.666666666666645,0.0013415016327966763
11.674999999999978,0.0031769523327343451
11.68333333333331,0.0039057980897227902
11.691666666666643,0.0035292388411695048
11.699999999999976,0.0020468120681789081
11.708333333333309,0.00049815190770007608
11.716666666666642,6.1583485001066635e-05
11.724999999999975,0.00073634878872566589
11.733333333333308,0.0014815961999672094
11.74166666666664,0.0011177952147807409
11.749999999999973,-0.00035549603095178135
11.758333333333306,-0.0018986236428609057
11.766666666666639,-0.0023332539259407004
11.774999999999972,-0.0016601435108607825
11.783333333333305,-0.00092014379564600416
11.791666666666638,-0.001292792380091538
11.799999999999971,-0.0027785429114392554
11.808333333333303,-0.0043377613718422635
11.816666666666636,-0.004792146235840667
11.824999999999969,-0.0041424854163257894
11.833333333333302,-0.0023879048056117073
11.841666666666635,-0.00056762785069462229
11.849999999999968,0.00014042802327197097
11.858333333333301,-0.00026257248098820947
11.866666666666633,-0.0007353702587031655
11.874999999999966,-9.8025693697880792e-05
11.883333333333299,0.0016503126118645333
11.891666666666632,0.0034704028476068558
11.899999999999965,0.0041843306067772803
11.908333333333298,0.0037932736999046249
11.916666666666631,0.0022967476248854811
11.924999999999963,0.00073436427758419992
11.933333333333296,0.00028442772391659336
11.941666666666629,0.00094616008133369318
11.949999999999962,0.0016786903029659278
11.958333333333295,0.0013024691214031244
11.966666666666628,-0.00018296408304760274
11.974999999999961,-0.0017379738301951111
11.983333333333293,-0.0021842440051688928
11.991666666666626,-0.0015225486156603555
11.999999999999959,0.00024800177577321669
12.008333333333292,0.002088199510277357
12.016666666666625,0.0028201566063826059
12.024999999999958,0.0024450764924496484
12.033333333333291,0.00096249954977601585
12.041666666666623,-0.00058793668838461814
12.049999999999956,-0.0010279086302618051
12.058333333333289,-0.00035818008666502573
12.066666666666622,0.0003803901127053503
12.074999999999955,8.2607931900667613e-06
12.083333333333288,-0.0014750217214496758
12.091666666666621,-0.0030298181675392755
12.099999999999953,-0.0034778150328372325
12.108333333333286,-0.0028197897613754064
12.116666666666619,-0.001054857050885243
12.124999999999952,0.00077776998450863563
12.133333333333285,0.0015001909840337043
12.141666666666618,0.001113593632561615
12.149999999999951,-0.00038249814411186409
12.158333333333283,-0.0019484646365377817
12.166666666666616,-0.002406006472582968
12.174999999999949,-0.0017559147266628045
12.183333333333282,2.6828568376102485e-06
12.191666666666615,0.0018305610758321
12.199999999999948,0.0025498130837770696
12.208333333333281,0.0021616229435535441
12.216666666666613,0.00066551151609655225
12.224999999999946,-0.00089890325340268463
12.233333333333279,-0.0013533187212851183
12.241666666666612,-0.000698520568567305
12.249999999999945,0.0010663694119920485
12.258333333333278,0.0029021342780756487
12.266666666666611,0.0036308812608750731
12.274999999999944,0.0032538098508009023
12.283333333333276,0.0017704569306036834
12.291666666666609,0.00022045630767489024
12.299999999999942,-0.00021786845614723006
12.308333333333275,0.00045472181792188528
12.316666666666608,0.0011973721957847675
12.324999999999941,0.00083054794591854906
12.333333333333274,-0.00064619715765024306
12.341666666666606,-0.0021932141611370553
12.349999999999939,-0.0026321757277779374
12.358333333333272,-0.0019638451816851392
12.366666666666605,-0.00018732264472983077
12.374999999999938,0.0016581939528292082
12.383333333333271,0.0023948240018838757
12.391666666666604,0.0020237774781032649
12.399999999999936,0.00054460108444303375
12.408333333333269,-0.0010030615354326118
12.416666666666602,-0.0014408826379889981
12.424999999999935,-0.00076962307388126394
12.433333333333268,-3.0138860566754361e-05
12.441666666666601,-0.00040196960906738275
12.449999999999934,-0.0018855682940811095
12.458333333333266,-0.0034412963851134571
12.466666666666599,-0.003890843192250588
12.474999999999932,-0.0032349887590483396
12.483333333333265,-0.0014728506090912173
12.491666666666598,0.00035635534691700786
12.499999999999931,0.0010747238008574685
