Time,Theta
0.0083333333333333332,-0.40751747624914686
0.016666666666666666,-0.40790549975730039
0.025000000000000001,-0.40787461343906745
0.033333333333333333,-0.40742480819740284
0.041666666666666664,-0.40655530053132155
0.049999999999999996,-0.40526453128117607
0.058333333333333327,-0.40355016304760821
0.066666666666666666,-0.40140907629010081
0.074999999999999997,-0.39883736411420495
0.083333333333333329,-0.39583032576009058
0.09166666666666666,-0.39238245880921874
0.099999999999999992,-0.38848745013082991
0.10833333333333332,-0.3841381655957653
0.11666666666666665,-0.37932663859209154
0.12499999999999999,-0.37404405738529817
0.13333333333333333,-0.36828075137573524
0.14166666666666666,-0.36202617631772605
0.14999999999999999,-0.35623196554574271
0.15833333333333333,-0.35198254978242033
0.16666666666666666,-0.34830756016198705
0.17499999999999999,-0.34410572413061924
0.18333333333333332,-0.33936940199254845
0.19166666666666665,-0.33408998466417222
0.19999999999999998,-0.32825788185720861
0.20833333333333331,-0.32186250928883703
0.21666666666666665,-0.31587158573028923
0.22499999999999998,-0.31138744944739954
0.23333333333333331,-0.30742312175042091
0.24166666666666664,-0.3028586651762542
0.24999999999999997,-0.29768586376830419
0.2583333333333333,-0.29189541345804726
0.26666666666666666,-0.28547691169818584
0.27500000000000002,-0.27941133948721425
0.28333333333333338,-0.27481564842103823
0.29166666666666674,-0.27068952846348548
0.3000000000000001,-0.26589815892770946
0.30833333333333346,-0.26043301886661563
0.31666666666666682,-0.25428440045703499
0.32500000000000018,-0.24744140088556418
0.33333333333333354,-0.24089663566291025
0.3416666666666669,-0.23578006093509318
0.35000000000000026,-0.23208618914228318
0.35833333333333361,-0.22880223076964068
0.36666666666666697,-0.22477984677058016
0.37500000000000033,-0.2200120180930368
0.38333333333333369,-0.21449042963573001
0.39166666666666705,-0.20820546609589249
0.40000000000000041,-0.20216169624865654
0.40833333333333377,-0.19750171357896365
0.41666666666666713,-0.19320223606723183
0.42500000000000049,-0.18810300732517382
0.43333333333333385,-0.18219527314240339
0.44166666666666721,-0.17546891289518432
0.45000000000000057,-0.16893559786693832
0.45833333333333393,-0.16374577621190339
0.46666666666666728,-0.1598931210173036
0.47500000000000064,-0.15634679521091788
0.483333333333334,-0.15193842622455325
0.49166666666666736,-0.14666061747562517
0.50000000000000067,-0.14050452697596963
0.50833333333333397,-0.13448972630357472
0.51666666666666727,-0.12977480726758905
0.52500000000000058,-0.12635369668333962
0.53333333333333388,-0.12318997176526363
0.54166666666666718,-0.11910919161071039
0.55000000000000049,-0.11410466733524589
0.55833333333333379,-0.1081682051500618
0.5666666666666671,-0.10232486385253298
0.5750000000000004,-0.097738897599889366
0.5833333333333337,-0.094404120619097601
0.59166666666666701,-0.091279674551720633
0.60000000000000031,-0.087186278162909733
0.60833333333333361,-0.082117383632045626
0.61666666666666692,-0.076064893433346603
0.62500000000000022,-0.070057522854768961
0.63333333333333353,-0.065263258609976615
0.64166666666666683,-0.061675362042768987
0.65000000000000013,-0.058249274370146119
0.65833333333333344,-0.053801720585925285
0.66666666666666674,-0.048325777617355625
0.67500000000000004,-0.042853360434801292
0.68333333333333335,-0.038555499103609142
0.69166666666666665,-0.035425941497282266
0.69999999999999996,-0.032419072214046267
0.70833333333333326,-0.028350529601093005
0.71666666666666656,-0.023214138059420516
0.72499999999999987,-0.018043588380185323
0.73333333333333317,-0.014011496360195485
0.74166666666666647,-0.011111826270943957
0.74999999999999978,-0.0082984973225394536
0.75833333333333308,-0.0043867087897037759
0.76666666666666639,0.00062933110224791902
0.77499999999999969,0.0057152856275547005
0.78333333333333299,0.0096981404724267549
0.7916666666666663,0.012584006716372508
0.7999999999999996,0.015419005543178552
0.8083333333333329,0.019387873563040753
0.81666666666666621,0.024496339296438907
0.82499999999999951,0.02971044349345757
0.83333333333333282,0.033857891591119564
0.84166666666666612,0.036945190689588771
0.84999999999999942,0.040018095009893138
0.85833333333333273,0.044260753013988179
0.86666666666666603,0.048638681447180983
0.87499999999999933,0.051979340682712517
0.88333333333333264,0.054288081652930406
0.89166666666666594,0.056608520725072609
0.89999999999999925,0.060122541415152789
0.90833333333333255,0.064834964261908004
0.91666666666666585,0.069713269801265562
0.92499999999999916,0.07358734651561194
0.93333333333333246,0.076463493283762868
0.94166666666666576,0.078346426920034629
0.94999999999999907,0.080277157558068205
0.95833333333333237,0.083434689259420686
0.96666666666666567,0.087823213512570039
0.97499999999999898,0.092411810056679616
0.98333333333333228,0.096032463963622972
0.99166666666666559,0.098691173130320956
0.99999999999999889,0.10039237983493385
1.0083333333333322,0.10217438740537835
1.0166666666666655,0.10521315154114835
1.0249999999999988,0.10951258257558413
1.0333333333333321,0.11404417723687581
1.0416666666666654,0.11764290609011778
1.0499999999999987,0.12031482403785028
1.058333333333332,0.12206446247277106
1.0666666666666653,0.12289482665958675
1.0749999999999986,0.1238397238056646
1.0833333333333319,0.12607037178408315
1.0916666666666652,0.12958952618166478
1.0999999999999985,0.13337050747368998
1.1083333333333318,0.13625051474050426
1.1166666666666651,0.13823447481389739
1.1249999999999984,0.13932581681338335
1.1333333333333317,0.14055610890273601
1.1416666666666651,0.14309389374699549
1.1499999999999984,0.14591342087984377
1.1583333333333317,0.14785295948854202
1.166666666666665,0.14891588325210464
1.1749999999999983,0.15013200883702874
1.1833333333333316,0.15266789945569592
1.1916666666666649,0.15549952213109897
1.1999999999999982,0.15746716296199934
1.2083333333333315,0.15857426188087242
1.2166666666666648,0.15882279608570507
1.2249999999999981,0.15923936935008637
1.2333333333333314,0.16098733682428307
1.2416666666666647,0.16304323776359375
1.249999999999998,0.16424794658625771
1.2583333333333313,0.16460361297924084
1.2666666666666646,0.16513586199474509
1.2749999999999979,0.16700688439109254
1.2833333333333312,0.16919458203842527
1.2916666666666645,0.17054142819275483
1.2999999999999978,0.17104982305386962
1.3083333333333311,0.17072072866099738
1.3166666666666644,0.17057737789660521
1.3249999999999977,0.17177964194444864
1.333333333333331,0.17432885291657588
1.3416666666666643,0.17720529375532021
1.3499999999999976,0.17925430338697085
1.358333333333331,0.18047950179270064
1.3666666666666643,0.18088309105157954
1.3749999999999976,0.18046585580772553
1.3833333333333309,0.18024877076972345
1.3916666666666642,0.18138921783664011
1.3999999999999975,0.18286723847845868
1.4083333333333308,0.18352766971821013
1.4166666666666641,0.18337174083135646
1.4249999999999974,0.18239926967464462
1.4333333333333307,0.18162988042380993
1.441666666666664,0.18221975619371145
1.4499999999999973,0.18416948656217097
1.4583333333333306,0.18646074463503562
1.4666666666666639,0.18794039464518195
1.4749999999999972,0.18861108680044639
1.4833333333333305,0.18847407058427842
1.4916666666666638,0.18752919520642813
1.4999999999999971,0.18679495914119135
1.5083333333333304,0.18742626919386499
1.5166666666666637,0.18840389767088603
1.524999999999997,0.18857342700937924
1.5333333333333303,0.18793523792517788
1.5416666666666636,0.18648831087091808
1.5499999999999969,0.18525055338102223
1.5583333333333302,0.18537649975865536
1.5666666666666635,0.18584582485277917
1.5749999999999968,0.18550275466614896
1.5833333333333302,0.18434678244291955
1.5916666666666635,0.18339678778431251
1.5999999999999968,0.18380822510234254
1.6083333333333301,0.18456076792454235
1.6166666666666634,0.18449869653326148
1.6249999999999967,0.18362199086765146
1.63333333333333,0.18192922189527957
1.6416666666666633,0.18043892879385318
1.6499999999999966,0.18030648784092829
1.6583333333333299,0.18051010770304207
1.6666666666666632,0.17989229050118372
1.6749999999999965,0.17845205776111775
1.6833333333333298,0.17720914124135259
1.6916666666666631,0.1773201058333008
1.6999999999999964,0.17776280554071583
1.7083333333333297,0.17737938301175066
1.716666666666663,0.17616926566785931
1.7249999999999963,0.17413045718417702
1.7333333333333296,0.17228264539937288
1.7416666666666629,0.17178267053529786
1.7499999999999962,0.1716064211596755
1.7583333333333295,0.17059369005166855
1.7666666666666628,0.16874282724170242
1.7749999999999961,0.1670749762874944
1.7833333333333294,0.16674849268228845
1.7916666666666627,0.16673842747020473
1.799999999999996,0.16588365021260368
1.8083333333333294,0.1641827868510316
1.8166666666666627,0.16163301698640706
1.824999999999996,0.15925579541175416
1.8333333333333293,0.15821017692455924
1.8416666666666626,0.1584947857590876
1.8499999999999959,0.15908379174412951
1.8583333333333292,0.15881514960438833
1.8666666666666625,0.15768849197629656
1.8749999999999958,0.15570198947533342
1.8833333333333291,0.15387919263498379
1.8916666666666624,0.15338119154243265
1.8999999999999957,0.15318015865830892
1.908333333333329,0.15211166193614623
1.9166666666666623,0.15017397802405899
1.9249999999999956,0.14736391087570749
1.9333333333333289,0.1447052405718445
1.9416666666666622,0.14335969858402661
1.9499999999999955,0.14332550514193645
1.9583333333333288,0.14357358028596698
1.9666666666666621,0.14293812053309535
1.9749999999999954,0.14141814550050238
1.9833333333333287,0.13901118337027718
1.991666666666662,0.13674316771373432
1.9999999999999953,0.13577800919186428
2.0083333333333289,0.13508409212940006
2.0166666666666622,0.13349262990504437
2.0249999999999955,0.13100104483750072
2.0333333333333288,0.12863648774402819
2.0416666666666621,0.12756423862213825
2.0499999999999954,0.12675118275957586
2.0583333333333287,0.12502682789208572
2.066666666666662,0.12238839061776501
2.0749999999999953,0.11986415438936658
2.0833333333333286,0.11862069423631386
2.0916666666666619,0.11865629805517483
2.0999999999999952,0.11893795974564253
2.1083333333333285,0.1182953873360843
2.1166666666666618,0.11672760901694446
2.1249999999999951,0.11423211877008219
2.1333333333333284,0.11183864502882283
2.1416666666666617,0.11071527946038044
2.149999999999995,0.10982631167697071
2.1583333333333283,0.10799831436215866
2.1666666666666616,0.10522836938298058
2.1749999999999949,0.10254701107253832
2.1833333333333282,0.10112330163951419
2.1916666666666615,0.1009552497360456
2.1999999999999948,0.10100714777338488
2.2083333333333282,0.10010560313936906
2.2166666666666615,0.098249235322297554
2.2249999999999948,0.095435102417927214
2.2333333333333281,0.092694912687967382
2.2416666666666614,0.091199004637577755
2.2499999999999947,0.090945264217942551
2.258333333333328,0.090896663571912853
2.2666666666666613,0.089878298986171737
2.2749999999999946,0.087888612375421782
2.2833333333333279,0.084924470288682094
2.2916666666666612,0.082018548029659882
2.2999999999999945,0.080342258842035039
2.3083333333333278,0.079893214068266397
2.3166666666666611,0.079632928776448689
2.3249999999999944,0.07838483820092014
2.3333333333333277,0.076147029943758632
2.341666666666661,0.072916002311375613
2.3499999999999943,0.069725221974620846
2.3583333333333276,0.067747000103705893
2.3666666666666609,0.066978493539833664
2.3749999999999942,0.066379570605071339
2.3833333333333275,0.064771805698681087
2.3916666666666608,0.062152736615935067
2.3999999999999941,0.05955772583129515
2.4083333333333274,0.058160934854810158
2.4166666666666607,0.057960300877876424
2.424999999999994,0.057915787563694927
2.4333333333333274,0.056849036857546928
2.4416666666666607,0.054758461242528436
2.449999999999994,0.051640857933618049
2.4583333333333273,0.048531585405817645
2.4666666666666606,0.046604880643317997
2.4749999999999939,0.045857901610184881
2.4833333333333272,0.045249032778724406
2.4916666666666605,0.043598163199310598
2.4999999999999938,0.040902811846782808
2.5083333333333271,0.038199641747620763
2.5166666666666604,0.036664155185786682
2.5249999999999937,0.03629403954274197
2.533333333333327,0.036047724987514317
2.5416666666666603,0.034745106731594033
2.5499999999999936,0.032384265916832189
2.5583333333333269,0.030002791588619272
2.5666666666666602,0.028777080225260574
2.5749999999999935,0.028705248253981134
2.5833333333333268,0.02874584900145806
2.5916666666666601,0.027718869684762601
2.5999999999999934,0.025622830244958181
2.6083333333333267,0.023495985276981313
2.61666666666666,0.022515371158199005
2.6249999999999933,0.021638004055846587
2.6333333333333266,0.019682254855126001
2.6416666666666599,0.016645234810581635
2.6499999999999932,0.01356402379620196
2.6583333333333266,0.011614494030075098
2.6666666666666599,0.010793659657340219
2.6749999999999932,0.010058513548754915
2.6833333333333265,0.0082273774866329832
2.6916666666666598,0.0052975857391491963
2.6999999999999931,0.0023065710010691668
2.7083333333333264,0.00043048733583826287
2.7166666666666597,-0.00033357546285580736
2.724999999999993,1.3133827516106445e-05
2.7333333333333263,0.00042927172402743637
2.7416666666666596,-0.0002651864099463529
2.7499999999999929,-0.0020711772148242903
2.7583333333333262,-0.0039495455283093265
2.7666666666666595,-0.004722466187978243
2.7749999999999928,-0.0043912063172607497
2.7833333333333261,-0.0039971197813432396
2.7916666666666594,-0.0047202506426156166
2.7999999999999927,-0.0065615733153234898
2.808333333333326,-0.0084820013660935768
2.8166666666666593,-0.0093038066383609053
2.8249999999999926,-0.0090283353756967031
2.8333333333333259,-0.0086969859665661786
2.8416666666666592,-0.0094898519324208928
2.8499999999999925,-0.011408005611707801
2.8583333333333258,-0.013412520132621038
2.8666666666666591,-0.014325862850424106
2.8749999999999925,-0.01414952508123528
2.8833333333333258,-0.013924980618330939
2.8916666666666591,-0.014832397274075005
2.8999999999999924,-0.016873009580969166
2.9083333333333257,-0.019008157756166502
2.916666666666659,-0.020060624582986044
2.9249999999999923,-0.020032121443269969
2.9333333333333256,-0.019964221246617803
2.9416666666666589,-0.021037180173971822
2.9499999999999922,-0.023252466289356198
2.9583333333333255,-0.025571823443281128
2.9666666666666588,-0.026818505801313394
2.9749999999999921,-0.026994533435387234
2.9833333333333254,-0.027141588131172938
2.9916666666666587,-0.028440008369986579
2.999999999999992,-0.030891577078441295
3.0083333333333253,-0.033458624340200784
3.0166666666666586,-0.034965088372540615
3.0249999999999919,-0.035413405847162259
3.0333333333333252,-0.034804374520822391
3.0416666666666585,-0.034178171030560027
3.0499999999999918,-0.034713655255967382
3.0583333333333251,-0.036411494844717521
3.0666666666666584,-0.038233137520227424
3.0749999999999917,-0.039001651974544985
3.083333333333325,-0.038718336214273875
3.0916666666666583,-0.038423687165260886
3.0999999999999917,-0.039296846299914964
3.108333333333325,-0.041338962050107793
3.1166666666666583,-0.043512212377365862
3.1249999999999916,-0.044640483322275756
3.1333333333333249,-0.044725641063617573
3.1416666666666582,-0.043767920566803425
3.1499999999999915,-0.04280651508359351
3.1583333333333248,-0.04301930005628829
3.1666666666666581,-0.044406474303606544
3.1749999999999914,-0.045929424573244185
3.1833333333333247,-0.046411226580122401
3.191666666666658,-0.045852736899811224
3.1999999999999913,-0.045293648613314252
3.2083333333333246,-0.045912291067383586
3.2166666666666579,-0.047709440182285102
3.2249999999999912,-0.049647259834235839
3.2333333333333245,-0.05054968367811203
3.2416666666666578,-0.050418232030202167
3.2499999999999911,-0.049252799408481929
3.2583333333333244,-0.048091933575804741
3.2666666666666577,-0.048112862910898238
3.274999999999991,-0.049315511836547442
3.2833333333333243,-0.050661281204263595
3.2916666666666576,-0.050973303426155421
3.2999999999999909,-0.050252170769911911
3.3083333333333242,-0.04953705792911179
3.3166666666666575,-0.050005769769433571
3.3249999999999909,-0.051658865291316303
3.3333333333333242,-0.053458538224531289
3.3416666666666575,-0.054228791324293528
3.3499999999999908,-0.053970940871135006
3.3583333333333241,-0.052684680986689075
3.3666666666666574,-0.051408149572089071
3.3749999999999907,-0.051318162955679494
3.383333333333324,-0.052414488510642843
3.3916666666666573,-0.053658567249065328
3.3999999999999906,-0.053873599871798683
3.4083333333333239,-0.053060026709869972
3.4166666666666572,-0.052256695930734252
3.4249999999999905,-0.052641080566483089
3.4333333333333238,-0.054213618317773271
3.4416666666666571,-0.055936551461444765
3.4499999999999904,-0.056633958224838313
3.4583333333333237,-0.056307042157511068
3.466666666666657,-0.05495538713988668
3.4749999999999903,-0.0536168740605363
3.4833333333333236,-0.053468058974138706
3.4916666666666569,-0.05450862657195886
3.4999999999999902,-0.055700075337337646
3.5083333333333235,-0.05586568438950739
3.5166666666666568,-0.055005816405577806
3.5249999999999901,-0.054159114889482905
3.5333333333333234,-0.054502842355534827
3.5416666666666567,-0.056037377942879031
3.5499999999999901,-0.057725031828692833
3.5583333333333234,-0.058389971747326443
3.5666666666666567,-0.058033351416468149
3.57499999999999,-0.056654706758164627
3.5833333333333233,-0.055291756177481
3.5916666666666566,-0.055120888062980794
3.5999999999999899,-0.05614175646676909
3.6083333333333232,-0.057315942755641461
3.6166666666666565,-0.05746682818579954
3.6249999999999898,-0.056594752383010385
3.6333333333333231,-0.055738228006809394
3.6416666666666564,-0.056074378751831175
3.6499999999999897,-0.057603572157959235
3.658333333333323,-0.059288219215906469
3.6666666666666563,-0.059952610464203693
3.6749999999999896,-0.05959790006230465
3.6833333333333229,-0.058223626081338652
3.6916666666666562,-0.056867399376028645
3.6999999999999895,-0.056705492209730576
3.7083333333333228,-0.057737571679439083
3.7166666666666561,-0.058925346992839481
3.7249999999999894,-0.059092349976496053
3.7333333333333227,-0.058238946018010211
3.741666666666656,-0.056363883645998737
3.7499999999999893,-0.05450412787894756
3.7583333333333226,-0.053835372969588541
3.7666666666666559,-0.054356570838961525
3.7749999999999893,-0.055028464894750481
3.7833333333333226,-0.054673519097524201
3.7916666666666559,-0.053291273910496102
3.7999999999999892,-0.051919677024364695
3.8083333333333225,-0.05173536236114365
3.8166666666666558,-0.052737964004254449
3.8249999999999891,-0.053888809182920897
3.8333333333333224,-0.054010978812082021
3.8416666666666557,-0.053104766735036391
3.849999999999989,-0.051168844572210999
3.8583333333333223,-0.049240440199292815
3.8666666666666556,-0.048495535298080449
3.8749999999999889,-0.048932967777585025
3.8833333333333222,-0.049513012639412241
3.8916666666666555,-0.04905759462273096
3.8999999999999888,-0.047566099444544568
3.9083333333333221,-0.046076672857838945
3.9166666666666554,-0.04576618013114514
3.9249999999999887,-0.046634073921514432
3.933333333333322,-0.047641114185342642
3.9416666666666553,-0.047609727419876055
3.9499999999999886,-0.046539965879254498
3.9583333333333219,-0.045470690608348692
3.9666666666666552,-0.045579444777595457
3.9749999999999885,-0.045825831591635016
3.9833333333333218,-0.04503103753085539
3.9916666666666551,-0.043193919581325138
3.9999999999999885,-0.041352342529874256
4.0083333333333222,-0.040682934074542897
4.0166666666666559,-0.041184630458411982
4.0249999999999897,-0.041817365895689379
4.0333333333333234,-0.041402650585545805
4.0416666666666572,-0.039939939222064701
4.0499999999999909,-0.038467849030487972
4.0583333333333247,-0.038163734052861782
4.0666666666666584,-0.039027052258218543
4.0749999999999922,-0.040018156120752511
4.0833333333333259,-0.039958982614591645
4.0916666666666597,-0.038849541532679055
4.0999999999999934,-0.037729050023588541
4.1083333333333272,-0.037775435694664378
4.1166666666666609,-0.037947803662999109
4.1249999999999947,-0.037066767380588138
4.1333333333333284,-0.035131059257247556
4.1416666666666622,-0.033178800599688973
4.1499999999999959,-0.032386891625520525
4.1583333333333297,-0.03275408248521465
4.1666666666666634,-0.033239724464098667
4.1749999999999972,-0.032664659873931218
4.1833333333333309,-0.031028100879569663
4.1916666666666647,-0.029368805006211623
4.1999999999999984,-0.028864288842024317
4.2083333333333321,-0.029513714993106954
4.2166666666666659,-0.030276722719425799
4.2249999999999996,-0.029974434395861827
4.2333333333333334,-0.028606485888976827
4.2416666666666671,-0.027212140173028841
4.2500000000000009,-0.026969403137681484
4.2583333333333346,-0.027877816650500525
4.2666666666666684,-0.028897342193131573
4.2750000000000021,-0.028849426262377947
4.2833333333333359,-0.027734097630778061
4.2916666666666696,-0.026591037781349264
4.3000000000000034,-0.026598656735727172
4.3083333333333371,-0.02671555087923605
4.3166666666666709,-0.025761741703012857
4.3250000000000046,-0.0237358648236198
4.3333333333333384,-0.021676344044519166
4.3416666666666721,-0.020760377910298569
4.3500000000000059,-0.020986520206473017
4.3583333333333396,-0.021313521266900948
4.3666666666666734,-0.020561533674434959
4.3750000000000071,-0.018729509692359501
4.3833333333333409,-0.016856310924871658
4.3916666666666746,-0.016119554455596007
4.4000000000000083,-0.016518051000746894
4.4083333333333421,-0.017010701371223354
4.4166666666666758,-0.01641779051910771
4.4250000000000096,-0.014738518125211321
4.4333333333333433,-0.013012068222998892
4.4416666666666771,-0.01241636485361707
4.4500000000000108,-0.012950422888851808
4.4583333333333446,-0.013573279508952339
4.4666666666666783,-0.013105341641611493
4.4750000000000121,-0.011546001985480983
4.4833333333333458,-0.009934683821418917
4.4916666666666796,-0.0094495379885685994
4.5000000000000133,-0.01008974054854843
4.5083333333333471,-0.01081444656027071
4.5166666666666808,-0.010444169334855398
4.5250000000000146,-0.0089784515674251487
4.5333333333333483,-0.0074568948342051931
4.5416666666666821,-0.0070578182084737387
4.5500000000000158,-0.0077805239412096529
4.5583333333333496,-0.0085842654934721076
4.5666666666666833,-0.0082896453361475074
4.5750000000000171,-0.0068963218599429775
4.5833333333333508,-0.0054440294741813387
4.5916666666666845,-0.0051112118892994154
4.6000000000000183,-0.0058972689105799376
4.608333333333352,-0.0067615336429883554
4.6166666666666858,-0.0065246806975894685
4.6250000000000195,-0.0051864565111119894
4.6333333333333533,-0.0037866937225863252
4.641666666666687,-0.0035039275082437062
4.6500000000000208,-0.0043376315884678775
4.6583333333333545,-0.0052472013892180544
4.6666666666666883,-0.005053367664805488
4.675000000000022,-0.0037559422666572904
4.6833333333333558,-0.0023948290749155761
4.6916666666666895,-0.0021486288111894052
4.7000000000000233,-0.0030168692982534542
4.708333333333357,-0.0039589925495997413
4.7166666666666908,-0.0037957707210025267
4.7250000000000245,-0.0025270621534668304
4.7333333333333583,-0.0011928202628695573
4.741666666666692,-0.00097169036595136783
4.7500000000000258,-0.0018632373959658595
4.7583333333333595,-0.0028269356522161193
4.7666666666666933,-0.0026835851082719206
4.775000000000027,-0.0014330742965963925
4.7833333333333607,-0.00011538801145077345
4.7916666666666945,9.0801517399923931e-05
4.8000000000000282,-0.00081409270240244001
4.808333333333362,-0.0017895640621689557
4.8166666666666957,-0.0016564276515756825
4.8250000000000295,-0.00041458760777254394
4.8333333333333632,0.00089595586093968677
4.841666666666697,0.0010965193652571464
4.8500000000000307,0.00018750775737347354
4.8583333333333645,-0.00079057895278916485
4.8666666666666982,-0.00065855878306776737
4.875000000000032,0.00058366220838490177
4.8833333333333657,0.0018960833000013289
4.8916666666666995,0.0021000249008650148
4.9000000000000332,0.0011958972064901327
4.908333333333367,0.00022420586547731124
4.9166666666667007,0.00036414201542681328
4.9250000000000345,0.0016158112059933396
4.9333333333333682,0.0029392270624274157
4.941666666666702,0.0031557290037515649
4.9500000000000357,0.0022657463931271609
4.9583333333333695,0.0013098029543515777
4.9666666666667032,0.0014671113769508751
4.9750000000000369,0.0027378029222713297
4.9833333333333707,0.0040819214006929333
4.9916666666667044,0.0043208417807812033
5.0000000000000382,0.0034550275004273127
5.0083333333333719,0.0025250334378485351
5.0166666666667057,0.0027101069391673796
5.0250000000000394,0.0040104204067576291
5.0333333333333732,0.0053860657696054651
5.0416666666667069,0.0056584726261568533
5.0500000000000407,0.0048281553054605715
5.0583333333333744,0.0039357139677827597
5.0666666666667082,0.0041604447626110092
5.0750000000000419,0.0055025787964138335
5.0833333333333757,0.0069222774775436384
5.0916666666667094,0.0072410481413373168
5.1000000000000432,0.0064594756784972776
5.1083333333333769,0.0056182210304521352
5.1166666666667107,0.0058966445468304485
5.1250000000000444,0.0072950566386831795
5.1333333333333782,0.0087737146800849798
5.1416666666667119,0.009154232815570932
5.1500000000000457,0.0084372901431771716
5.1583333333333794,0.0076636254167190285
5.1666666666667131,0.0080126798030721487
5.1750000000000469,0.0094848676929579021
5.1833333333333806,0.011040576312833273
5.1916666666667144,0.011501564300429127
5.2000000000000481,0.010868633951792897
5.2083333333333819,0.010182620253828533
5.2166666666667156,0.010623062569141284
5.2250000000000494,0.012190509226583393
5.2333333333333831,0.013845521749446549
5.2416666666667169,0.014410053295604673
5.2500000000000506,0.013885065405749589
5.2583333333333844,0.013311508421665242
5.2666666666667181,0.013869036829129121
5.2750000000000519,0.015558369553092886
5.2833333333333856,0.017340301914873145
5.2916666666667194,0.018037049348496009
5.3000000000000531,0.017649777914860467
5.3083333333333869,0.016177999987181051
5.3166666666667206,0.014661184585282025
5.3250000000000544,0.01427753745093817
5.3333333333333881,0.015026387934438116
5.3416666666667219,0.015867127118166673
5.3500000000000556,0.015620533258318357
5.3583333333333893,0.014286334253298557
5.3666666666667231,0.012904246461024851
5.3750000000000568,0.01265271467494688
5.3833333333333906,0.013531262551027372
5.3916666666667243,0.014499447978503974
5.4000000000000581,0.014378211098804871
5.4083333333333918,0.013167470980803357
5.4166666666667256,0.011907151666295182
5.4250000000000593,0.011775899793977689
5.4333333333333931,0.012773416653828151
5.4416666666667268,0.013859425010682191
5.4500000000000606,0.013855028609552816
5.4583333333333943,0.012760324219262041
5.4666666666667281,0.01161541869454635
5.4750000000000618,0.011599137553965954
5.4833333333333956,0.012711352216377656
5.4916666666667293,0.013911954932102026
5.5000000000000631,0.014022221533365209
5.5083333333333968,0.01304242305523561
5.5166666666667306,0.01201283558025773
5.5250000000000643,0.012112451237113459
5.5333333333333981,0.013341312901350764
5.5416666666667318,0.014659495654300071
5.5500000000000655,0.01488846525348885
5.5583333333333993,0.014028673383347512
5.566666666666733,0.013120560468785838
5.5750000000000668,0.013343280926443248
5.5833333333334005,0.01469705930447069
5.5916666666667343,0.01614217815830506
5.600000000000068,0.016500323458408767
5.6083333333334018,0.015772144127955728
5.6166666666667355,0.014998246528338637
5.6250000000000693,0.015357948433187694
5.633333333333403,0.016851675611182348
5.6416666666667368,0.01843995750492301
5.6500000000000705,0.018944747270954951
5.6583333333334043,0.01836691889599168
5.666666666666738,0.016705693262912033
5.6750000000000718,0.015000239957126111
5.6833333333334055,0.014428472957954849
5.6916666666667393,0.014989444282526354
5.700000000000073,0.015642265813670859
5.7083333333334068,0.01520743061088085
5.7166666666667405,0.013684380180939376
5.7250000000000743,0.01211255586881955
5.733333333333408,0.011670131585017238
5.7416666666667417,0.012356348220551499
5.7500000000000755,0.013130459823983942
5.7583333333334092,0.012813091092630083
5.766666666666743,0.011403863628682778
5.7750000000000767,0.0099424301722180353
5.7833333333334105,0.0096071669924269465
5.7916666666667442,0.010397472473270683
5.800000000000078,0.011272728802723314
5.8083333333334117,0.011053681086535217
5.8166666666667455,0.0097401009053634004
5.8250000000000792,0.0083718098206463538
5.833333333333413,0.0081273461944007079
5.8416666666667467,0.0090062425244255007
5.8500000000000805,0.0099679970632613347
5.8583333333334142,0.0098334656377873971
5.866666666666748,0.0086025482426574547
5.8750000000000817,0.0073152057472058605
5.8833333333334155,0.0071501110175168411
5.8916666666667492,0.0081069142169812886
5.900000000000083,0.00914522084267568
5.9083333333334167,0.0090859907522632503
5.9166666666667505,0.0079292380314490065
5.9250000000000842,0.0067150432349825304
5.9333333333334179,0.0066221957292783564
5.9416666666667517,0.007650453049641231
5.9500000000000854,0.008759523177116894
5.9583333333334192,0.0087704672565233968
5.9666666666667529,0.0076834055215878804
5.9750000000000867,0.0065385263589148443
5.9833333333334204,0.0065147251456867282
5.9916666666667542,0.0076118621542924465
6.0000000000000879,0.0087897477829630821
6.0083333333334217,0.0088695464539016149
6.0166666666667554,0.0078514825100171291
6.0250000000000892,0.006775846664126093
6.0333333333334229,0.0068216359275617196
6.0416666666667567,0.0079888141070130134
6.0500000000000904,0.0092372993410848921
6.0583333333334242,0.0093883669278820771
6.0666666666667579,0.0084423490604140089
6.0750000000000917,0.0074396386527949155
6.0833333333334254,0.007559335097038794
6.0916666666667592,0.0088015119995072163
6.1000000000000929,0.010126206902907007
6.1083333333334267,0.010354820366472046
6.1166666666667604,0.0094878021716897493
6.1250000000000941,0.0085656519775615218
6.1333333333334279,0.0087675766295517484
6.1416666666667616,0.010093771567150923
6.1500000000000954,0.011504413143797942
6.1583333333334291,0.011821050066814423
6.1666666666667629,0.011044266017146245
6.1750000000000966,0.010214675960192038
6.1833333333334304,0.010511602762942201
6.1916666666667641,0.011935382070937972
6.2000000000000979,0.013446358297073102
6.2083333333334316,0.013866262235117921
6.2166666666667654,0.013195835322932536
6.2250000000000991,0.012475819590473215
6.2333333333334329,0.012885664836639964
6.2416666666667666,0.013384222809226087
6.2500000000001004,0.012791711385997011
6.2583333333334341,0.011107334281882835
6.2666666666667679,0.0093703324237999885
6.2750000000001016,0.0087586758868241459
6.2833333333334354,0.009271352534700553
6.2916666666667691,0.0098673180536924272
6.3000000000001029,0.0093668801182686251
6.3083333333334366,0.0077693850707194782
6.3166666666667703,0.0061142499283461937
6.3250000000001041,0.0055796073269074693
6.3333333333334378,0.0061645568110499181
6.3416666666667716,0.0068281331059083534
6.3500000000001053,0.0063907110946235862
6.3583333333334391,0.0048517346322163347
6.3666666666667728,0.0032507364979551981
6.3750000000001066,0.0027659528848807298
6.3833333333334403,0.0033965555250010273
6.3916666666667741,0.0041016321382550559
6.4000000000001078,0.0037016005221038608
6.4083333333334416,0.0021959627282753936
6.4166666666667753,0.0006243173855838771
6.4250000000001091,0.00016495488995168784
6.4333333333334428,0.00081708316623040783
6.4416666666667766,0.0015398166995728251
6.4500000000001103,0.0011535913201549057
6.4583333333334441,-0.00034206851359536145
6.4666666666667778,-0.0019075424855989958
6.4750000000001116,-0.0023645304192909107
6.4833333333334453,-0.0017138225298159939
6.4916666666667791,-0.00099630371470979897
6.5000000000001128,-0.0013915451419809234
6.5083333333334465,-0.0029000342169152246
6.5166666666667803,-0.0044821712279305521
6.525000000000114,-0.0049596897231474471
6.5333333333334478,-0.0043334125474796519
6.5416666666667815,-0.003644250083060986
6.5500000000001153,-0.0040718055001598523
6.558333333333449,-0.0056166126798734518
6.5666666666667828,-0.007239136564575482
6.5750000000001165,-0.007761190898207964
6.5833333333334503,-0.007183667689312126
6.591666666666784,-0.0055057986214737146
6.6000000000001178,-0.0037669019113635675
6.6083333333334515,-0.0031450034809572701
6.6166666666667853,-0.0036390707006051176
6.625000000000119,-0.0042079880482133259
6.6333333333334528,-0.0036719699575205873
6.6416666666667865,-0.002030313854151697
6.6500000000001203,-0.00032241457537795625
6.658333333333454,0.00027364138092630637
6.6666666666667878,-0.00024114886887809301
6.6750000000001215,-0.0018674526653412872
6.6833333333334553,-0.0035658453596360195
6.691666666666789,-0.0041582305289382055
6.7000000000001227,-0.0036456032039774416
6.7083333333334565,-0.0020272960350269519
6.7166666666667902,-0.00034273897346058225
6.725000000000124,0.00022994649289745625
6.7333333333334577,-0.00030827755925861276
6.7416666666667915,-0.00091635474563097545
6.7500000000001252,-0.00041454835671494528
6.758333333333459,0.0011977900251413732
6.7666666666667927,0.0028812146158678918
6.7750000000001265,0.0034576042435353984
6.7833333333334602,0.0029279292901160511
6.791666666666794,0.0012914973684524254
6.8000000000001277,-0.0004122860908996063
6.8083333333334615,-0.0010053275956293259
6.8166666666667952,-0.00048862039352566577
6.825000000000129,0.0011385063454493344
6.8333333333334627,0.0028366290254672982
6.8416666666667965,0.0034276483776952789
6.8500000000001302,0.0029125567415833058
6.858333333333464,0.001290683673661119
6.8666666666667977,-0.00039854351793065887
6.8750000000001315,-0.00097700951359211093
6.8833333333334652,-0.00044568569018069729
6.8916666666667989,0.00015436158163696358
6.9000000000001327,-0.00035661652750171378
6.9083333333334664,-0.001979281547639938
6.9166666666668002,-0.0036742034624827552
6.9250000000001339,-0.004263281075107885
6.9333333333334677,-0.0037475045337809535
6.9416666666668014,-0.0021262016639026077
6.9500000000001352,-0.00043879749696397284
6.9583333333334689,0.00013659091656610317
6.9666666666668027,-0.00039907037846198263
6.9750000000001364,-0.0010047211599102863
6.9833333333334702,-0.00050062114304188414
6.9916666666668039,0.0011138816009670658
7.0000000000001377,0.0027993445482777518
7.0083333333334714,0.0033776493493859216
7.0166666666668052,0.0028497691959041573
7.0250000000001389,0.0012150144668953583
7.0333333333334727,-0.0004872066424875076
7.0416666666668064,-0.0010787982556859407
7.0500000000001402,-0.00056075151197793136
7.0583333333334739,0.0010676064890607594
7.0666666666668077,0.0027668540161182092
7.0750000000001414,0.0033588932922312279
7.0833333333334751,0.0028447181292299843
7.0916666666668089,0.0012236595186604535
7.1000000000001426,-0.00046485379398433974
7.1083333333334764,-0.0010427053810357014
7.1166666666668101,-0.0005108657548641021
7.1250000000001439,8.9599552020489236e-05
7.1333333333334776,-0.00042105763187224622
7.1416666666668114,-0.0020434983017764202
7.1500000000001451,-0.0037382921620933208
7.1583333333334789,-0.0043273380844123894
7.1666666666668126,-0.0038116262249595191
7.1750000000001464,-0.0021904844526733683
7.1833333333334801,-0.00050333776412098586
7.1916666666668139,7.1696522377066746e-05
7.2000000000001476,-0.00046441613421156856
7.2083333333334814,-0.0010706161978452477
7.2166666666668151,-0.0005671642609739344
7.2250000000001489,0.0010465906878706582
7.2333333333334826,0.0027312050210983518
7.2416666666668164,0.0033085589305971719
7.2500000000001501,0.0027796241203168607
7.2583333333334838,0.0011437094437873531
7.2666666666668176,-0.00055977842505209035
7.2750000000001513,-0.0011527454780258602
7.2833333333334851,-0.00063618498134852645
7.2916666666668188,0.0009905737994524203
7.3000000000001526,0.0026881067608652623
7.3083333333334863,0.0032783133449367369
7.3166666666668201,0.0027621845395792771
7.3250000000001538,0.0011390484680681187
7.3333333333334876,-0.00055166898348145248
7.3416666666668213,-0.0011318546543255714
7.3500000000001551,-0.00060248263231029223
7.3583333333334888,0.0010371370087309791
7.3666666666668226,0.0027475994384517873
7.3750000000001563,0.0033508236381743729
7.3833333333334901,0.0028478202177274425
7.3916666666668238,0.001237936964817639
7.4000000000001576,-0.00043938062973968885
7.4083333333334913,-0.001005999357581262
7.4166666666668251,-0.00046287286278979644
7.4250000000001588,0.00014895020560496582
7.4333333333334926,-0.00035026132084433795
7.4416666666668263,-0.0019611513427624586
7.45000000000016,-0.0036442721798912656
7.4583333333334938,-0.0042215048315560316
7.4666666666668275,-0.0036938215966562963
7.4750000000001613,-0.0020605324259569627
7.483333333333495,-0.00036104460878086045
7.4916666666668288,0.00022654280029595785
7.5000000000001625,-0.00029678580697101371
7.5083333333334963,-0.00088995171481429732
7.51666666666683,-0.00037319584223293828
7.5250000000001638,0.0012541526163868811
7.5333333333334975,0.0029526703821429068
7.5416666666668313,0.0035442591166084743
7.550000000000165,0.0030299121167242974
7.5583333333334988,0.0014089599604639818
7.5666666666668325,-0.00027916905097754435
7.5750000000001663,-0.00085635803323603175
7.5833333333335,-0.00032357634565257753
7.5916666666668338,0.00027811172149364791
7.6000000000001675,-0.00023104024349426431
7.6083333333335013,-0.0018516911384002179
7.616666666666835,-0.0035444078299443882
7.6250000000001688,-0.0041310853069361393
7.6333333333335025,-0.0036127099937285261
7.6416666666668362,-0.0019886059180387705
7.65000000000017,-0.00029819447620813418
7.6583333333335037,0.00028041155567618242
7.6666666666668375,-0.00025181683516514855
7.6750000000001712,-0.00085381427788884837
7.683333333333505,-0.00034583491067211546
7.6916666666668387,0.0012727788859370724
7.7000000000001725,0.00296259073337645
7.7083333333335062,0.0035454892741476917
7.71666666666684,0.0030224547466601486
7.7250000000001737,0.0013928046693723693
7.7333333333335075,-0.00030404567188428017
7.7416666666668412,-0.00088999245697367953
7.750000000000175,-0.00036601819928190247
7.7583333333335087,0.0012685587272414072
7.7666666666668425,0.0029743258829943837
7.7750000000001762,0.0035731958604969766
7.78333333333351,0.0030661729244064778
7.7916666666668437,0.0014525986378828445
7.8000000000001775,-0.0002280877597734559
7.8083333333335112,-0.00079775826057451073
7.816666666666845,-0.00025737090669562834
7.8250000000001787,0.0003520213691084092
7.8333333333335124,-0.00014931630788021718
7.8416666666668462,-0.0017620311896898136
7.8500000000001799,-0.0034466781896122611
7.8583333333335137,-0.0040251398350126064
7.8666666666668474,-0.0034983901056673873
7.8750000000001812,-0.0018657405246674317
7.8833333333335149,-0.00016660013773936921
7.8916666666668487,0.00042093117809725622
7.9000000000001824,-0.00010216209926691293
7.9083333333335162,-0.0017365598745902806
7.9166666666668499,-0.0034428495514346384
7.9250000000001837,-0.0040429460771015243
7.9333333333335174,-0.0035378559759771063
7.9416666666668512,-0.0019269233299090169
7.9500000000001849,-0.00024958958548811251
7.9583333333335187,0.00031601278381306557
7.9666666666668524,-0.00022916468114813132
7.9750000000001862,-0.0008440760263691867
7.9833333333335199,-0.00034899474559976887
7.9916666666668537,0.0012567174387387321
8.0000000000001865,0.0029336048010708197
8.0083333333335194,0.0035035365250947669
8.0166666666668522,0.0029674733271540694
8.0250000000001851,0.0013247131787145568
8.033333333333518,-0.00038534810680306778
8.0416666666668508,-0.00098462647096039216
8.0500000000001837,-0.00047412449109696228
8.0583333333335165,0.001146819342705939
8.0666666666668494,0.0028387721600259073
8.0750000000001823,0.003423625450032693
8.0833333333335151,0.0029023622834895976
8.091666666666848,0.0012743029448480739
8.1000000000001808,-0.00042113449985373803
8.1083333333335137,-0.0010058440334601067
8.1166666666668466,-0.00048080641583927032
8.1250000000001794,0.0011546616723195026
8.1333333333335123,0.0028611491420804432
8.1416666666668451,0.0034605693324906519
8.150000000000178,0.0029539272352673051
8.1583333333335109,0.0013405650790694857
8.1666666666668437,-0.00034007720245231234
8.1750000000001766,-0.00090987144937550949
8.1833333333335094,-0.00036977598421037881
8.1916666666668423,0.00023915591148274319
8.2000000000001751,-0.00026281130059721395
8.208333333333508,-0.0018763257229050417
8.2166666666668409,-0.003561943542427407
8.2250000000001737,-0.0041415491773768558
8.2333333333335066,-0.0036161184270183428
8.2416666666668394,-0.0019849646985332838
8.2500000000001723,-0.00028749880548256104
8.2583333333335052,0.00029817704364600245
8.266666666666838,-0.00022695555971962849
8.2750000000001709,-0.0008218206082606863
8.2833333333335037,-0.00030666152993747309
8.2916666666668366,0.0013191900299010292
8.3000000000001695,0.003016308546191429
8.3083333333335023,0.0036065937768313514
8.3166666666668352,0.0030910371142207167
8.325000000000168,0.0014689672657048898
8.3333333333335009,-0.00022018935194214923
8.3416666666668338,-0.00079831744417576832
8.3500000000001666,-0.00026638772784336233
8.3583333333334995,0.0003345341854566065
8.3666666666668323,-0.00017529927711224517
8.3750000000001652,-0.001796548081319302
8.3833333333334981,-0.003489779954023609
8.3916666666668309,-0.0040768904486663858
8.4000000000001638,-0.0035588665938132459
8.4083333333334966,-0.0019350329914742666
8.4166666666668295,-0.00024481166258067907
8.4250000000001624,0.00033368424850307711
8.4333333333334952,-0.00019857439005515538
8.4416666666668281,-0.00080052225857897704
8.4500000000001609,-0.00029241339324854651
8.4583333333334938,0.0013264099752282486
8.4666666666668267,0.0030165117827532801
8.4750000000001595,0.0035997812710402972
8.4833333333334924,0.0030771992827085654
8.4916666666668252,0.0014480839702590361
8.5000000000001581,-0.0002481487648641616
8.508333333333491,-0.00083339421988432765
8.5166666666668238,-0.00030863380785453451
8.5250000000001567,0.001326815227235299
8.5333333333334895,0.003033541752601628
8.5416666666668224,0.0036334599802091442
8.5500000000001553,0.003127575803480919
8.5583333333334881,0.0015152324476518891
8.566666666666821,-0.00016412921500372747
8.5750000000001538,-0.00073237924607063014
8.5833333333334867,-0.00019047350385976343
8.5916666666668196,0.00042053731066383538
8.6000000000001524,-7.907925776984012e-05
8.6083333333334853,-0.0016899679386659476
8.6166666666668181,-0.0033726808685199798
8.625000000000151,-0.0039490974061878337
8.6333333333334838,-0.0034201883919055863
8.6416666666668167,-0.001785262166900775
8.6500000000001496,-8.3724669509351523e-05
8.6583333333334824,0.00050632770755125857
8.6666666666668153,-1.4116706379338484e-05
8.6750000000001481,-0.001645733919952861
8.683333333333481,-0.0033491071250183755
8.6916666666668139,-0.0039461465587933573
8.7000000000001467,-0.0034378540638749702
8.7083333333334796,-0.0018235689861244788
8.7166666666668124,-0.00014272814099332672
8.7250000000001453,0.00042654110569820053
8.7333333333334782,-0.0001148041192828501
8.741666666666811,-0.00072571213742973143
8.7500000000001439,-0.00022645038669327804
8.7583333333334767,0.0013836255802059804
8.7666666666668096,0.0030650665866865157
8.7750000000001425,0.0036397490454073591
8.7833333333334753,0.0031086409274209284
8.7916666666668082,0.001471047534222061
8.800000000000141,-0.00023362805216233992
8.8083333333334739,-0.00082729380671680197
8.8166666666668068,-0.00031094375559957856
8.8250000000001396,0.0013160922456155371
8.8333333333334725,0.0030143904479719187
8.8416666666668053,0.0036058523715926348
8.8500000000001382,0.0030914711766641639
8.8583333333334711,0.0014705773381522827
8.8666666666668039,-0.00021740096552475067
8.8750000000001368,-0.00079434667455814353
8.8833333333334696,-0.00026122873052794907
8.8916666666668025,0.00034088903343083843
8.9000000000001354,-0.00016773916348149765
8.9083333333334682,-0.0017877714866416862
8.9166666666668011,-0.0034797738339596195
8.9250000000001339,-0.0040656398787784548
8.9333333333334668,-0.0035463547687617069
8.9416666666667997,-0.0019212412185583407
8.9500000000001325,-0.000229719380594901
8.9583333333334654,0.00035009952927858497
8.9666666666667982,-0.00018081162498134715
8.9750000000001311,-0.00078138550606043401
8.983333333333464,-0.00027187408122503041
8.9916666666667968,0.0013483825051526011
9.0000000000001297,0.0030399503392461755
9.0083333333334625,0.0036247209328997909
9.0166666666667954,0.003103677406257182
9.0250000000001283,0.0014761402032959705
9.0333333333334611,-0.000218472499919605
9.041666666666794,-0.00080205359536558208
9.0500000000001268,-0.00027558197469809654
9.0583333333334597,0.0013616276561064166
9.0666666666667926,0.003070166805746637
9.0750000000001254,0.0036719525176866982
9.0833333333334583,0.0031679935262423306
9.0916666666667911,0.0015576359191294153
9.100000000000124,-0.00011967659669702827
9.1083333333334568,-0.00068581105161173402
9.1166666666667897,-0.00014172009463185337
9.1250000000001226,0.00047154882083652892
9.1333333333334554,-2.5733375915832424e-05
9.1416666666667883,-0.0016342079583164123
9.1500000000001211,-0.003314423417743172
9.158333333333454,-0.0038882551629587153
9.1666666666667869,-0.0033566700966467323
9.1750000000001197,-0.0017189725885375037
9.1833333333334526,-1.4564664934905075e-05
9.1916666666667854,0.00057846150167963572
9.2000000000001183,6.1098759297196424e-05
9.2083333333334512,-0.0015673243441086386
9.216666666666784,-0.0032673861823169035
9.2250000000001169,-0.0038609917440390134
9.2333333333334497,-0.0033491376347657802
9.2416666666667826,-0.0017311579155202185
9.2500000000001155,-4.6484202487829032e-05
9.2583333333334483,0.000526761763721466
9.2666666666667812,-1.045684760511825e-05
9.275000000000114,-0.00061708220350411994
9.2833333333334469,-0.00011337528877820395
9.2916666666667798,0.0015013149166620045
9.3000000000001126,0.0031875461771532789
9.3083333333334455,0.0037672024827701206
9.3166666666667783,0.0032412593890749795
9.3250000000001112,0.0016090298528805222
9.3333333333334441,-9.0075473556862541e-05
9.3416666666667769,-0.00067795634490321608
9.3500000000001098,-0.000155597987633598
9.3583333333334426,0.001477678621200217
9.3666666666667755,0.0031824591084687569
9.3750000000001084,0.0037806552478455231
9.3833333333334412,0.0032732704747085446
9.3916666666667741,0.0016596456367470502
9.4000000000001069,-2.0780838064337831e-05
9.4083333333334398,-0.00058988075729859014
9.4166666666667727,-4.8611132276076065e-05
9.4250000000001055,0.00056197630390365599
9.4333333333334384,6.2148466712179973e-05
9.4416666666667712,-0.0015487398056263947
9.4500000000001041,-0.0032312405909248809
9.458333333333437,-0.0038072324353719605
9.4666666666667698,-0.0032776854202491656
9.4750000000001027,-0.0016419070495515969
9.4833333333334355,6.0697478367512762e-05
9.4916666666667684,0.0006520331992503224
9.5000000000001013,0.0001330904932813156
9.5083333333334341,-0.0014968045215574713
9.516666666666767,-0.0031982324060735022
9.5250000000000998,-0.0037930999617802842
9.5333333333334327,-0.0032824056316525245
9.5416666666667656,-0.0016654852770741839
9.5500000000000984,1.8227648408340272e-05
9.5583333333334313,0.00059060988580841671
9.5666666666667641,5.2623364770222763e-05
9.575000000000097,-0.00055467525999627811
9.5833333333334298,-5.1547971832270392e-05
9.5916666666667627,0.0015626553293417408
9.6000000000000956,0.0032484916961285182
9.6083333333334284,0.0038278447326106982
9.6166666666667613,0.0033016895903048358
9.6250000000000941,0.0016693388553138384
9.633333333333427,-2.9797223964202354e-05
9.6416666666667599,-0.0006176185141108766
9.6500000000000927,-9.5110099534866869e-05
9.6583333333334256,0.0015384072161089026
9.6666666666667584,0.003243519435593882
9.6750000000000913,0.0038421390350096831
9.6833333333334242,0.003335270140620409
9.691666666666757,0.0017222543249580714
9.7000000000000899,4.2530698457689798e-05
9.7083333333334227,-0.0005257715668393854
9.7166666666667556,1.6391766984447117e-05
9.7250000000000885,0.00062797027962976221
9.7333333333334213,0.00012923238482005195
9.7416666666667542,-0.001480465499787008
9.750000000000087,-0.0031616736480112135
9.7583333333334199,-0.003736268435737251
9.7666666666667528,-0.0032052177840344561
9.7750000000000856,-0.0015678269974326144
9.7833333333334185,0.00013650087946116574
9.7916666666667513,0.00072967338906839623
9.8000000000000842,0.00021268373219094955
9.8083333333334171,-0.0014151391118573471
9.8166666666667499,-0.0031143725815431077
9.8250000000000828,-0.0037069199141392408
9.8333333333334156,-0.0031937759895288402
9.8416666666667485,-0.0015742730581000974
9.8500000000000814,0.00011215897621744494
9.8583333333334142,0.00068740083257189349
9.8666666666667471,0.00015241880778353822
9.8750000000000799,-0.00045172598989033137
9.8833333333334128,5.4709191072707861e-05
9.8916666666667457,0.0016723793223705264
9.9000000000000785,0.0033618466984073488
9.9083333333334114,0.0039450007617249207
9.9166666666667442,0.0034228224784949917
9.9250000000000771,0.0017946303147181506
9.93333333333341,9.9840294376537001e-05
9.9416666666667428,-0.00048344108749419747
9.9500000000000757,4.3808003108237596e-05
9.9583333333334085,0.00064051477165349817
9.9666666666667414,0.00012692533730748585
9.9750000000000743,-0.0014976261496388438
9.9833333333334071,-0.0031937122382420849
9.99166666666674,-0.0037832317089631145
10.000000000000073,-0.0032671749571023092
10.008333333333406,-0.0016448697898164063
10.016666666666739,4.4258356372710661e-05
10.025000000000071,0.00062209431738678136
10.033333333333404,8.9608220878190941e-05
10.041666666666737,-0.00051213504758049341
10.05000000000007,-3.3891374155567617e-06
10.058333333333403,0.0016165044356056197
10.066666666666736,0.0033081112750451432
10.075000000000069,0.0038933238395355619
10.083333333333401,0.0033731261454380216
10.091666666666734,0.0017468396807996478
10.100000000000067,5.3883517228779011e-05
10.1083333333334,-0.00052763303996894114
10.116666666666733,1.3144487578932939e-06
10.125000000000066,0.00059965575089471798
10.133333333333399,8.7639426990372211e-05
10.141666666666731,-0.0015353979809523658
10.150000000000064,-0.0032300267619929731
10.158333333333397,-0.0038181436346554987
10.16666666666673,-0.0033007369162106879
10.175000000000063,-0.00167713235473083
10.183333333333396,1.3246685300355852e-05
10.191666666666729,0.00059228695153695961
10.200000000000061,6.0960350336070442e-05
10.208333333333394,-0.00053966648000937291
10.216666666666727,-2.9845517522640136e-05
10.22500000000006,0.0015910833558796123
10.233333333333393,0.00328368728624462
10.241666666666726,0.0038698601414247835
10.250000000000059,0.0033505873611331463
10.258333333333391,0.0017251918440093692
10.266666666666724,3.3094082807516708e-05
10.275000000000057,-0.00054759530365279801
10.28333333333339,-1.7850653867160381e-05
10.291666666666723,0.0005812590026751369
10.300000000000056,6.9983375136769573e-05
10.308333333333389,-0.0015523398691169661
10.316666666666721,-0.0032462799535333585
10.325000000000054,-0.0038337326197682145
10.333333333333387,-0.0033156852001588097
10.34166666666672,-0.0016914624663024428
10.350000000000053,-4.8680024623980645e-07
10.358333333333386,0.0005791294567337133
10.366666666666719,4.8359062613009886e-05
10.375000000000052,-0.00055173050444349235
10.383333333333384,-4.1390418368551793e-05
10.391666666666717,0.0015800402268838177
10.40000000000005,0.0032731293257045753
10.408333333333383,0.0038597714365407282
10.416666666666716,0.0033409526958058785
10.425000000000049,0.0017159966933674769
10.433333333333382,2.4324617231764742e-05
10.441666666666714,-0.00055595226449472557
10.450000000000047,-2.5807679527515859e-05
10.45833333333338,0.00057368994568825758
10.466666666666713,6.2790900753207632e-05
10.475000000000046,-0.0015591665763201828
10.483333333333379,-0.0032527511627621283
10.491666666666712,-0.0038398580895600957
10.500000000000044,-0.0033214741746273274
10.508333333333377,-0.0016969236784456837
10.51666666666671,-5.6284700440086878e-06
10.525000000000043,0.00057429959475126095
10.533333333333376,4.3833736900372508e-05
10.541666666666709,-0.00055595810672311749
10.550000000000042,-4.5326664219252455e-05
10.558333333333374,0.0015763894105841805
10.566666666666707,0.0032697584387463181
10.57500000000004,0.0038566753866163921
10.583333333333373,0.0033381268010854032
10.591666666666706,0.0017134366808438653
10.600000000000039,2.2026623146944007e-05
10.608333333333372,-0.00055799170802791026
10.616666666666704,-2.7591654804127235e-05
10.625000000000037,0.00057215874022468701
10.63333333333337,6.1510145405066702e-05
10.641666666666703,-0.0015601988246651379
10.650000000000036,-0.0032535364749649324
10.658333333333369,-0.003840397669084874
10.666666666666702,-0.0033217688560066897
10.675000000000034,-0.0016969739275313096
10.683333333333367,-5.4343851253798995e-06
10.6916666666667,0.00057473828172355506
10.700000000000033,4.4517660816441275e-05
10.708333333333366,-0.00055502794351587603
10.716666666666699,-4.4148890045373271e-05
10.725000000000032,0.0015778165376686385
10.733333333333364,0.003271437035028637
10.741666666666697,0.0038586079510490598
10.75000000000003,0.0033403162160806701
10.758333333333363,0.0017158862133871808
10.766666666666696,2.4739921963399066e-05
10.775000000000029,-0.00055501060175955754
10.783333333333362,-2.4338296112054876e-05
10.791666666666694,0.00057568920320975544
10.800000000000027,6.5322980600321492e-05
10.80833333333336,-0.0015560979291462714
10.816666666666693,-0.0032491413977966612
10.825000000000026,-0.003835701833012278
10.833333333333359,-0.0033167652275929204
10.841666666666692,-0.0016916550145136204
10.850000000000025,2.0775874610478391e-07
10.858333333333357,0.00058071208099732879
10.86666666666669,5.083204208581334e-05
10.875000000000023,-0.0005483635457430166
10.883333333333356,-3.712451559012198e-05
10.891666666666689,0.001585211382839372
10.900000000000022,0.003279213402982368
10.908333333333355,0.0038667774925061566
10.916666666666687,0.0033488911798955231
10.92500000000002,0.0017248794511264313
10.933333333333353,3.4164879967471293e-05
10.941666666666686,-0.00054513984088549398
10.950000000000019,-1.4006973367479528e-05
10.958333333333352,0.00058649653320870976
10.966666666666685,7.6622478793660182e-05
10.975000000000017,-0.0015442893732986445
10.98333333333335,-0.0032368061279008692
10.991666666666683,-0.0038228213612234991
11.000000000000016,-0.0033033202353541986
11.008333333333349,-0.0016776253453584628
11.016666666666682,1.4843087765646916e-05
11.025000000000015,0.000595974944474961
11.033333333333347,6.6745267988088371e-05
11.04166666666668,-0.00053177616148668728
11.050000000000013,-1.9838164344553207e-05
11.058333333333346,0.0016032225432196776
11.066666666666679,0.003297976307920716
11.075000000000012,0.0038863202692269246
11.083333333333345,0.003369243144966518
11.091666666666677,0.0017460711213843907
11.10000000000001,5.62279540935564e-05
11.108333333333343,-0.00052217238411068185
11.116666666666676,9.8992195057113585e-06
11.125000000000009,0.00061137721394322346
11.133333333333342,0.00010251486513296536
11.141666666666675,-0.0015173465682227735
11.150000000000007,-0.0032087726082189768
11.15833333333334,-0.0037936551015944047
11.166666666666673,-0.0032729774824963999
11.175000000000006,-0.0016460606017813068
11.183333333333339,4.7677039403734545e-05
11.191666666666672,0.00063012718858704503
11.200000000000005,0.00010226689368737134
11.208333333333337,-0.00049483202897011565
11.21666666666667,1.8583735934646239e-05
11.225000000000003,0.0016431796555757387
11.233333333333336,0.0033395283943373267
11.241666666666669,0.0039295296281059199
11.250000000000002,0.003414174603744971
11.258333333333335,0.0017927920606992714
11.266666666666667,0.00010480826543946364
11.275,-0.000471660082025936
11.283333333333333,6.2419068713854986e-05
11.291666666666666,0.0006659831588339192
11.299999999999999,0.00015928859576479665
11.308333333333332,-0.0014583201584174544
11.316666666666665,-0.0031474052341286902
11.324999999999998,-0.0037298547659182029
11.33333333333333,-0.0032066484759044182
11.341666666666663,-0.0015771034673815792
11.349999999999996,0.00011936545744519074
11.358333333333329,0.00070465406796065303
11.366666666666662,0.00017974372979185954
11.374999999999995,-0.0014560484274694857
11.383333333333328,-0.0031633117983457261
11.39166666666666,-0.0037639618144720203
11.399999999999993,-0.0032590055849228117
11.408333333333326,-0.0016477876224784637
11.416666666666659,3.0249984030275722e-05
11.424999999999992,0.00059697544755825253
11.433333333333325,5.334222788023491e-05
11.441666666666658,-0.00055960148865652687
11.44999999999999,-6.2126150135742076e-05
11.458333333333323,0.0015464098779920561
11.466666666666656,0.0032265551460696879
11.474999999999989,0.0038001846541226144
11.483333333333322,0.0032682649263383653
11.491666666666655,0.0016300999053968719
11.499999999999988,-7.4908753857740469e-05
11.50833333333332,-0.00066866967856508779
11.516666666666653,-0.00015217689728113119
11.524999999999986,0.0014752398144980148
11.533333333333319,0.0031741572967926902
11.541666666666652,0.0037664785086009775
11.549999999999985,0.003253198042032255
11.558333333333318,0.001633647892406579
11.56666666666665,-5.2742322123779545e-05
11.574999999999983,-0.00062785332055667858
11.583333333333316,-9.2651152715749434e-05
11.591666666666649,0.00051180337058781436
11.599999999999982,5.7679639750383841e-06
11.608333333333315,-0.0016114117949876251
11.616666666666648,-0.0033002974392066136
11.62499999999998,-0.0038827773217769051
11.633333333333313,-0.0033598313418383317
11.641666666666646,-0.0017307768639137466
11.649999999999979,-3.5028860195488492e-05
11.658333333333312,0.00054930752927581791
11.666666666666645,2.321210824237537e-05
11.674999999999978,-0.0016139996363612307
11.68333333333331,-0.0033229192712625872
11.691666666666643,-0.0039254652533993713
11.699999999999976,-0.0034226476854620643
11.708333333333309,-0.001813814163302863
11.716666666666642,-0.00013840973438250976
11.724999999999975,0.00042543007314245089
11.733333333333308,-0.00012134574816607746
11.74166666666664,-0.00073769366105401371
11.749999999999973,-0.00024388926398855788
11.758333333333306,0.0013607037205744194
11.766666666666639,0.0030366278918976014
11.774999999999972,0.0036057513045535368
11.783333333333305,0.0030690335459540117
11.791666666666638,0.0014257715145560071
11.799999999999971,-0.00028464006982862819
11.808333333333303,-0.00088411774554042336
11.816666666666636,-0.00037366429894781546
11.824999999999969,0.0012473816232516787
11.833333333333302,0.0029395872909880006
11.841666666666635,0.0035248448657896106
11.849999999999968,0.003004138113392557
11.858333333333301,0.0013767880686926842
11.866666666666633,-0.0003177864726649216
11.874999999999966,-0.00090147826646181902
11.883333333333299,-0.00037526645654639842
11.891666666666632,0.0012615339470832493
11.899999999999965,0.0029695138396651525
11.908333333333298,0.0035705891157469553
11.916666666666631,0.0030657673518229701
11.924999999999963,0.0014543934219872772
11.933333333333296,-0.00022409013416194954
11.941666666666629,-0.00079155200740743735
11.949999999999962,-0.00024894692491164244
11.958333333333295,0.00036267550082788835
11.966666666666628,-0.00013641626246982088
11.974999999999961,-0.0017468661107080852
11.983333333333293,-0.003429225552963616
11.991666666666626,-0.0040053736240371644
11.999999999999959,-0.0034762808083218851
12.008333333333292,-0.0018412551222445478
12.016666666666625,-0.00013970213647742394
12.024999999999958,0.00045028185422670366
12.033333333333291,-7.0314972489336595e-05
12.041666666666623,-0.0017021688059840553
12.049999999999956,-0.0034058632185577919
12.058333333333289,-0.004003309132807914
12.066666666666622,-0.0034955090528530045
12.074999999999955,-0.0018818030177403214
12.083333333333288,-0.00020162848491180564
12.091666666666621,0.00036688626318312191
12.099999999999953,-0.00017530282735571127
12.108333333333286,-0.00078714533000828367
12.116666666666619,-0.00028891010924424155
12.124999999999952,0.0013200457937646052
12.133333333333285,0.0030002715178466819
12.141666666666618,0.0035736414521405986
12.149999999999951,0.0030411215391091145
12.158333333333283,0.001402015015204441
12.166666666666616,-0.00030427707451299732
12.174999999999949,-0.00089966507357592521
12.183333333333282,-0.00038514565316784147
12.191666666666615,0.0012399486480186128
12.199999999999948,0.0029361911716202825
12.208333333333281,0.0035254801197436942
12.216666666666613,0.0030088053168888149
12.224999999999946,0.0013854938578328566
12.233333333333279,-0.00030502942247132145
12.241666666666612,-0.00088465121176212766
12.249999999999945,-0.00035434453966128428
12.258333333333278,0.00024482261619201783
12.266666666666611,-0.00026689992665611379
12.274999999999944,-0.0018901748890332699
12.283333333333276,-0.0035855730984088786
12.291666666666609,-0.0041749937210609194
12.299999999999942,-0.0036594273443842666
12.308333333333275,-0.0020382021840000195
12.316666666666608,-0.00035074375925410245
12.324999999999941,0.00022483080862019774
12.333333333333274,-0.00031051208113794026
12.341666666666606,-0.00091571172469814008
12.349999999999939,-0.00041102709814399435
12.358333333333272,0.0012041945303399313
12.366666666666605,0.0028905116999460041
12.374999999999938,0.003469807601430553
12.383333333333271,0.0029430569944062044
12.391666666666604,0.0013095718764850166
12.399999999999936,-0.00039123795296778992
12.408333333333269,-0.00098127455378474297
12.416666666666602,-0.00046152664876454607
12.424999999999935,0.0011686811303043998
12.433333333333268,0.0028699298027031707
12.441666666666601,0.0034641248802542981
12.449999999999934,0.0029522635063017025
12.458333333333266,0.001333680061892345
12.466666666666599,-0.00035219334201374544
12.474999999999932,-0.00092723638449328791
12.483333333333265,-0.00039241526945130628
12.491666666666598,0.0002112088297559727
12.499999999999931,-0.00029610757498420065
